0006 0.1436319798231125 453.10 910.86 772.04 665.97 820.57 729.18 501.64 974.08
0183 0.3494357168674469 306.51 141.16 568.52 257.23 529.68 344.91 267.67 228.85
0183 0.34726589918136597 406.62 491.53 462.57 452.47 605.50 657.19 549.56 696.25
0188 0.18948893249034882 153.81 -5.24 298.79 34.29 214.33 344.02 69.35 304.48
0188 0.0595371276140213 181.72 653.19 335.10 545.58 385.93 618.03 232.55 725.64
0189 0.5316936373710632 644.52 242.64 850.45 343.76 812.10 421.85 606.17 320.73
0002 0.23154789209365845 536.64 638.48 755.13 697.69 722.83 816.88 504.34 757.68
0099 0.06651172786951065 176.47 643.70 433.70 687.43 421.62 758.50 164.39 714.76
0185 0.1193426176905632 845.22 48.82 899.91 35.97 965.78 316.21 911.09 329.06
0185 0.09200625866651535 43.15 753.85 260.81 796.77 240.74 898.51 23.09 855.59
0095 0.14197535812854767 777.62 794.14 1020.20 850.39 999.55 939.44 756.97 883.19
0181 0.19472958147525787 703.59 639.42 827.68 520.55 939.67 637.46 815.58 756.33
0037 0.11452151834964752 376.56 918.81 628.10 956.71 617.36 1027.97 365.83 990.07
0096 0.13624566793441772 345.98 339.06 904.39 522.11 880.24 595.79 321.83 412.74
0096 0.07136093080043793 495.56 605.36 701.76 774.37 638.78 851.20 432.58 682.20
0010 0.5941444039344788 666.18 687.81 944.92 901.77 898.09 962.78 619.35 748.83
0010 0.4410412311553955 745.30 622.63 1011.18 843.86 958.43 907.25 692.55 686.02
0010 0.09676244109869003 -11.77 68.55 278.62 235.98 250.13 285.40 -40.26 117.98
0024 0.08744562417268753 205.72 86.69 281.97 19.87 374.55 125.52 298.30 192.34
0155 0.06549735367298126 55.50 659.23 328.56 598.87 337.51 639.32 64.44 699.68
0025 0.2544390559196472 -6.98 706.17 276.81 864.61 250.27 912.15 -33.53 753.71
0161 0.775471568107605 375.51 482.05 694.30 637.45 659.75 708.35 340.95 552.95
0161 0.22329209744930267 355.52 426.62 778.13 559.20 755.35 631.81 332.74 499.23
0161 0.08027853071689606 500.62 885.60 803.80 954.66 784.88 1037.70 481.70 968.64
0161 0.052226003259420395 629.95 816.27 981.46 903.91 951.87 1022.61 600.36 934.97
0053 0.13705575466156006 363.21 404.40 604.99 299.60 632.64 363.39 390.86 468.19
0053 0.06722253561019897 389.81 962.94 608.04 839.97 637.25 891.80 419.02 1014.77
0020 0.0533764623105526 230.07 753.15 358.88 876.96 279.66 959.38 150.85 835.57
0054 0.0884551927447319 -25.53 408.92 180.51 212.26 235.82 270.20 29.78 466.87
0059 0.1940656155347824 360.28 536.43 633.52 454.91 652.10 517.17 378.85 598.68
0048 0.315729558467865 954.79 617.25 1023.38 678.89 816.04 909.64 747.45 848.00
0159 0.3995925784111023 811.11 826.11 1055.09 928.40 1024.73 1000.81 780.75 898.52
0049 0.14700151979923248 328.36 803.27 603.68 700.93 625.88 760.67 350.57 863.01
0063 0.16373783349990845 760.37 148.06 1021.88 47.29 1043.65 103.78 782.14 204.55
0073 0.5801169872283936 477.48 88.34 657.19 227.94 603.31 297.31 423.59 157.71
0064 0.09393057972192764 11.82 164.94 228.55 28.14 264.13 84.50 47.39 221.30
0118 0.23091550171375275 201.52 583.71 510.72 689.48 493.03 741.22 183.82 635.45
0069 0.2564897835254669 441.62 832.91 810.73 908.55 797.54 972.91 428.43 897.27
0069 0.14962352812290192 239.02 642.32 451.25 794.80 411.93 849.52 199.70 697.04
0123 0.08702550083398819 651.24 353.31 917.09 258.29 935.28 309.19 669.43 404.21
0065 0.08627622574567795 755.12 92.94 825.34 64.56 906.76 266.03 836.54 294.41
0080 0.1375160813331604 631.82 169.23 926.44 202.03 919.37 265.53 624.74 232.73
0071 0.4840858280658722 62.42 457.76 237.42 626.16 174.55 691.49 -0.45 523.09
0071 0.21105876564979553 140.50 768.31 201.70 730.32 429.08 1096.59 367.89 1134.58
0071 0.12920433282852173 60.29 150.86 228.78 279.31 134.50 402.98 -33.99 274.53
0071 0.11049754917621613 489.84 376.89 544.30 340.94 674.80 538.65 620.33 574.60
0126 0.058602895587682724 609.29 -16.77 699.60 -0.74 655.89 245.67 565.58 229.65
0147 0.3748584985733032 554.32 679.20 879.89 556.38 906.17 626.05 580.60 748.87
0163 0.7843604683876038 335.95 141.12 729.10 212.11 713.05 301.00 319.90 230.01
0163 0.12283843755722046 324.65 105.95 679.16 68.10 685.90 131.29 331.39 169.13
0163 0.06960291415452957 558.75 94.35 983.32 322.79 945.82 392.49 521.25 164.04
0148 0.1878184676170349 129.59 310.08 444.24 129.59 484.08 199.04 169.43 379.54
0148 0.11926163733005524 155.99 676.24 392.01 648.55 401.99 733.65 165.98 761.35
0164 0.16404658555984497 277.23 709.15 372.40 740.99 273.70 1035.98 178.53 1004.13
0165 0.07896910607814789 146.14 766.13 296.68 788.82 281.03 892.68 130.49 869.99
0017 0.07992181926965714 293.15 685.61 360.42 742.46 136.75 1007.12 69.48 950.26
0107 0.15416407585144043 23.85 829.85 294.69 716.73 327.42 795.10 56.58 908.21
0022 0.20088066160678864 589.89 346.37 765.71 490.58 697.00 574.36 521.18 430.15
0108 0.14139051735401154 415.35 437.14 686.77 371.17 698.32 418.72 426.91 484.69
0029 0.16154800355434418 799.60 401.34 1050.20 479.25 1029.96 544.37 779.35 466.46
0112 0.0567445382475853 512.04 531.58 808.19 433.65 828.81 495.99 532.66 593.92
0030 0.3706473410129547 178.84 61.21 463.48 303.20 416.04 359.00 131.40 117.02
0030 0.10103588551282883 779.21 7.45 1060.64 105.63 1044.73 151.24 763.30 53.07
