0192 0.4121224284172058 563.00 839.17 662.45 763.87 677.77 784.10 578.32 859.40
0182 0.48487526178359985 689.98 877.37 749.88 849.07 757.44 865.06 697.54 893.36
0182 0.4392428994178772 961.53 75.21 977.93 58.90 1037.11 118.39 1020.72 134.70
0013 0.134904146194458 376.73 365.62 451.81 366.01 451.68 391.36 376.60 390.97
0018 0.05124489217996597 796.51 869.95 812.16 877.64 777.78 947.68 762.13 940.00
0187 0.267284095287323 695.45 72.38 745.82 49.51 753.51 66.45 703.13 89.32
0197 0.5984705090522766 323.07 570.30 346.45 559.60 393.99 663.55 370.61 674.25
0197 0.24465888738632202 776.58 241.82 795.14 242.22 793.43 321.28 774.86 320.88
0097 0.2536005973815918 549.32 95.33 613.35 121.37 602.37 148.38 538.34 122.34
0097 0.1210198625922203 208.89 431.81 298.87 444.79 294.70 473.71 204.72 460.73
0097 0.09489896893501282 803.50 399.05 881.35 474.02 864.79 491.21 786.95 416.24
0097 0.06508850306272507 375.36 337.17 486.05 364.87 481.32 383.79 370.62 356.10
0193 0.20851552486419678 845.21 32.51 877.71 41.83 839.52 175.06 807.02 165.75
0019 0.30100885033607483 994.50 757.95 1018.84 762.73 993.61 891.23 969.28 886.45
0045 0.325006902217865 487.38 198.14 532.50 179.08 538.18 192.51 493.05 211.57
0183 0.524517297744751 119.54 366.03 199.53 341.91 206.53 365.15 126.55 389.27
0183 0.2658916115760803 102.82 336.25 197.23 312.97 204.58 342.79 110.18 366.07
0183 0.1388891637325287 42.43 617.14 72.68 592.77 116.19 646.76 85.95 671.14
0183 0.06805893778800964 165.16 747.82 207.45 721.17 253.87 794.86 211.58 821.50
0183 0.06515748798847198 58.20 909.87 121.22 951.50 109.73 968.90 46.71 927.26
0183 0.05761425942182541 327.71 146.53 543.05 266.86 506.15 332.90 290.81 212.57
0001 0.2172127515077591 98.15 57.05 145.51 17.77 161.13 36.60 113.77 75.88
0001 0.11733146756887436 829.99 318.90 893.90 322.80 892.10 352.24 828.20 348.34
0098 0.5570618510246277 692.78 897.21 717.27 893.40 732.83 993.23 708.33 997.05
0198 0.06393401324748993 777.15 952.91 880.56 927.91 888.43 960.48 785.03 985.48
0094 0.08269554376602173 259.14 894.25 280.42 887.07 314.24 987.35 292.96 994.53
0094 0.05403909832239151 514.73 518.70 556.91 484.00 568.85 498.51 526.66 533.21
0189 0.057819001376628876 641.73 240.53 710.07 206.59 823.13 434.20 754.79 468.15
0184 0.32157042622566223 658.41 580.04 679.18 584.98 656.22 681.37 635.45 676.42
0002 0.08333835005760193 436.03 782.80 489.16 822.18 470.49 847.37 417.36 807.98
0007 0.06876072287559509 -11.97 895.53 65.76 926.35 59.19 942.91 -18.54 912.09
0199 0.8573848605155945 795.93 762.02 852.19 727.28 863.55 745.70 807.30 780.43
0195 0.6471874117851257 831.76 496.86 854.87 496.22 857.00 572.83 833.89 573.47
0180 0.1352466642856598 939.39 858.20 975.52 863.43 963.43 946.95 927.30 941.72
0180 0.061992958188056946 722.48 446.67 794.77 476.78 785.12 499.95 712.83 469.84
0185 0.1307694911956787 388.45 831.71 445.76 873.28 426.43 899.92 369.13 858.35
0185 0.10721375048160553 479.30 516.71 559.29 565.74 547.42 585.10 467.44 536.06
0185 0.09116170555353165 816.20 110.84 1014.84 211.31 993.03 254.44 794.38 153.97
0185 0.07744365930557251 612.63 767.73 627.17 756.51 655.53 793.28 641.00 804.50
0095 0.14777979254722595 550.27 894.03 615.96 914.77 607.23 942.39 541.55 921.65
0181 0.44562971591949463 522.06 766.66 598.99 740.27 606.77 762.94 529.84 789.32
0181 0.06794430315494537 499.11 748.07 591.66 706.65 602.71 731.35 510.16 772.76
0181 0.05775545537471771 728.76 569.37 816.43 524.16 899.42 685.11 811.75 730.32
0196 0.11240663379430771 793.46 233.03 870.77 306.46 853.82 324.29 776.51 250.87
0186 0.17907209694385529 994.62 649.70 1023.16 663.83 951.79 807.99 923.25 793.86
0042 0.14238320291042328 475.13 755.53 574.00 803.56 564.93 822.23 466.06 774.20
0096 0.08117922395467758 382.88 808.88 404.05 790.09 474.99 869.98 453.81 888.78
0015 0.37607380747795105 587.71 480.32 605.08 469.03 641.46 524.99 624.10 536.28
0015 0.3339308202266693 790.48 364.33 807.52 350.74 865.54 423.53 848.50 437.12
0015 0.13446500897407532 615.89 438.36 712.98 513.47 694.67 537.14 597.58 462.02
0015 0.0688033327460289 927.19 61.16 942.02 47.84 983.37 93.89 968.54 107.20
0009 0.10677916556596756 17.73 493.25 75.69 525.80 64.74 545.30 6.78 512.75
0010 0.19192548096179962 730.67 632.92 1016.79 825.59 975.54 886.84 689.42 694.17
0023 0.06988903135061264 992.14 -13.56 1014.77 -4.57 977.73 88.69 955.10 79.71
0038 0.14722198247909546 833.72 751.17 857.12 750.85 858.62 862.80 835.23 863.11
0004 0.42709600925445557 974.89 536.79 1002.85 542.72 979.15 654.36 951.19 648.42
0155 0.16210751235485077 57.99 645.86 345.16 608.16 350.83 651.33 63.66 689.03
0160 0.059314046055078506 894.92 943.20 976.09 992.69 957.03 1023.94 875.87 974.44
0089 0.05985689163208008 87.72 644.46 110.96 634.49 144.13 711.81 120.89 721.78
0089 0.056158386170864105 39.54 463.53 63.43 455.93 93.08 549.08 69.18 556.69
0089 0.055095840245485306 663.43 583.00 684.73 569.78 728.96 641.07 707.66 654.29
0151 0.06874219328165054 757.45 573.71 777.34 564.94 801.10 618.80 781.22 627.58
0057 0.12559154629707336 468.54 684.30 581.74 722.75 573.96 745.69 460.75 707.24
0057 0.11667978018522263 651.60 717.76 782.31 769.84 768.26 805.10 637.55 753.02
0057 0.11253323405981064 607.75 188.43 625.94 172.51 664.98 217.11 646.79 233.03
0057 0.0664382353425026 724.47 954.20 751.28 949.80 761.09 1009.51 734.28 1013.92
0161 0.10535390675067902 607.09 440.38 669.33 417.41 678.46 442.14 616.21 465.10
0161 0.10473385453224182 449.03 383.08 657.74 550.37 627.72 587.81 419.02 420.52
0161 0.08509357273578644 342.32 452.64 410.03 404.67 602.76 676.69 535.05 724.66
0012 0.3307702839374542 762.63 997.13 841.84 953.98 856.55 980.98 777.34 1024.13
0090 0.6355278491973877 260.24 178.46 284.94 157.94 336.05 219.49 311.35 240.00
0090 0.06299281865358353 152.03 29.46 221.58 69.93 208.27 92.81 138.72 52.34
0053 0.4930213987827301 338.48 432.01 584.50 319.76 603.42 361.24 357.40 473.49
0053 0.37732475996017456 376.26 930.91 624.48 874.17 636.77 927.94 388.55 984.68
0026 0.10337425023317337 832.46 292.13 868.93 286.29 871.62 303.05 835.14 308.89
0162 0.20230942964553833 894.34 754.86 922.74 740.95 951.67 800.06 923.27 813.97
0162 0.15527723729610443 813.75 918.41 888.73 983.50 871.45 1003.40 796.47 938.30
0162 0.14331865310668945 720.91 662.37 736.36 648.40 792.77 710.80 777.31 724.77
0162 0.09382335841655731 908.76 546.81 975.89 607.56 954.62 631.07 887.49 570.32
0162 0.09311793744564056 926.14 516.35 1000.32 562.16 985.50 586.16 911.32 540.35
0157 0.398483544588089 678.49 667.97 743.81 702.57 734.75 719.68 669.42 685.08
0157 0.06657666712999344 390.42 764.03 479.27 807.62 469.67 827.18 380.82 783.59
0054 0.21701009571552277 892.43 411.21 932.75 389.92 941.81 407.07 901.49 428.36
0059 0.5928891897201538 379.25 540.29 627.34 469.78 641.50 519.61 393.41 590.12
0059 0.08445046842098236 351.82 863.12 406.61 838.06 490.44 1021.32 435.65 1046.38
0048 0.4249721169471741 738.54 807.46 997.29 715.90 1014.33 764.05 755.57 855.61
0027 0.07170309871435165 697.22 355.52 958.75 270.40 971.77 310.39 710.24 395.52
0027 0.0512041337788105 935.10 144.32 1002.81 209.72 984.24 228.95 916.52 163.55
0021 0.6327192783355713 569.87 869.47 618.95 845.24 626.25 860.04 577.18 884.27
0092 0.13703778386116028 232.44 572.75 376.94 574.36 376.67 598.50 232.18 596.89
0092 0.06899148970842361 657.74 547.48 678.18 545.48 687.75 643.45 667.31 645.44
0055 0.067694291472435 494.86 398.07 542.99 401.66 541.65 419.67 493.51 416.08
0159 0.18819478154182434 884.32 218.08 903.19 205.89 945.17 270.87 926.31 283.06
0159 0.13578954339027405 843.79 785.15 868.75 766.18 1024.72 971.43 999.76 990.40
0088 0.08650819957256317 947.29 840.67 966.97 823.08 1018.47 880.68 998.80 898.28
0061 0.14857478439807892 857.46 292.41 982.12 310.14 978.69 334.24 854.04 316.52
0056 0.08475220203399658 760.46 206.26 781.95 198.00 829.79 322.43 808.30 330.70
0154 0.18851323425769806 599.13 650.45 677.37 638.23 679.87 654.20 601.62 666.42
0049 0.1375567764043808 334.58 806.79 592.21 700.83 616.04 758.76 358.40 864.72
0093 0.17966684699058533 48.06 137.77 244.47 119.08 247.70 153.06 51.29 171.74
0072 0.3291715681552887 261.05 585.64 279.72 591.32 251.67 683.43 233.00 677.74
0077 0.07762634009122849 360.17 399.03 381.77 411.48 345.51 474.40 323.92 461.96
0063 0.20861057937145233 771.16 118.67 1065.34 84.58 1071.46 137.41 777.29 171.50
0063 0.07315050065517426 733.44 496.89 771.31 463.56 931.06 645.06 893.19 678.39
0050 0.3115120530128479 492.71 802.87 539.83 795.61 542.58 813.43 495.46 820.70
0122 0.1085093766450882 270.99 654.80 309.17 646.06 346.52 809.12 308.33 817.87
0068 0.4162057936191559 569.99 467.85 639.81 506.70 627.49 528.84 557.67 489.99
0127 0.13232804834842682 99.97 156.44 119.95 149.49 168.52 289.19 148.53 296.14
0127 0.11869757622480392 810.80 506.34 829.97 510.43 819.99 557.25 800.82 553.16
0132 0.08782725036144257 384.29 229.82 436.49 252.89 430.11 267.33 377.91 244.25
0078 0.381839394569397 666.93 121.79 763.04 107.19 766.12 127.48 670.02 142.08
0073 0.07971295714378357 776.49 804.61 863.89 817.04 861.03 837.16 773.63 824.73
0073 0.05133369192481041 56.53 503.40 104.16 549.24 91.00 562.92 43.37 517.08
0064 0.4489642083644867 -10.43 135.43 238.62 50.59 255.77 100.94 6.72 185.78
0064 0.1751592606306076 2.83 537.80 33.43 524.39 96.79 668.94 66.19 682.36
0118 0.05028152838349342 192.54 612.29 505.55 652.07 498.73 705.75 185.72 665.97
0069 0.4548688530921936 426.36 401.87 441.02 394.50 466.67 445.58 452.01 452.95
0069 0.05834338441491127 566.32 251.96 586.82 262.65 547.15 338.71 526.64 328.02
0069 0.0578518882393837 108.91 482.23 147.08 457.78 190.18 525.07 152.00 549.51
0123 0.06142369657754898 326.69 711.69 368.84 727.47 361.96 745.83 319.82 730.05
0133 0.4016604721546173 638.08 218.87 718.71 294.96 700.68 314.07 620.05 237.97
0065 0.19903717935085297 775.84 79.38 832.16 62.94 895.84 281.07 839.52 297.51
0137 0.6910240650177002 308.75 611.81 334.91 600.02 365.54 667.99 339.37 679.78
0137 0.6073517203330994 194.70 952.06 222.36 951.20 224.73 1027.00 197.06 1027.86
0137 0.2252161055803299 555.61 550.47 574.36 546.38 591.84 626.59 573.09 630.68
0070 0.6201544404029846 292.25 872.90 348.48 845.41 358.63 866.17 302.40 893.66
0070 0.4619131088256836 573.50 61.37 640.80 114.48 624.09 135.67 556.78 82.56
0134 0.057475510984659195 515.58 673.05 538.53 660.55 587.56 750.57 564.61 763.07
0119 0.4222082793712616 650.79 806.58 812.92 734.31 824.66 760.66 662.54 832.93
0085 0.1755257248878479 20.00 152.53 75.31 175.86 67.50 194.39 12.18 171.06
0135 0.37903693318367004 665.53 22.11 695.65 -6.91 795.66 96.89 765.54 125.91
0125 0.06338972598314285 370.65 87.09 494.47 132.60 480.85 169.65 357.03 124.14
0125 0.0507521778345108 214.65 447.24 378.22 429.23 380.84 453.02 217.27 471.04
0071 0.05394170805811882 426.07 1.55 480.09 33.52 471.58 47.89 417.56 15.92
0076 0.08552535623311996 324.49 521.50 391.73 497.57 397.35 513.36 330.11 537.28
0120 0.5877217054367065 342.99 354.23 477.24 317.08 485.71 347.68 351.46 384.83
0130 0.8954641819000244 801.18 265.17 843.03 248.98 914.52 433.82 872.68 450.00
0142 0.0862443819642067 483.38 861.27 660.84 807.10 669.64 835.93 492.18 890.09
0142 0.06518539041280746 693.71 320.53 896.58 272.86 904.49 306.49 701.62 354.17
0139 0.2734096646308899 445.88 238.99 462.81 251.97 418.78 309.41 401.85 296.44
0136 0.21201299130916595 816.40 280.88 840.94 270.76 887.00 382.34 862.46 392.47
0126 0.20961123704910278 923.15 433.49 996.08 449.34 992.48 465.93 919.54 450.08
0086 0.18950983881950378 441.52 295.14 469.59 293.22 478.44 422.44 450.36 424.36
0131 0.5472487211227417 780.87 641.35 842.80 640.46 843.02 655.37 781.08 656.27
0046 0.07934673875570297 589.95 389.68 781.51 425.41 775.47 457.80 583.91 422.08
0172 0.5108903646469116 163.38 791.97 184.53 795.15 173.89 865.87 152.74 862.69
0167 0.15611886978149414 384.71 209.49 417.03 223.56 331.47 420.09 299.15 406.01
0177 0.07067244499921799 658.06 71.01 705.94 23.96 723.05 41.37 675.17 88.42
0163 0.15200212597846985 102.75 750.43 156.62 784.87 144.05 804.54 90.18 770.10
0163 0.08768158406019211 219.46 252.65 294.25 272.62 288.91 292.59 214.13 272.61
0163 0.06849052757024765 436.02 -23.77 686.96 163.33 665.14 192.59 414.21 5.49
0109 0.056086692959070206 778.90 870.62 920.56 863.57 921.70 886.57 780.05 893.62
0148 0.06744784116744995 187.76 722.54 396.02 654.98 412.04 704.37 203.78 771.93
0173 0.36807191371917725 437.79 775.09 473.51 786.16 417.38 967.40 381.65 956.34
0164 0.16753028333187103 910.44 347.85 969.84 397.03 954.12 416.02 894.72 366.84
0164 0.14398667216300964 953.17 825.51 1010.65 868.58 998.56 884.71 941.08 841.64
0164 0.07785317301750183 806.37 540.08 890.88 568.60 883.97 589.06 799.47 560.54
0103 0.10114014893770218 788.43 123.32 808.46 120.02 822.18 203.34 802.15 206.64
0174 0.47482913732528687 137.50 541.66 160.82 541.09 162.95 628.08 139.62 628.65
0169 0.0645308867096901 960.65 132.32 975.48 135.18 958.07 225.34 943.24 222.47
0106 0.16605119407176971 559.40 80.10 580.06 72.57 607.38 147.57 586.72 155.10
0165 0.20245735347270966 396.55 131.38 418.74 113.03 486.35 194.80 464.16 213.15
0165 0.10963089019060135 556.35 428.89 609.60 473.99 595.89 490.18 542.64 445.07
0165 0.10562177002429962 455.78 887.08 485.59 911.39 391.16 1027.18 361.35 1002.88
0017 0.0811353474855423 593.61 76.87 648.96 116.89 637.08 133.31 581.74 93.30
0110 0.16745798289775848 62.60 458.59 145.63 438.00 150.13 456.13 67.10 476.72
0110 0.05136365815997124 367.48 226.18 457.01 212.73 461.65 243.61 372.12 257.06
0116 0.07409679889678955 434.84 398.52 541.94 427.90 532.46 462.46 425.36 433.07
0176 0.8641642928123474 796.31 354.42 856.11 339.40 860.76 357.90 800.95 372.92
0105 0.2546871304512024 165.16 875.85 185.17 870.40 208.22 955.09 188.22 960.54
0171 0.2021985650062561 524.58 171.39 539.92 161.13 570.87 207.39 555.53 217.65
0029 0.10278811305761337 781.85 494.60 1035.25 427.75 1045.98 468.39 792.57 535.24
0029 0.06454107910394669 818.09 937.49 1056.71 888.14 1064.83 927.40 826.21 976.76
0016 0.3582293391227722 737.44 219.28 849.06 156.74 861.50 178.94 749.88 241.48
0030 0.06976477801799774 827.86 534.74 1009.90 498.57 1019.25 545.65 837.21 581.81
