0183 0.10374252498149872 340.38 829.33 440.83 863.38 431.93 889.64 331.48 855.59
0001 0.06269699335098267 850.77 864.99 967.38 811.47 978.05 834.71 861.44 888.23
0188 0.06179291754961014 598.64 390.87 609.22 398.34 512.50 535.39 501.92 527.93
0188 0.058252327144145966 733.24 19.03 757.93 -4.64 844.24 85.37 819.55 109.04
0040 0.05287085846066475 489.18 575.19 586.04 532.98 596.24 556.40 499.38 598.61
0094 0.061622653156518936 602.45 267.18 727.03 315.05 719.52 334.60 594.93 286.73
0179 0.08214413374662399 700.74 855.93 798.29 863.77 796.30 888.49 698.75 880.65
0099 0.06523069739341736 5.49 699.09 83.84 744.27 73.16 762.79 -5.19 717.60
0099 0.05659237876534462 129.26 49.29 270.63 76.91 264.89 106.29 123.52 78.67
0180 0.05117907002568245 700.51 465.61 784.62 452.92 788.22 476.85 704.12 489.53
0185 0.0872354730963707 733.22 431.47 750.27 414.45 821.20 485.50 804.15 502.52
0095 0.06041150167584419 631.59 185.55 705.97 150.46 715.07 169.74 640.69 204.83
0041 0.09523311257362366 602.29 594.02 712.60 558.49 720.40 582.71 610.09 618.24
0196 0.052993640303611755 896.02 54.34 918.95 58.48 899.91 164.06 876.98 159.92
0186 0.2239225059747696 179.28 154.25 299.47 178.21 294.40 203.65 174.20 179.68
0186 0.06317384541034698 246.37 350.82 272.76 352.65 262.03 507.06 235.64 505.22
0042 0.07032758742570877 445.70 768.40 583.88 774.91 582.45 805.20 444.27 798.69
0096 0.07758034765720367 140.96 841.84 225.76 925.36 205.53 945.90 120.74 862.38
0009 0.06253241002559662 4.47 494.57 23.94 478.37 80.80 546.70 61.33 562.91
0038 0.06919554620981216 210.08 566.81 325.73 584.25 321.95 609.36 206.29 591.92
0028 0.11165585368871689 381.44 483.33 529.72 486.11 529.17 515.22 380.89 512.44
0028 0.06633520126342773 546.96 524.68 682.69 507.62 685.87 532.86 550.13 549.92
0036 0.06760034710168839 481.62 123.57 608.44 76.10 617.23 99.59 490.42 147.06
0151 0.12997674942016602 233.46 509.73 250.52 503.02 312.74 661.07 295.68 667.78
0151 0.06250424683094025 597.85 915.46 613.51 901.68 707.11 1008.14 691.45 1021.92
0057 0.05835716798901558 367.96 225.62 388.80 216.91 434.04 325.19 413.21 333.90
0026 0.10538434982299805 7.57 279.61 111.81 227.84 122.15 248.66 17.91 300.43
0026 0.10500398278236389 372.35 151.43 395.07 139.98 467.16 283.05 444.44 294.50
0026 0.07138179242610931 316.68 185.73 415.62 262.64 401.88 280.31 302.94 203.40
0026 0.05564243718981743 -1.22 716.63 143.99 699.34 148.03 733.24 2.81 750.53
0157 0.05465760827064514 395.45 765.70 478.13 806.48 467.98 827.06 385.30 786.28
0054 0.05498437210917473 589.78 807.45 609.18 801.12 652.97 935.27 633.58 941.60
0059 0.058490000665187836 579.77 296.40 599.68 280.25 698.72 402.39 678.80 418.54
0034 0.08019426465034485 92.61 139.49 182.59 66.00 198.04 84.92 108.06 158.41
0158 0.05665403977036476 340.53 23.32 474.34 69.43 467.37 89.65 333.56 43.54
0060 0.09837692975997925 666.35 95.33 736.65 35.75 754.86 57.24 684.56 116.82
0035 0.11502062529325485 892.29 121.60 1001.14 68.87 1013.39 94.16 904.54 146.89
0159 0.05494827777147293 797.47 370.33 876.68 410.69 867.20 429.29 787.99 388.93
0056 0.0914432480931282 265.28 97.44 342.13 34.25 357.68 53.17 280.84 116.35
0077 0.09168535470962524 641.28 45.63 662.43 49.84 640.41 160.25 619.26 156.03
0082 0.09660288691520691 237.19 169.43 260.23 157.96 332.15 302.36 309.11 313.84
0127 0.06085619330406189 125.37 165.53 142.57 162.46 169.18 311.17 151.98 314.24
0132 0.12587663531303406 329.05 839.21 414.58 758.03 430.73 775.04 345.20 856.22
0132 0.06377414613962173 26.82 864.04 129.56 803.84 145.85 831.64 43.11 891.84
0051 0.057774562388658524 629.39 22.59 785.11 10.18 787.26 37.15 631.53 49.55
0124 0.07336081564426422 651.37 164.35 671.71 177.20 571.69 335.54 551.35 322.69
0124 0.05189910903573036 568.28 548.54 700.60 582.03 693.97 608.23 561.65 574.74
0080 0.05131850391626358 722.84 521.87 827.46 464.62 838.02 483.92 733.40 541.17
0125 0.052944932132959366 562.68 149.14 696.25 184.44 690.02 208.05 556.44 172.74
0125 0.05108345299959183 889.85 15.64 908.80 6.67 989.59 177.40 970.64 186.37
0121 0.06098419800400734 183.50 434.60 303.53 467.82 296.34 493.78 176.32 460.57
0143 0.08580299466848373 335.55 86.75 442.94 41.20 451.82 62.14 344.43 107.70
0102 0.054652728140354156 241.21 216.88 356.94 168.58 365.96 190.19 250.22 238.49
0109 0.09163252264261246 756.44 887.76 913.88 840.30 921.39 865.24 763.96 912.69
0148 0.06878353655338287 150.81 436.72 181.61 428.18 223.45 578.99 192.65 587.54
0114 0.0565454326570034 612.79 775.65 776.24 795.66 772.94 822.59 609.49 802.58
0178 0.05431666597723961 884.11 882.94 914.98 864.74 987.58 987.86 956.71 1006.07
0164 0.063199982047081 58.29 609.17 81.30 619.79 24.26 743.38 1.24 732.76
0164 0.0629546120762825 162.98 611.24 259.77 644.40 253.48 662.77 156.69 629.61
0164 0.05916817486286163 804.66 536.60 896.54 571.22 887.87 594.20 796.00 559.59
0017 0.0704290047287941 48.56 438.52 71.05 420.46 144.91 512.46 122.42 530.51
0017 0.059360913932323456 748.36 615.09 772.70 597.36 847.76 700.43 823.42 718.16
0110 0.05575261265039444 768.52 488.19 913.72 441.64 920.77 463.62 775.56 510.17
0110 0.05065988004207611 140.54 205.17 280.99 159.92 291.06 191.17 150.61 236.42
0116 0.06560054421424866 226.09 354.42 367.61 397.46 357.08 432.08 215.56 389.05
0022 0.06035656854510307 546.45 279.65 677.23 199.50 688.60 218.05 557.82 298.20
0030 0.11944577842950821 868.42 845.89 891.65 834.39 961.09 974.74 937.86 986.23
