0097 0.11218752712011337 523.28 441.64 644.81 507.76 632.63 530.15 511.10 464.04
0097 0.05672058090567589 375.90 334.09 472.77 414.07 461.05 428.26 364.18 348.28
0006 0.11912744492292404 142.46 20.49 164.49 8.82 244.78 160.34 222.75 172.02
0188 0.05698632448911667 749.16 6.62 846.11 73.28 829.15 97.95 732.20 31.29
0179 0.0502723753452301 604.79 131.63 627.32 122.54 676.80 245.21 654.27 254.30
0041 0.0760006383061409 598.66 598.54 716.95 556.08 725.17 579.01 606.89 621.47
0196 0.05749597027897835 906.41 61.46 927.32 70.31 884.52 171.44 863.61 162.59
0186 0.09086298197507858 257.58 330.35 285.22 331.91 275.90 496.29 248.26 494.73
0042 0.08820055425167084 417.23 308.93 436.34 305.70 462.30 459.29 443.19 462.52
0042 0.05507763475179672 351.42 370.98 371.60 356.50 458.80 477.97 438.63 492.45
0096 0.05079931393265724 120.92 857.73 240.09 903.59 230.20 929.30 111.02 883.44
0038 0.0647617056965828 211.02 579.57 330.46 576.70 331.03 600.35 211.59 603.22
0028 0.07215576618909836 545.46 503.17 686.59 527.03 682.33 552.20 541.20 528.35
0028 0.05870980769395828 386.09 495.42 535.08 476.79 538.18 501.64 389.20 520.26
0151 0.06894699484109879 614.48 892.56 638.21 894.64 623.85 1058.79 600.11 1056.71
0151 0.062433984130620956 225.73 508.28 242.46 500.08 320.18 658.67 303.45 666.87
0057 0.09711454808712006 398.90 189.41 415.87 180.17 496.09 327.49 479.12 336.73
0057 0.07402326166629791 395.83 199.07 421.94 200.81 412.31 345.14 386.20 343.40
0057 0.0710977241396904 453.06 691.09 591.71 715.45 588.33 734.68 449.68 710.33
0152 0.07741577178239822 580.03 513.49 598.01 497.64 721.55 637.68 703.57 653.54
0053 0.0504530593752861 921.71 859.65 943.73 855.80 968.70 998.57 946.68 1002.42
0026 0.08658505976200104 388.88 132.55 412.77 127.82 444.62 288.85 420.73 293.58
0026 0.07479768246412277 348.31 169.48 370.87 169.49 370.73 358.53 348.17 358.52
0054 0.05653619393706322 585.85 807.55 602.65 800.90 658.92 943.00 642.13 949.65
0092 0.07387855648994446 229.22 591.58 385.42 557.72 390.11 579.33 233.91 613.19
0060 0.0532633513212204 202.02 394.57 224.07 405.60 139.14 575.27 117.09 564.23
0055 0.11377909034490585 598.31 404.64 722.30 363.77 730.74 389.37 606.75 430.24
0055 0.10307776927947998 170.66 814.99 186.35 805.03 272.98 941.62 257.30 951.57
0055 0.09893492609262466 144.62 803.29 163.52 796.28 238.69 998.87 219.79 1005.88
0055 0.05547371134161949 123.25 846.34 148.89 841.23 184.52 1020.25 158.88 1025.35
0061 0.057109154760837555 844.88 280.88 981.57 321.50 976.04 340.08 839.35 299.46
0093 0.0973879024386406 57.50 140.48 270.49 115.41 273.45 140.51 60.45 165.58
0063 0.05669594556093216 872.72 871.27 894.08 868.99 910.15 1020.00 888.79 1022.27
0082 0.07560846954584122 265.98 161.24 293.40 158.74 308.89 328.40 281.47 330.91
0117 0.07411899417638779 815.69 25.53 971.77 54.12 967.78 75.88 811.70 47.30
0122 0.17252057790756226 322.50 581.31 344.84 576.85 385.20 779.16 362.87 783.61
0122 0.14904433488845825 109.29 577.32 130.47 573.76 160.19 750.63 139.01 754.19
0122 0.14834997057914734 255.14 603.69 280.28 595.31 357.67 827.39 332.53 835.77
0122 0.0926506370306015 298.59 332.30 327.20 327.78 363.41 557.16 334.80 561.68
0127 0.18401125073432922 608.05 182.43 633.42 172.53 686.88 309.47 661.50 319.37
0073 0.053074777126312256 534.93 638.80 556.06 647.92 486.38 809.43 465.25 800.32
0064 0.06770048290491104 13.87 183.52 212.91 36.37 233.19 63.81 34.15 210.95
0051 0.15833652019500732 625.98 -0.58 768.47 20.81 764.84 44.95 622.35 23.56
0124 0.09076377004384995 562.64 529.48 725.74 612.91 712.20 639.37 549.11 555.95
0080 0.12729290127754211 710.58 681.19 921.80 646.52 927.28 679.93 716.06 714.60
0080 0.0635581910610199 626.24 288.73 805.16 174.12 825.33 205.61 646.41 320.22
0119 0.07282897084951401 674.64 778.16 828.05 752.39 831.95 775.59 678.53 801.36
0125 0.0833602324128151 565.36 150.65 709.80 194.98 703.96 214.03 559.51 169.70
0125 0.06546372920274734 365.66 91.59 489.81 168.61 477.56 188.36 353.41 111.34
0125 0.05067763477563858 899.77 33.00 1022.07 154.98 1002.34 174.76 880.05 52.77
0142 0.05757124349474907 454.48 853.00 694.60 819.75 699.10 852.23 458.98 885.49
0142 0.05597423389554024 689.22 305.53 896.13 293.17 898.33 329.98 691.42 342.33
0046 0.06473700702190399 613.01 380.35 787.03 443.23 778.69 466.33 604.67 403.44
0121 0.1341567486524582 183.76 421.79 302.69 487.83 289.84 510.97 170.91 444.93
0177 0.0855751782655716 615.01 670.97 635.59 658.13 722.47 797.40 701.89 810.24
0109 0.0640166848897934 761.32 852.52 948.65 877.99 945.51 901.13 758.17 875.66
0148 0.07470530271530151 155.74 752.63 375.78 687.61 386.34 723.35 166.30 788.36
0114 0.14800241589546204 614.22 799.86 784.08 774.60 787.87 800.10 618.01 825.36
0114 0.14015649259090424 578.28 321.88 593.46 313.67 673.34 461.32 658.17 469.53
0114 0.07210544496774673 838.41 806.17 978.69 856.30 971.05 877.68 830.77 827.55
0114 0.05309203267097473 638.06 300.02 656.05 305.08 609.94 469.06 591.96 464.00
0144 0.1471044272184372 61.52 67.01 251.80 25.38 257.13 49.75 66.85 91.37
0017 0.05011531338095665 742.01 604.43 873.75 689.30 861.40 708.46 729.66 623.59
0110 0.09051037579774857 778.27 473.02 920.09 458.19 922.39 480.24 780.58 495.07
0116 0.1623585969209671 229.54 367.01 376.34 398.59 370.16 427.31 223.36 395.73
0107 0.054412297904491425 681.42 727.00 703.39 717.31 784.96 902.12 763.00 911.81
0107 0.05285217612981796 655.20 737.26 681.20 724.80 773.60 917.62 747.60 930.08
0029 0.08218119293451309 822.85 962.17 1025.77 899.30 1034.13 926.27 831.21 989.13
0112 0.12264107167720795 770.90 480.76 1023.94 496.27 1022.17 525.18 769.13 509.66
0030 0.07097293436527252 787.89 125.39 1022.90 -1.19 1039.60 29.82 804.59 156.39
