0187 0.13365915417671204 730.19 778.13 758.48 799.20 627.78 974.61 599.49 953.53
0097 0.0745982900261879 531.13 440.33 645.42 527.79 628.66 549.70 514.37 462.24
0097 0.05152362585067749 788.21 403.97 901.54 461.79 888.77 486.82 775.44 429.00
0193 0.05289751663804054 838.97 33.22 866.28 37.27 845.10 180.41 817.78 176.37
0006 0.07602953165769577 130.87 10.81 284.64 142.62 259.88 171.50 106.11 39.68
0183 0.15200434625148773 53.19 584.88 131.84 637.90 83.67 709.36 5.02 656.35
0183 0.10378975421190262 396.83 697.46 544.88 800.48 529.29 822.88 381.24 719.87
0183 0.08780257403850555 419.51 486.35 475.44 457.02 579.68 655.81 523.75 685.14
0188 0.1260395050048828 679.19 364.59 739.61 355.23 753.18 442.86 692.77 452.22
0188 0.10588524490594864 707.31 566.72 744.46 563.22 758.10 708.09 720.96 711.59
0188 0.09436719119548798 444.06 207.91 475.16 228.66 271.89 533.40 240.79 512.65
0188 0.08163800835609436 739.41 20.78 758.10 2.87 842.51 90.93 823.81 108.85
0188 0.06936921924352646 732.50 505.37 763.45 530.16 638.34 686.40 607.38 661.61
0188 0.0652100220322609 17.30 519.05 227.61 314.64 255.66 343.50 45.34 547.91
0188 0.056023918092250824 484.58 637.14 716.33 751.99 696.57 791.85 464.83 677.00
0179 0.13039660453796387 627.16 128.44 653.34 127.33 658.43 247.25 632.26 248.36
0179 0.08766735345125198 494.72 655.67 692.59 632.63 696.00 661.89 498.13 684.93
0189 0.09838305413722992 688.66 -5.40 714.64 3.47 651.45 188.48 625.46 179.61
0099 0.05252782255411148 117.42 30.37 251.91 128.26 232.16 155.40 97.66 57.51
0185 0.2441588044166565 796.06 55.49 834.23 32.52 986.49 285.45 948.33 308.42
0185 0.08691475540399551 921.58 642.99 944.36 650.45 891.54 811.73 868.76 804.27
0185 0.07734435051679611 723.01 412.58 754.95 389.05 814.70 470.14 782.76 493.68
0185 0.06613633036613464 796.77 293.53 943.21 413.21 927.06 432.97 780.62 313.29
0185 0.06542522460222244 443.23 158.28 554.39 252.97 502.35 314.07 391.18 219.38
0185 0.06504765897989273 564.62 320.29 589.91 304.10 651.94 401.02 626.65 417.21
0095 0.0823492705821991 794.30 817.90 919.65 905.33 898.52 935.62 773.17 848.20
0196 0.054806701838970184 774.29 255.17 809.71 229.62 871.63 315.43 836.21 340.99
0003 0.09144171327352524 888.14 350.12 921.62 348.82 929.52 551.40 896.03 552.70
0037 0.11230646818876266 392.34 912.48 598.96 967.53 581.53 1032.95 374.91 977.90
0037 0.058538585901260376 789.66 877.39 818.25 870.21 853.22 1009.56 824.63 1016.74
0186 0.09933163225650787 272.16 320.03 302.51 327.18 260.58 505.27 230.23 498.12
0186 0.07517874985933304 962.10 644.04 993.67 647.47 974.14 827.12 942.57 823.69
0042 0.0705302283167839 380.49 306.69 407.46 295.15 473.03 448.29 446.07 459.83
0042 0.05653538554906845 359.87 357.85 385.40 347.40 440.76 482.62 415.23 493.07
0096 0.07241623103618622 124.74 827.62 244.68 942.73 226.40 961.77 106.46 846.67
0096 0.05646507441997528 379.94 810.61 489.37 846.49 480.66 873.03 371.24 837.14
0015 0.08103503286838531 310.45 808.62 580.18 964.32 554.48 1008.84 284.75 853.15
0015 0.07277832180261612 750.62 313.02 783.47 290.65 901.62 464.16 868.77 486.52
0010 0.11706022173166275 -12.49 91.97 271.96 203.60 251.57 255.54 -32.87 143.91
0010 0.07376494258642197 573.58 -59.07 605.79 -32.40 439.12 168.89 406.91 142.21
0010 0.05171068385243416 697.67 589.47 919.64 787.22 884.35 826.84 662.37 629.08
0028 0.08798564970493317 512.73 495.59 771.48 546.52 764.97 579.57 506.22 528.64
0028 0.07615470886230469 391.85 469.69 533.20 491.22 527.69 527.38 386.34 505.86
0036 0.06843352317810059 493.91 126.74 615.07 39.98 631.39 62.76 510.23 149.52
0155 0.18640246987342834 19.71 627.35 351.86 638.34 350.49 679.99 18.33 669.01
0160 0.05611378699541092 887.46 934.70 913.82 922.28 963.92 1028.65 937.56 1041.07
0151 0.0630941167473793 586.19 911.55 612.32 901.85 664.70 1043.01 638.57 1052.71
0057 0.10615271329879761 621.01 738.90 773.57 743.30 772.51 780.29 619.94 775.89
0025 0.2733963429927826 9.58 745.32 207.19 825.45 192.39 861.94 -5.21 781.81
0025 0.16232521831989288 -8.95 887.41 155.79 868.03 159.25 897.39 -5.50 916.77
0161 0.06374957412481308 404.06 405.13 680.59 518.48 663.34 560.56 386.81 447.21
0090 0.14025695621967316 219.12 318.71 248.20 301.22 308.33 401.19 279.26 418.68
0152 0.08971484005451202 585.87 503.22 625.51 496.60 653.86 666.35 614.22 672.97
0152 0.07438849657773972 234.56 103.02 266.64 93.83 315.54 264.54 283.46 273.73
0053 0.19175797700881958 564.60 803.08 602.92 823.61 479.01 1054.81 440.70 1034.27
0053 0.16324998438358307 358.63 460.29 577.66 262.91 615.74 305.16 396.71 502.55
0026 0.06116744503378868 318.91 172.41 343.53 165.25 399.26 356.92 374.65 364.08
0026 0.061052512377500534 357.04 155.54 380.76 139.25 464.28 260.84 440.55 277.14
0026 0.05128525570034981 -9.20 750.49 135.99 668.65 154.05 700.68 8.85 782.52
0157 0.06171172857284546 759.86 90.31 785.40 111.97 654.72 266.10 629.18 244.45
0054 0.0655137225985527 364.77 300.81 388.62 281.45 508.51 429.20 484.67 448.56
0059 0.23786641657352448 367.14 566.99 623.18 448.26 644.76 494.80 388.72 613.53
0059 0.13744013011455536 359.49 857.56 391.43 842.63 485.81 1044.50 453.88 1059.43
0059 0.05063605308532715 254.76 337.76 286.81 337.36 288.52 473.14 256.47 473.55
0034 0.07170404493808746 71.50 122.98 207.30 54.94 219.57 79.43 83.77 147.47
0048 0.2954404354095459 734.62 746.19 1011.99 758.27 1009.05 825.76 731.68 813.67
0158 0.05689084157347679 315.28 3.53 350.21 -21.88 466.72 138.29 431.79 163.70
0027 0.26125651597976685 668.44 359.44 959.15 275.77 970.68 315.82 679.97 399.50
0027 0.0685822144150734 681.02 649.63 704.06 640.85 773.37 822.58 750.33 831.36
0159 0.061271462589502335 841.19 788.86 1037.20 896.35 1021.64 924.72 825.64 817.23
0062 0.07954554259777069 219.69 335.17 381.88 353.69 378.11 386.65 215.93 368.14
0049 0.12652045488357544 325.56 853.69 574.86 689.44 599.60 726.99 350.30 891.23
0093 0.09346820414066315 4.74 157.51 266.94 106.63 274.02 143.13 11.83 194.01
0063 0.22644120454788208 770.91 98.24 1059.35 91.41 1060.65 146.41 772.21 153.24
0063 0.12689271569252014 791.94 482.69 822.76 470.78 907.01 688.91 876.18 700.81
0082 0.12314015626907349 229.44 174.89 258.31 158.26 343.28 305.74 314.41 322.37
0117 0.19024920463562012 824.74 6.51 995.48 33.08 988.79 76.07 818.05 49.50
0122 0.23753775656223297 250.91 624.10 286.71 610.58 356.76 796.04 320.97 809.56
0122 0.1037357971072197 111.77 572.45 143.85 566.20 180.68 755.13 148.61 761.39
0122 0.08910124748945236 306.48 333.88 337.56 331.05 358.90 565.54 327.83 568.37
0127 0.1435881406068802 145.07 153.32 168.92 129.77 296.11 258.60 272.26 282.14
0127 0.06658286601305008 601.03 176.94 625.88 166.78 681.44 302.62 656.59 312.78
0073 0.08482878655195236 563.97 648.88 584.54 669.06 463.24 792.72 442.67 772.53
0073 0.07613386958837509 433.41 118.44 602.37 202.40 580.61 246.18 411.65 162.21
0064 0.19576811790466309 11.27 120.04 239.54 61.57 255.94 125.62 27.68 184.09
0064 0.05266944691538811 -10.91 543.87 15.74 525.17 112.98 663.70 86.33 682.41
0083 0.05949406698346138 517.07 40.96 644.16 128.57 623.66 158.32 496.56 70.71
0051 0.14346927404403687 635.81 -24.84 775.29 42.29 760.41 73.21 620.93 6.08
0118 0.18142473697662354 195.46 683.63 484.25 594.24 498.32 639.71 209.54 729.09
0069 0.45312216877937317 166.06 687.29 448.67 758.82 437.39 803.39 154.78 731.86
0069 0.10766159743070602 0.75 902.25 169.52 983.07 156.06 1011.16 -12.70 930.34
0123 0.18579015135765076 717.09 355.89 860.88 281.64 879.99 318.65 736.19 392.90
0065 0.13038167357444763 768.27 114.00 797.44 93.37 923.27 271.33 894.09 291.96
0065 0.05822879076004028 522.70 558.85 555.78 545.55 632.03 735.23 598.95 748.52
0134 0.14291465282440186 504.35 675.19 529.50 656.14 596.02 744.01 570.87 763.05
0124 0.1489991396665573 520.80 540.84 779.97 584.63 773.99 620.04 514.81 576.25
0124 0.07475461810827255 869.96 378.92 903.78 362.70 997.32 557.74 963.50 573.96
0080 0.12944763898849487 629.68 723.28 928.68 613.68 941.21 647.89 642.21 757.48
0080 0.0979015901684761 623.25 217.89 844.60 222.29 843.74 265.62 622.39 261.22
0080 0.08006531000137329 673.74 524.45 858.65 470.30 865.62 494.09 680.71 548.24
0119 0.08549593389034271 631.38 788.66 846.53 743.19 852.84 773.08 637.70 818.55
0066 0.08130823075771332 295.02 432.57 317.78 452.16 221.93 563.54 199.17 543.95
0135 0.09497979283332825 669.42 0.63 718.92 -13.55 754.87 111.92 705.37 126.10
0125 0.1395716816186905 503.75 170.14 787.96 147.20 791.07 185.80 506.86 208.73
0125 0.06703868508338928 892.31 26.91 1023.00 148.48 1002.69 170.31 872.00 48.74
0125 0.0602363720536232 378.88 72.20 494.92 155.20 472.40 186.69 356.36 103.68
0071 0.09019452333450317 10.29 496.92 207.96 628.26 187.57 658.95 -10.10 527.61
0071 0.08354310691356659 159.77 802.24 362.15 989.94 334.22 1020.05 131.84 832.36
0071 0.05390915274620056 -3.40 177.49 42.98 153.36 166.09 389.96 119.72 414.09
0142 0.2986307740211487 678.75 321.73 897.02 277.81 904.15 313.24 685.88 357.16
0142 0.18937799334526062 470.77 875.68 655.44 798.74 667.72 828.23 483.05 905.17
0142 0.14443475008010864 439.76 448.87 655.89 322.85 674.88 355.43 458.75 481.45
0126 0.09624157100915909 607.68 69.93 641.30 65.49 664.63 242.26 631.01 246.70
0046 0.18347369134426117 538.27 397.12 803.44 407.18 802.17 440.65 537.00 430.58
0121 0.12554500997066498 142.43 441.34 314.52 450.16 312.96 480.59 140.87 471.78
0167 0.05030222609639168 379.93 211.84 415.42 226.15 316.58 471.17 281.09 456.86
0177 0.09586741030216217 605.56 690.72 690.43 674.44 716.68 811.26 631.80 827.54
0163 0.156325563788414 407.14 -8.53 726.86 167.83 707.51 202.91 387.79 26.55
0163 0.06344559043645859 471.79 651.53 604.51 697.29 594.10 727.50 461.37 681.74
0109 0.08231230825185776 762.33 901.27 950.60 825.44 961.45 852.37 773.18 928.21
0148 0.43138954043388367 174.70 727.12 397.60 690.53 404.43 732.15 181.53 768.74
0148 0.059317708015441895 204.95 338.12 446.73 155.22 474.60 192.07 232.82 374.97
0114 0.15117666125297546 634.75 754.17 780.40 801.74 767.27 841.95 621.62 794.38
0114 0.12491653859615326 834.52 820.98 987.76 783.48 998.18 826.04 844.94 863.55
0144 0.10406249761581421 59.20 66.03 274.43 13.99 282.38 46.86 67.15 98.91
0164 0.12455011159181595 872.72 145.81 899.39 126.39 972.58 226.95 945.90 246.37
0106 0.07018809020519257 88.13 24.46 159.60 59.39 61.39 260.33 -10.07 225.40
0165 0.13924220204353333 388.34 824.84 418.04 841.08 328.68 1004.43 298.99 988.19
0165 0.12423583120107651 129.81 856.89 232.31 755.44 293.96 817.72 191.45 919.17
0165 0.0995858907699585 329.18 647.12 523.88 751.40 497.00 801.58 302.30 697.30
0165 0.09248550981283188 423.65 880.11 459.90 890.36 415.82 1046.28 379.56 1036.03
0165 0.06923174858093262 736.78 493.82 922.87 578.93 913.69 598.98 727.61 513.88
0017 0.10887017101049423 48.80 397.52 80.03 388.35 123.87 537.62 92.64 546.79
0017 0.09327072650194168 747.00 617.94 768.39 600.25 853.39 703.02 832.01 720.71
0017 0.0689428448677063 403.75 410.32 434.45 416.14 397.91 608.73 367.21 602.90
0017 0.05753939971327782 303.65 429.28 520.48 533.15 510.90 553.15 294.07 449.28
0110 0.14609774947166443 768.08 481.69 955.83 441.58 961.49 468.07 773.73 508.18
0110 0.07020886987447739 150.50 169.24 318.13 193.05 313.47 225.81 145.85 202.00
0170 0.1705172061920166 379.61 150.80 568.98 213.53 557.41 248.45 368.04 185.72
0116 0.1484804004430771 236.94 331.97 373.50 418.77 351.63 453.18 215.07 366.39
0107 0.12832389771938324 788.67 300.41 820.92 289.28 867.49 424.27 835.24 435.40
0107 0.06524970382452011 892.74 717.11 965.49 709.41 981.58 861.56 908.83 869.25
0022 0.10823545604944229 609.06 457.89 663.00 421.33 758.59 562.34 704.65 598.91
0022 0.051419004797935486 704.33 136.84 730.95 160.66 569.57 341.10 542.94 317.29
0108 0.24311093986034393 422.17 355.95 695.80 459.97 679.01 504.13 405.38 400.11
0029 0.2714725732803345 778.77 535.72 1020.70 391.81 1043.95 430.90 802.02 574.81
0029 0.2673195004463196 828.49 951.83 1047.60 863.49 1064.63 905.74 845.52 994.08
0029 0.05616327375173569 791.56 611.59 816.97 595.92 937.86 791.99 912.45 807.66
0112 0.17740274965763092 756.58 541.30 990.41 437.16 1003.21 465.91 769.39 570.05
0030 0.325659841299057 761.06 120.67 1014.47 8.30 1033.76 51.80 780.35 164.17
0030 0.24024085700511932 810.03 584.37 1029.94 451.11 1054.68 491.93 834.77 625.20
0030 0.06477151811122894 851.73 819.35 883.69 806.24 963.47 1000.69 931.51 1013.81
