0192 0.49016693234443665 658.94 736.36 683.68 756.83 587.62 872.91 562.88 852.44
0182 0.33500972390174866 969.18 59.34 1045.41 121.44 1029.86 140.53 953.63 78.43
0005 0.17728166282176971 33.43 276.11 101.72 217.30 122.52 241.46 54.23 300.26
0005 0.09664183855056763 633.23 846.88 734.50 904.35 722.57 925.37 621.30 867.90
0044 0.12671999633312225 590.40 445.19 610.98 428.55 675.81 508.73 655.24 525.37
0018 0.10832709819078445 790.21 864.19 809.48 870.30 783.66 951.64 764.39 945.53
0187 0.11328577995300293 694.77 59.38 752.40 57.91 752.92 78.60 695.29 80.07
0197 0.05158466100692749 789.51 227.49 805.81 231.51 781.10 331.85 764.80 327.84
0197 0.050187818706035614 306.41 562.37 326.83 546.24 403.71 643.60 383.28 659.72
0097 0.33751246333122253 796.08 395.27 881.64 468.62 865.70 487.21 780.15 413.86
0097 0.30386513471603394 198.78 418.53 313.03 452.54 305.23 478.74 190.98 444.73
0097 0.29729369282722473 372.02 319.07 501.39 386.17 490.41 407.34 361.04 340.24
0097 0.1655753254890442 377.01 331.51 465.35 410.51 451.92 425.54 363.58 346.53
0097 0.11180473119020462 526.79 442.52 637.39 503.22 624.26 527.14 513.66 466.45
0097 0.093964584171772 582.96 444.00 597.94 432.06 655.79 504.62 640.82 516.56
0193 0.4785444140434265 882.55 37.60 903.49 55.95 803.27 170.34 782.32 151.99
0019 0.304583340883255 1020.54 748.50 1039.61 759.40 965.41 889.18 946.34 878.27
0045 0.347178190946579 672.92 239.54 745.30 238.02 745.76 259.65 673.38 261.18
0045 0.22259271144866943 603.21 172.50 722.87 174.61 722.32 206.01 602.66 203.90
0045 0.056477729231119156 481.25 199.35 534.55 179.67 539.25 192.40 485.96 212.08
0006 0.19221453368663788 122.55 6.09 153.11 -12.81 262.61 164.29 232.05 183.19
0006 0.117534339427948 502.26 883.14 622.19 840.98 631.61 867.77 511.68 909.94
0183 0.31115269660949707 49.70 917.38 66.25 902.66 122.00 965.34 105.45 980.05
0183 0.29964521527290344 167.05 724.19 182.06 710.03 246.52 778.34 231.51 792.50
0183 0.2995348870754242 64.95 594.09 122.25 642.47 96.23 673.29 38.93 624.90
0183 0.282039999961853 17.80 622.79 92.08 671.81 69.94 705.36 -4.34 656.34
0183 0.22264622151851654 351.43 819.89 432.82 880.38 418.26 899.98 336.87 839.48
0183 0.13417676091194153 97.22 346.35 186.86 306.93 195.99 327.69 106.34 367.11
0183 0.06988516449928284 115.07 361.77 209.24 349.12 212.06 370.10 117.89 382.76
0183 0.05792704224586487 398.47 722.57 514.60 768.90 504.90 793.22 388.77 746.89
0183 0.05411705747246742 156.01 767.99 233.07 769.28 232.69 792.36 155.63 791.07
0001 0.11592388898134232 677.11 791.76 768.47 854.30 753.40 876.31 662.04 813.78
0001 0.07747497409582138 149.36 996.96 264.01 960.07 273.24 988.77 158.59 1025.66
0188 0.3605068325996399 743.51 16.24 850.57 68.83 838.24 93.93 731.18 41.33
0188 0.06964942812919617 728.77 530.38 744.95 546.18 641.42 652.23 625.24 636.44
0098 0.27361956238746643 681.01 902.16 703.80 892.49 742.75 984.31 719.96 993.98
0198 0.0878588855266571 771.47 924.03 883.25 932.40 881.51 955.61 769.73 947.24
0040 0.3316091001033783 602.95 836.07 619.02 826.23 674.62 917.08 658.55 926.91
0040 0.1330471932888031 482.11 567.74 592.03 540.58 598.30 565.97 488.39 593.13
0094 0.23552019894123077 256.79 893.08 277.42 885.04 318.73 991.09 298.10 999.13
0179 0.11694488674402237 724.31 842.92 787.78 887.20 779.10 899.65 715.63 855.37
0179 0.05906752869486809 858.71 579.51 955.23 547.29 963.43 571.85 866.91 604.08
0184 0.3346793055534363 651.82 567.81 676.27 569.49 667.19 702.22 642.73 700.55
0099 0.10249356180429459 118.48 36.56 242.01 113.70 224.51 141.72 100.98 64.58
0007 0.17005982995033264 -12.17 892.68 -0.09 881.02 63.57 947.02 51.49 958.67
0199 0.06854589283466339 780.99 752.60 872.47 737.77 875.97 759.31 784.49 774.15
0195 0.11520926654338837 825.56 481.23 847.40 477.96 861.97 575.43 840.14 578.69
0180 0.13886050879955292 732.32 898.14 869.39 1022.06 848.85 1044.79 711.77 920.86
0180 0.12490776926279068 90.73 95.96 180.72 140.47 171.56 158.99 81.57 114.49
0180 0.10230491310358047 717.89 446.06 797.64 478.71 788.34 501.42 708.59 468.77
0180 0.052707232534885406 896.06 871.95 985.70 865.83 987.51 892.36 897.87 898.47
0185 0.34909746050834656 350.06 836.29 372.87 813.65 447.46 888.82 424.65 911.46
0185 0.13264475762844086 749.59 438.97 767.11 425.24 809.94 479.89 792.42 493.62
0185 0.10287191718816757 799.69 63.37 833.66 41.42 987.54 279.56 953.56 301.52
0185 0.10131637006998062 935.07 656.98 955.20 669.61 874.63 798.01 854.49 785.38
0185 0.07558566331863403 557.34 325.92 580.35 306.08 654.88 392.53 631.87 412.37
0185 0.06985389441251755 776.84 325.26 961.35 380.72 953.39 407.21 768.88 351.75
0095 0.22899474203586578 637.50 168.07 710.74 162.85 712.52 187.77 639.28 192.99
0095 0.0689062550663948 780.88 823.44 913.08 888.64 898.74 917.73 766.53 852.54
0095 0.05011707916855812 734.55 338.14 794.16 367.03 784.10 387.79 724.49 358.91
0041 0.3688284158706665 609.48 573.91 715.12 575.37 714.73 603.36 609.09 601.90
0041 0.16239959001541138 666.39 635.89 745.24 644.78 742.81 666.31 663.97 657.43
0181 0.12545369565486908 483.92 735.73 609.55 744.47 607.65 771.78 482.02 763.04
0181 0.07465914636850357 725.34 41.94 793.38 88.19 781.83 105.17 713.80 58.92
0181 0.05650113895535469 428.85 991.79 498.35 1002.28 495.23 1022.93 425.74 1012.44
0196 0.25299087166786194 794.45 229.04 878.52 305.60 849.10 337.90 765.03 261.35
0037 0.07861010730266571 386.07 996.00 591.67 919.65 603.35 951.09 397.75 1027.44
0186 0.3638613522052765 998.00 648.53 1027.49 665.02 942.37 817.20 912.88 800.70
0186 0.17593050003051758 183.93 142.15 289.96 190.85 280.74 210.93 174.71 162.22
0186 0.12873584032058716 278.01 345.34 302.41 356.90 234.90 499.41 210.50 487.84
0042 0.6775063872337341 464.57 767.88 584.26 782.29 581.43 805.76 461.74 791.36
0042 0.14673291146755219 356.39 362.72 375.06 353.77 425.23 458.45 406.56 467.40
0042 0.05186355486512184 771.81 1017.82 819.75 992.76 828.09 1008.71 780.15 1033.78
0096 0.15325787663459778 401.28 792.79 473.91 863.89 457.42 880.75 384.79 809.65
0096 0.06106659397482872 116.82 864.01 236.74 894.62 229.84 921.64 109.92 891.03
0015 0.5359398722648621 598.08 441.46 617.86 424.56 700.79 521.69 681.01 538.58
0015 0.5180626511573792 788.49 349.59 891.17 417.40 876.27 439.95 773.60 372.14
0015 0.1620635688304901 585.08 482.76 601.53 469.35 647.66 525.93 631.21 539.34
0015 0.12513482570648193 456.48 899.22 528.09 906.34 525.95 927.83 454.35 920.71
0009 0.44915348291397095 15.82 482.76 80.65 537.90 65.08 556.20 0.25 501.07
0010 0.20511500537395477 694.97 618.52 720.80 593.27 885.59 761.80 859.76 787.05
0010 0.19819040596485138 614.74 685.10 835.85 865.51 816.14 889.67 595.03 709.25
0010 0.18569836020469666 647.65 668.39 662.60 654.91 824.79 834.85 809.83 848.33
0010 0.13985750079154968 648.58 772.74 811.18 670.23 825.92 693.61 663.32 796.12
0010 0.08480426669120789 602.84 725.79 814.82 662.83 821.97 686.93 610.00 749.89
0038 0.2702542841434479 821.48 750.16 845.47 744.61 872.81 862.84 848.82 868.39
0038 0.24783308804035187 209.55 585.61 316.57 567.60 320.90 593.30 213.87 611.32
0038 0.07972416281700134 274.56 640.08 332.41 636.38 333.84 658.74 275.99 662.45
0004 0.2824306786060333 975.94 542.42 1002.61 550.45 970.51 657.14 943.83 649.11
0028 0.3575400710105896 397.55 459.70 528.92 505.93 518.43 535.75 387.06 489.52
0028 0.29193824529647827 546.35 502.53 678.34 524.12 673.75 552.22 541.75 530.63
0155 0.146451935172081 41.54 600.23 334.70 670.03 325.69 707.88 32.52 638.08
0160 0.26940861344337463 870.21 957.50 986.97 977.63 982.56 1003.23 865.80 983.11
0160 0.08413483947515488 907.65 904.95 1021.06 966.96 1005.20 995.96 891.79 933.95
0160 0.06853525340557098 690.90 12.99 792.03 -17.75 797.96 1.78 696.83 32.52
0089 0.41344064474105835 38.45 456.22 58.57 449.38 94.56 555.27 74.43 562.11
0089 0.09461567550897598 102.24 627.88 125.52 627.38 127.73 732.18 104.45 732.67
0057 0.6509356498718262 454.70 690.25 584.40 710.64 580.79 733.64 451.09 713.25
0057 0.5008090734481812 626.61 738.29 779.62 750.60 777.26 779.91 624.25 767.60
0057 0.13228271901607513 373.35 229.55 394.83 222.43 428.40 323.70 406.92 330.82
0057 0.13125747442245483 423.98 190.76 445.09 186.81 471.33 327.03 450.22 330.98
0057 0.1039939820766449 744.66 627.73 844.30 638.49 841.93 660.40 742.30 649.64
0057 0.09517112374305725 782.72 975.19 838.62 972.62 839.38 989.02 783.47 991.60
0025 0.06230562925338745 -0.20 851.90 154.73 887.48 146.57 923.02 -8.36 887.44
0161 0.2594720423221588 430.65 381.80 465.36 355.44 633.88 577.27 599.18 603.63
0012 0.3672696053981781 751.49 1010.36 835.87 944.62 857.52 972.42 773.15 1038.15
0090 0.12224392592906952 258.06 174.08 287.88 152.00 339.22 221.32 309.41 243.40
0090 0.07984774559736252 236.51 316.69 329.75 398.41 308.11 423.10 214.88 341.38
0090 0.05511625483632088 137.55 407.93 153.47 392.21 230.71 470.44 214.79 486.16
0053 0.15078096091747284 331.17 435.59 579.89 319.95 596.81 356.36 348.10 471.99
0053 0.1206313893198967 240.64 744.19 270.00 735.19 307.74 858.19 278.38 867.20
0053 0.07639402151107788 624.44 700.00 652.28 698.31 659.27 813.75 631.43 815.44
0053 0.06041993945837021 357.15 922.68 624.96 892.22 630.38 939.86 362.57 970.31
0026 0.3002132475376129 -0.07 730.47 141.59 679.48 153.75 713.26 12.09 764.25
0026 0.25368407368659973 119.34 540.08 137.41 527.44 201.92 619.64 183.85 632.28
0026 0.09562613070011139 5.44 278.93 114.08 228.31 123.57 248.67 14.93 299.29
0026 0.08863452076911926 462.12 628.71 482.79 617.22 542.82 725.21 522.15 736.70
0026 0.06641949713230133 361.90 161.55 382.46 146.12 473.73 267.79 453.17 283.21
0162 0.5850221514701843 810.00 920.51 892.47 987.08 874.58 1009.24 792.11 942.67
0162 0.5779280066490173 925.35 508.80 1010.77 576.80 994.02 597.83 908.60 529.83
0162 0.45062458515167236 881.59 554.46 906.68 533.62 978.53 620.12 953.44 640.96
0162 0.18950974941253662 777.52 631.32 837.68 672.71 824.34 692.10 764.18 650.71
0162 0.15536271035671234 910.48 740.89 963.71 792.30 934.43 822.62 881.20 771.20
0162 0.13216033577919006 717.90 654.36 733.11 641.49 800.33 720.97 785.12 733.84
0157 0.16628508269786835 668.01 683.61 761.26 681.00 761.95 705.71 668.69 708.31
0157 0.16301821172237396 399.59 761.94 478.40 816.47 466.56 833.59 387.75 779.06
0157 0.057423871010541916 930.02 802.61 961.17 806.45 947.76 915.27 916.61 911.42
0157 0.05576837435364723 389.52 463.38 416.18 472.34 383.43 569.78 356.77 560.82
0054 0.2026711255311966 891.09 401.47 943.30 397.25 944.75 415.20 892.54 419.42
0059 0.32769671082496643 353.44 537.89 628.41 500.81 632.67 532.35 357.69 569.42
0059 0.15396983921527863 322.38 5.27 516.99 -4.75 518.78 29.84 324.16 39.87
0059 0.10683075338602066 249.82 338.44 280.54 335.33 294.54 473.77 263.81 476.88
0059 0.09231799840927124 378.90 851.53 415.75 842.30 468.10 1051.13 431.25 1060.37
0059 0.0863969549536705 608.82 302.98 637.11 294.49 669.20 401.38 640.91 409.87
0034 0.06387403607368469 86.51 128.51 193.76 71.65 205.58 93.93 98.33 150.80
0048 0.1432284712791443 760.94 830.79 985.76 710.95 1006.67 750.17 781.84 870.01
0158 0.07072307914495468 392.50 70.68 484.53 120.33 475.55 136.97 383.53 87.32
0027 0.20142394304275513 928.87 143.63 950.58 133.00 998.87 231.61 977.16 242.24
0027 0.14114393293857574 701.62 324.45 956.55 300.10 960.62 342.73 705.69 367.08
0027 0.08114077150821686 725.96 179.07 811.55 146.53 819.76 168.14 734.17 200.68
0092 0.5425710678100586 231.06 589.03 382.83 558.19 387.48 581.07 235.71 611.91
0092 0.06862607598304749 628.61 544.41 645.65 532.71 712.30 629.79 695.26 641.49
0060 0.21071892976760864 661.74 69.16 754.45 58.03 757.54 83.75 664.83 94.89
0055 0.34030646085739136 607.24 386.62 720.87 378.31 722.75 404.04 609.12 412.34
0055 0.13165749609470367 664.43 469.94 742.79 458.90 745.97 481.44 667.61 492.49
0055 0.06383345276117325 389.42 632.45 418.09 628.70 427.64 701.65 398.96 705.41
0035 0.057106390595436096 887.72 127.90 995.73 66.99 1010.01 92.33 902.01 153.23
0159 0.45091813802719116 853.60 783.09 877.92 764.29 1005.89 929.89 981.56 948.69
0159 0.09816140681505203 813.64 373.69 880.94 409.92 871.82 426.85 804.52 390.62
0159 0.06199946999549866 892.36 207.29 956.16 262.66 940.60 280.59 876.80 225.21
0159 0.060410600155591965 936.51 120.39 1025.41 55.80 1045.41 83.32 956.51 147.91
0062 0.33240458369255066 237.45 317.73 376.23 372.18 363.97 403.42 225.20 348.97
0062 0.06719312071800232 342.06 225.48 443.28 239.70 439.98 263.19 338.76 248.96
0061 0.6869400143623352 857.03 274.09 988.17 326.42 978.38 350.93 847.25 298.61
0056 0.19613513350486755 262.35 65.50 349.62 65.47 349.63 86.96 262.36 86.98
0056 0.13703007996082306 768.91 192.06 791.95 187.08 822.01 326.11 798.97 331.10
0154 0.2989441156387329 873.15 422.67 984.88 443.61 980.28 468.12 868.56 447.19
0154 0.14904749393463135 602.87 635.28 693.58 645.82 691.39 664.67 600.68 654.12
0154 0.09403668344020844 679.12 390.39 792.26 418.39 788.01 435.57 674.87 407.57
0154 0.0609462708234787 695.23 369.06 788.39 391.45 782.12 417.52 688.97 395.13
0049 0.1512773633003235 328.35 849.51 560.85 699.33 583.23 733.98 350.73 884.16
0093 0.5394158363342285 30.49 176.21 229.71 86.92 241.96 114.25 42.74 203.54
0072 0.224595308303833 277.55 565.69 297.99 574.98 239.42 703.77 218.98 694.48
0077 0.07795091718435287 502.91 98.79 524.53 111.15 475.86 196.27 454.24 183.91
0063 0.18279701471328735 775.70 147.67 1015.13 59.92 1032.54 107.43 793.12 195.18
0063 0.07914845645427704 819.90 540.18 850.61 532.25 890.70 687.48 859.99 695.41
0063 0.05702050402760506 16.25 200.78 128.51 167.69 135.03 189.79 22.76 222.88
0082 0.054580993950366974 258.90 160.44 285.73 155.92 312.27 313.30 285.44 317.82
0050 0.06742691993713379 598.03 790.45 731.69 788.90 732.00 815.71 598.34 817.26
0117 0.16076648235321045 818.09 9.43 964.97 43.65 958.43 71.74 811.55 37.52
0122 0.2290453165769577 273.59 629.70 302.18 624.23 339.37 818.71 310.78 824.18
0122 0.10614999383687973 578.09 285.95 694.20 263.10 700.22 293.69 584.11 316.54
0122 0.06291534751653671 107.99 583.44 133.35 575.42 187.57 746.93 162.21 754.94
0068 0.4148346185684204 565.66 458.70 648.87 517.75 634.72 537.68 551.51 478.63
0127 0.19924911856651306 735.57 174.97 826.99 145.12 834.36 167.68 742.94 197.53
0127 0.11823755502700806 768.58 318.98 786.02 304.69 880.90 420.41 863.47 434.71
0127 0.1041501984000206 849.63 608.36 959.23 713.38 938.06 735.47 828.47 630.45
0127 0.08514765650033951 691.32 197.09 709.91 194.35 725.37 299.34 706.78 302.07
0132 0.22984281182289124 374.16 239.23 440.09 241.46 439.53 258.14 373.59 255.91
0132 0.15855641663074493 328.77 833.28 410.88 759.71 428.21 779.05 346.10 852.62
0132 0.11735396087169647 798.23 543.29 884.66 601.85 870.15 623.27 783.72 564.71
0132 0.07869359850883484 39.76 853.05 134.71 818.09 144.99 846.02 50.04 880.98
0078 0.6939716339111328 661.44 114.87 776.17 110.55 776.99 132.31 662.26 136.63
0073 0.14688697457313538 35.20 190.96 54.53 177.75 114.75 265.84 95.42 279.05
0073 0.112874336540699 541.11 651.46 567.00 668.07 480.23 803.26 454.35 786.65
0073 0.060998786240816116 770.59 806.76 865.14 811.35 864.11 832.66 769.56 828.07
0073 0.05690942332148552 366.22 423.14 441.87 481.84 422.92 506.27 347.27 447.56
0064 0.3386189341545105 8.85 523.64 39.82 513.83 91.89 678.26 60.91 688.07
0064 0.3077104687690735 -7.19 125.33 232.45 75.23 240.62 114.34 0.99 164.44
0083 0.10561230033636093 507.16 72.73 625.88 112.19 617.81 136.44 499.10 96.98
0051 0.1363981068134308 612.55 -5.20 787.76 31.00 782.66 55.67 607.46 19.48
0069 0.15806813538074493 8.03 884.21 153.22 991.17 136.30 1014.14 -8.89 907.18
0069 0.09872474521398544 239.53 638.42 411.72 788.74 387.62 816.36 215.42 666.04
0069 0.07572347670793533 562.04 251.27 585.44 262.33 544.44 349.15 521.04 338.10
0069 0.05368383601307869 421.27 126.83 482.31 102.83 493.45 131.15 432.40 155.15
0123 0.20685948431491852 712.36 354.73 858.34 287.39 873.93 321.20 727.95 388.54
0133 0.1487741470336914 624.68 239.00 644.51 220.67 718.37 300.58 698.53 318.91
0074 0.05854335054755211 361.33 258.85 390.75 269.74 336.92 415.04 307.51 404.14
0065 0.1493387669324875 783.85 134.76 810.21 118.10 910.68 277.09 884.32 293.75
0137 0.21375983953475952 304.05 603.18 328.82 592.65 364.27 676.10 339.50 686.63
0137 0.15957745909690857 554.43 538.59 575.29 534.55 593.95 630.89 573.10 634.93
0137 0.13751420378684998 198.28 942.07 222.16 943.28 217.33 1038.68 193.45 1037.47
0070 0.7144618630409241 563.19 61.02 652.40 113.83 638.89 136.64 549.69 83.83
0070 0.07874064892530441 291.74 870.10 354.05 850.14 360.04 868.84 297.73 888.80
0134 0.09950293600559235 520.77 660.83 548.35 652.50 580.04 757.52 552.45 765.84
0124 0.3454781770706177 561.99 523.68 706.42 596.33 690.70 627.57 546.28 554.92
0124 0.16429926455020905 374.44 478.01 489.28 553.56 474.56 575.94 359.72 500.40
0124 0.07929075509309769 661.40 742.29 687.62 736.92 708.11 837.14 681.90 842.50
0124 0.06111197546124458 281.88 833.17 390.21 829.67 390.88 850.42 282.55 853.93
0080 0.3586997389793396 718.42 507.37 841.22 477.45 846.94 500.89 724.14 530.81
0080 0.09952382743358612 719.13 704.16 892.89 624.86 907.12 656.06 733.36 735.36
0080 0.05638087913393974 665.29 239.57 813.68 220.89 816.91 246.53 668.52 265.21
0119 0.36396628618240356 642.89 780.94 827.85 756.60 832.01 788.20 647.05 812.55
0075 0.053355634212493896 276.02 131.06 291.40 143.45 239.43 208.01 224.04 195.62
0085 0.4386287033557892 12.86 151.59 70.48 175.30 63.75 191.65 6.13 167.93
0085 0.20471744239330292 39.71 688.16 67.80 685.34 83.22 838.99 55.12 841.81
0135 0.37682250142097473 695.93 -2.83 791.83 89.88 762.75 119.96 666.85 27.24
0125 0.37144115567207336 567.43 131.38 712.66 199.60 698.60 229.54 553.36 161.31
0125 0.22209960222244263 360.24 89.24 499.80 151.50 485.87 182.72 346.31 120.46
0125 0.2061295509338379 207.37 434.89 385.85 443.91 384.65 467.70 206.17 458.69
0125 0.09934838861227036 670.25 334.85 695.46 335.42 693.10 440.20 667.88 439.63
0076 0.6439487338066101 312.67 524.27 401.73 489.45 409.25 508.68 320.19 543.51
0120 0.42388424277305603 334.47 364.49 478.74 312.81 488.56 340.24 344.30 391.92
0130 0.15994177758693695 834.57 224.76 880.05 224.52 881.33 467.58 835.85 467.82
0142 0.22931653261184692 475.96 894.54 634.67 785.28 655.65 815.76 496.94 925.02
0142 0.21478085219860077 689.62 304.85 899.62 293.16 901.67 329.94 691.67 341.63
0142 0.06992939114570618 452.96 425.19 683.92 328.99 698.09 363.02 467.14 459.21
0139 0.07833317667245865 449.84 235.65 466.35 249.86 415.29 309.18 398.78 294.96
0136 0.3263763189315796 830.79 267.81 853.05 264.25 874.82 400.23 852.56 403.79
0126 0.4409793019294739 916.09 437.23 995.84 439.83 995.17 460.54 915.41 457.95
0086 0.32426151633262634 428.68 294.41 456.15 287.50 490.10 422.56 462.63 429.47
0086 0.19775573909282684 38.66 643.35 107.34 624.01 113.66 646.45 44.98 665.79
0131 0.16722773015499115 777.98 641.35 838.33 638.87 838.99 655.03 778.64 657.51
0046 0.3467848002910614 578.55 387.25 782.89 424.93 777.00 456.86 572.66 419.18
0121 0.27789565920829773 171.99 430.42 305.65 473.28 297.26 499.44 163.60 456.58
0121 0.10082295536994934 -22.28 432.48 88.74 393.73 99.13 423.51 -11.88 462.26
0143 0.22872552275657654 334.01 82.51 448.25 44.29 455.80 66.86 341.56 105.09
0143 0.05373096838593483 892.48 25.91 922.62 9.02 957.63 71.53 927.49 88.41
0167 0.11190047860145569 417.84 219.14 448.12 245.97 289.56 424.86 259.29 398.03
0177 0.0942828580737114 596.44 672.67 628.77 659.51 683.58 794.17 651.26 807.33
0177 0.057452451437711716 628.62 662.44 652.51 653.56 711.56 812.47 687.67 821.35
0163 0.21407875418663025 449.17 -37.76 476.37 -56.37 656.83 207.42 629.63 226.03
0163 0.09743665158748627 254.06 658.06 271.00 641.78 341.84 715.46 324.91 731.74
0163 0.05396919697523117 350.84 955.98 445.46 865.05 462.79 883.08 368.17 974.02
0163 0.053936511278152466 481.11 642.16 605.71 708.68 592.12 734.14 467.52 667.62
0109 0.48769983649253845 779.14 891.57 916.03 834.63 926.88 860.71 789.99 917.65
0109 0.37833791971206665 62.44 855.73 147.87 841.92 150.80 860.01 65.37 873.82
0109 0.20287367701530457 172.95 580.11 279.15 585.26 277.43 620.54 171.24 615.40
0148 0.1438576877117157 163.06 747.33 380.61 684.20 391.63 722.16 174.08 785.29
0114 0.4710279703140259 621.43 765.55 779.30 801.57 772.17 832.83 614.30 796.81
0114 0.1945308893918991 820.67 789.85 1040.62 845.06 1028.86 891.93 808.91 836.73
0114 0.12452862411737442 587.36 732.46 662.72 706.17 669.59 725.88 594.24 752.17
0114 0.11781889200210571 522.08 376.00 544.98 357.29 624.65 454.81 601.75 473.52
0173 0.10866045206785202 470.74 764.57 499.43 783.37 381.35 963.54 352.65 944.73
0144 0.5673792362213135 65.78 82.33 265.86 -9.87 279.89 20.57 79.81 112.77
0168 0.06922783702611923 725.45 727.08 809.09 792.95 793.52 812.71 709.88 746.84
0178 0.16924425959587097 893.96 897.90 976.69 932.60 967.76 953.88 885.03 919.18
0178 0.11492693424224854 363.30 968.56 483.30 1013.88 474.23 1037.91 354.23 992.58
0164 0.33487188816070557 896.22 338.84 919.01 328.05 962.61 420.07 939.82 430.87
0164 0.3183106482028961 810.09 529.32 890.21 581.08 877.47 600.80 797.35 549.04
0164 0.20919062197208405 890.85 145.37 921.36 132.11 962.32 226.41 931.81 239.66
0164 0.19873781502246857 945.21 836.95 958.27 824.26 1011.54 879.06 998.49 891.75
0164 0.1790238469839096 170.62 608.86 256.91 651.93 248.44 668.89 162.15 625.82
0164 0.1706448644399643 45.62 612.69 70.99 620.64 34.23 737.99 8.86 730.04
0164 0.057244960218667984 915.34 115.62 939.49 102.23 1004.89 220.24 980.73 233.62
0103 0.11929316818714142 790.81 125.48 810.36 123.61 818.98 213.59 799.43 215.46
0174 0.3663102388381958 149.27 534.57 172.95 539.26 152.54 642.21 128.86 637.52
0145 0.05943681299686432 688.52 738.33 772.48 733.92 773.43 751.89 689.47 756.30
0169 0.08907875418663025 938.19 145.00 962.04 141.76 976.73 249.92 952.88 253.15
0106 0.1603148877620697 552.25 77.40 570.97 67.88 614.06 152.65 595.34 162.17
0165 0.7362304329872131 399.51 115.10 494.04 183.50 478.38 205.15 383.85 136.75
0165 0.30920860171318054 543.87 417.84 630.35 480.30 618.56 496.62 532.08 434.16
0165 0.17896823585033417 452.20 887.51 484.34 911.71 385.14 1043.45 353.00 1019.25
0165 0.10634447634220123 395.37 827.11 423.42 845.29 323.66 999.22 295.60 981.04
0165 0.08835487067699432 219.97 315.00 241.59 303.25 310.16 429.40 288.54 441.15
0017 0.3223035931587219 54.48 436.14 144.17 490.94 131.44 511.77 41.75 456.97
0017 0.30554306507110596 757.11 620.09 856.18 677.20 842.61 700.74 743.54 643.64
0017 0.14807932078838348 620.27 51.45 715.02 102.81 699.24 131.93 604.48 80.57
0017 0.12233500927686691 597.02 79.25 653.80 118.49 642.46 134.89 585.68 95.65
0110 0.5859410762786865 781.84 463.47 925.47 466.84 924.88 491.94 781.25 488.56
0110 0.29447248578071594 59.81 460.16 151.61 432.91 157.23 451.84 65.42 479.09
0110 0.11263993382453918 361.59 213.70 461.29 254.46 452.85 275.09 353.15 234.32
0110 0.05505795031785965 143.47 171.49 293.09 184.31 289.99 220.43 140.38 207.62
0170 0.06537791341543198 323.43 328.44 411.33 397.70 397.51 415.23 309.62 345.97
0116 0.538561224937439 224.99 359.93 374.13 395.84 365.33 432.39 216.19 396.48
0116 0.3452230393886566 424.47 405.81 549.34 419.04 545.61 454.29 420.73 441.05
0116 0.06809116154909134 237.29 293.46 255.63 304.63 218.16 366.16 199.81 354.99
0107 0.05744607001543045 769.09 301.76 797.88 283.42 884.95 420.11 856.16 438.45
0176 0.08361107856035233 786.45 351.00 862.16 337.92 866.13 360.83 790.41 373.92
0105 0.3493574857711792 153.92 860.22 173.59 853.13 213.38 963.52 193.71 970.61
0029 0.20417040586471558 784.94 532.04 1013.74 400.61 1033.08 434.28 804.29 565.72
0029 0.09458997845649719 831.86 967.99 1016.85 886.67 1029.15 914.65 844.16 995.97
0016 0.3515588641166687 832.02 138.64 855.66 159.17 766.27 262.07 742.63 241.54
0112 0.4022480845451355 823.38 500.30 975.19 476.36 979.06 500.90 827.25 524.84
0112 0.08388777077198029 77.69 753.66 95.90 771.80 14.75 853.22 -3.46 835.08
0030 0.2077081948518753 808.59 551.55 1036.45 478.45 1050.39 521.91 822.53 595.01
0030 0.11800378561019897 764.08 129.77 1013.99 -1.11 1035.08 39.15 785.16 170.03
0031 0.1339169144630432 863.78 710.18 954.01 721.97 949.86 753.76 859.63 741.98
