0192 0.457886666059494 665.70 735.33 685.13 750.68 594.42 865.49 574.99 850.14
0182 0.10044091939926147 956.14 72.50 972.98 56.11 1045.22 130.31 1028.38 146.70
0005 0.11181014031171799 95.02 209.41 118.41 225.95 57.99 311.36 34.60 294.81
0005 0.08041568845510483 624.34 849.48 644.08 834.19 718.14 929.82 698.40 945.11
0044 0.3682914078235626 582.71 430.68 695.74 501.55 682.29 523.01 569.26 452.14
0044 0.13738562166690826 511.80 656.23 622.19 565.81 637.78 584.84 527.39 675.27
0044 0.12195014953613281 900.94 565.77 926.46 552.64 1001.99 699.45 976.47 712.58
0044 0.07408903539180756 768.25 88.07 786.12 72.38 884.63 184.64 866.75 200.33
0018 0.0601167306303978 807.48 864.98 824.56 879.28 762.74 953.14 745.65 938.84
0187 0.15370811522006989 672.21 782.46 696.06 787.22 658.91 973.12 635.06 968.35
0187 0.11043588072061539 1005.03 512.18 1022.75 525.31 930.56 649.74 912.84 636.61
0187 0.06810169667005539 655.29 774.96 687.50 793.80 594.18 953.33 561.97 934.49
0097 0.5656618475914001 510.30 457.06 648.30 506.77 640.00 529.82 502.00 480.10
0097 0.5397958755493164 539.52 442.45 673.84 478.45 667.08 503.66 532.76 467.66
0097 0.34816285967826843 362.76 317.49 495.14 396.81 484.61 414.37 352.24 335.06
0097 0.2727469205856323 785.28 390.05 896.88 468.40 881.43 490.41 769.83 412.06
0097 0.1794293373823166 362.46 346.34 473.87 405.17 465.28 421.43 353.87 362.60
0097 0.14889416098594666 189.40 431.73 328.37 432.90 328.19 454.24 189.22 453.07
0097 0.11390680819749832 877.39 287.33 984.15 347.71 971.76 369.63 865.00 309.24
0193 0.17063027620315552 864.39 27.56 886.23 37.90 818.29 181.34 796.46 171.00
0193 0.05759340524673462 72.90 27.51 93.95 36.67 24.35 196.65 3.30 187.50
0019 0.22901523113250732 1021.09 745.99 1040.51 756.88 964.91 891.69 945.49 880.79
0045 0.09710078686475754 605.67 189.71 722.14 155.66 732.04 189.51 615.57 223.57
0045 0.09457553923130035 329.38 512.64 353.77 503.06 414.86 658.53 390.47 668.11
0045 0.0941629633307457 299.71 541.02 321.32 526.65 391.80 632.56 370.19 646.94
0006 0.5301369428634644 135.90 -3.12 157.93 -12.05 234.63 177.33 212.59 186.26
0006 0.2796352803707123 104.18 46.82 243.77 138.51 235.21 151.55 95.61 59.87
0006 0.13541337847709656 501.46 893.37 618.85 840.28 629.32 863.43 511.93 916.52
0006 0.08054545521736145 186.72 19.66 201.86 27.72 119.12 183.01 103.98 174.95
0183 0.5435612797737122 45.92 594.33 62.22 585.07 110.72 670.40 94.42 679.66
0183 0.44198134541511536 17.68 629.88 96.01 669.09 77.40 706.26 -0.93 667.06
0183 0.15361617505550385 380.93 718.69 548.77 774.17 540.39 799.51 372.56 744.04
0183 0.10870584845542908 170.87 724.00 254.47 784.03 226.65 822.77 143.05 762.74
0183 0.09545166045427322 912.86 400.06 925.83 390.14 1022.44 516.39 1009.48 526.31
0183 0.06115109473466873 329.12 829.98 438.56 863.77 431.84 885.54 322.40 851.76
0183 0.05692509189248085 96.13 357.06 184.00 302.60 194.96 320.29 107.10 374.75
0001 0.4080147445201874 643.17 804.37 781.95 863.42 769.84 891.89 631.06 832.84
0001 0.12794838845729828 908.91 895.29 975.00 841.18 996.40 867.33 930.32 921.43
0001 0.12124436348676682 680.35 779.18 776.88 866.50 766.47 878.00 669.94 790.68
0001 0.11456383019685745 596.05 676.26 615.26 659.16 703.18 757.94 683.96 775.04
0001 0.10849939286708832 556.13 663.15 672.26 767.11 657.87 783.19 541.74 679.23
0001 0.0867915078997612 855.06 876.72 950.89 804.19 967.03 825.50 871.19 898.04
0001 0.06203760579228401 142.92 1019.16 256.45 949.26 272.49 975.32 158.96 1045.22
0188 0.5120407342910767 745.42 -4.02 849.86 83.21 829.43 107.68 724.99 20.45
0188 0.3225852847099304 689.38 324.57 715.04 306.82 803.54 434.71 777.88 452.47
0188 0.12361206114292145 591.46 377.64 604.77 384.48 522.57 544.55 509.27 537.72
0188 0.12139590829610825 668.96 401.29 711.62 370.27 763.63 441.78 720.98 472.81
0188 0.08287245035171509 723.71 512.50 742.95 525.53 660.76 646.97 641.51 633.95
0098 0.10185234993696213 687.55 896.29 711.04 890.61 734.60 987.94 711.11 993.62
0198 0.06748760491609573 550.78 903.31 663.11 809.23 680.74 830.28 568.41 924.36
0198 0.05733861029148102 761.92 928.76 893.80 926.25 894.22 948.53 762.35 951.04
0040 0.22417466342449188 599.91 831.07 625.92 820.45 668.88 925.69 642.87 936.31
0040 0.18523834645748138 447.52 581.62 617.26 523.44 627.25 552.60 457.51 610.78
0040 0.06151745468378067 783.95 471.35 800.76 464.18 860.36 603.98 843.55 611.15
0094 0.05976250022649765 782.18 462.92 822.69 481.34 777.74 580.23 737.23 561.82
0094 0.05178430676460266 247.08 889.29 267.09 878.18 326.76 985.71 306.76 996.82
0179 0.15814204514026642 650.81 136.96 672.63 142.37 648.26 240.64 626.44 235.23
0179 0.07549019902944565 696.06 853.15 804.08 869.82 800.63 892.21 692.61 875.54
0189 0.13161543011665344 702.89 12.26 725.34 26.42 625.23 185.21 602.78 171.05
0184 0.054902318865060806 668.10 559.71 688.44 564.97 650.48 711.67 630.14 706.41
0099 0.5514978766441345 114.51 51.20 244.37 108.94 233.97 132.34 104.11 74.60
0099 0.10865750163793564 136.16 51.96 268.78 65.63 266.12 91.48 133.50 77.81
0099 0.0628155916929245 382.47 -9.78 480.45 71.88 463.69 91.99 365.71 10.33
0007 0.06849265098571777 -14.50 895.32 69.66 925.96 63.44 943.04 -20.72 912.40
0007 0.056814808398485184 595.18 638.05 765.10 701.73 757.80 721.21 587.88 657.53
0180 0.06418052315711975 183.94 423.38 298.76 478.84 283.84 509.75 169.01 454.29
0180 0.06302241235971451 84.97 348.01 203.87 421.22 188.40 446.35 69.50 373.14
0180 0.05640856921672821 93.92 94.02 190.33 139.36 173.20 175.80 76.78 130.45
0190 0.07902972400188446 46.29 804.55 77.32 811.52 30.97 1017.80 -0.06 1010.83
0185 0.4744262099266052 956.67 634.82 975.72 650.33 856.31 796.99 837.26 781.48
0185 0.29287776350975037 780.54 314.75 962.25 392.86 951.20 418.57 769.49 340.45
0185 0.2630481421947479 564.76 314.15 670.20 386.04 653.44 410.62 548.00 338.73
0185 0.17905694246292114 365.57 816.79 446.12 875.98 426.33 902.91 345.79 843.71
0185 0.13458402454853058 787.84 148.80 981.61 129.93 983.47 148.98 789.69 167.85
0185 0.11294621229171753 749.06 421.61 825.50 479.66 810.40 499.54 733.96 441.50
0185 0.10686913132667542 448.26 166.53 545.11 260.17 520.94 285.16 424.09 191.53
0185 0.09525784105062485 547.73 366.98 625.71 380.00 623.28 394.54 545.30 381.51
0185 0.05485288426280022 761.67 64.35 1057.40 250.14 1033.80 287.71 738.07 101.92
0041 0.17765843868255615 601.07 579.04 719.59 572.61 720.97 597.94 602.44 604.37
0041 0.05638376623392105 5.10 496.81 24.98 491.90 56.88 621.14 37.00 626.05
0181 0.06754492223262787 488.57 710.29 604.05 763.35 590.85 792.08 475.37 739.02
0200 0.09296800941228867 389.72 964.60 586.54 925.35 593.65 961.02 396.83 1000.27
0196 0.4578024744987488 908.67 37.50 928.92 44.51 879.61 187.01 859.36 180.01
0196 0.16414271295070648 773.12 243.77 808.49 222.27 871.06 325.24 835.68 346.73
0196 0.07091540098190308 722.99 339.86 842.99 385.04 833.27 410.84 713.27 365.67
0003 0.05639064684510231 953.41 377.49 977.50 399.74 848.75 539.14 824.65 516.90
0037 0.4789004623889923 778.74 887.26 890.28 991.63 871.04 1012.20 759.49 907.83
0037 0.05455939844250679 405.37 977.89 593.77 936.89 598.99 960.88 410.59 1001.88
0186 0.40186241269111633 274.08 353.86 292.23 362.29 231.57 492.82 213.42 484.39
0186 0.12099900841712952 157.87 130.54 292.69 198.04 283.76 215.89 148.93 148.39
0186 0.11463166773319244 992.90 664.72 1010.98 673.73 934.38 827.48 916.30 818.47
0042 0.4519692063331604 345.33 367.30 359.73 356.39 437.10 458.62 422.70 469.52
0042 0.3707946836948395 416.76 311.06 438.06 307.29 464.92 459.16 443.62 462.92
0042 0.09853821247816086 436.47 756.51 586.33 786.30 581.10 812.63 431.24 782.85
0042 0.05192120745778084 391.27 360.88 409.32 354.70 450.34 474.48 432.30 480.66
0096 0.3191882073879242 109.89 860.95 245.30 897.30 238.59 922.29 103.18 885.94
0096 0.22332370281219482 389.47 790.92 480.17 863.76 462.67 885.56 371.96 812.72
0096 0.05738547816872597 -25.73 739.30 105.93 785.29 96.64 811.88 -35.02 765.88
0015 0.4689759314060211 610.81 429.77 718.79 515.27 700.79 538.00 592.81 452.50
0015 0.2986442744731903 559.00 448.78 692.36 541.42 679.27 560.27 545.91 467.63
0015 0.09160029888153076 785.77 369.98 907.91 413.49 900.03 435.62 777.88 392.11
0015 0.07613138854503632 584.73 527.26 686.10 451.60 697.23 466.51 595.85 542.16
0009 0.14230185747146606 12.68 488.18 90.36 533.50 77.86 554.91 0.19 509.59
0009 0.13015039265155792 194.82 152.58 344.20 174.32 340.77 197.88 191.39 176.14
0009 0.08721696585416794 174.93 63.56 370.63 161.36 357.62 187.40 161.92 89.60
0009 0.08607686311006546 670.19 199.24 846.29 245.13 840.94 265.66 664.84 219.77
0010 0.07543935626745224 96.50 177.42 273.89 231.82 268.10 250.71 90.70 196.32
0010 0.05559287965297699 1.41 114.54 192.03 169.27 183.23 199.92 -7.39 145.20
0038 0.1677432656288147 206.00 593.20 322.41 557.60 330.04 582.53 213.63 618.13
0038 0.10160589963197708 817.79 756.26 841.01 749.76 875.78 873.88 852.56 880.39
0004 0.20591923594474792 949.34 545.28 973.35 541.89 994.09 688.73 970.07 692.12
0028 0.28063639998435974 391.94 468.88 531.91 499.20 526.02 526.40 386.04 496.08
0028 0.23349103331565857 548.47 503.44 688.78 525.53 684.66 551.71 544.35 529.62
0028 0.16931882500648499 369.20 35.30 396.83 41.38 366.32 180.10 338.68 174.02
0028 0.0998762771487236 297.28 74.59 315.24 65.76 366.04 169.09 348.09 177.91
0043 0.07520186901092529 803.95 278.80 821.20 266.47 897.63 373.45 880.38 385.77
0036 0.27687546610832214 488.53 135.16 609.30 43.36 623.75 62.37 502.98 154.17
0155 0.05517459660768509 151.29 668.24 312.11 642.28 317.42 675.20 156.60 701.15
0155 0.0500481091439724 32.32 689.26 223.56 598.87 234.37 621.74 43.12 712.12
0160 0.44331300258636475 868.61 942.21 888.53 922.76 971.67 1007.93 951.75 1027.37
0160 0.08278549462556839 922.81 909.39 941.93 898.25 999.82 997.66 980.71 1008.79
0089 0.39479994773864746 28.98 459.91 51.70 453.29 86.71 573.52 64.00 580.14
0089 0.10153654962778091 44.49 470.63 59.87 463.07 104.66 554.32 89.28 561.87
0151 0.4969436824321747 606.78 904.32 626.65 893.22 697.82 1020.54 677.95 1031.65
0151 0.30906960368156433 220.61 507.67 238.26 498.23 324.02 658.44 306.38 667.89
0151 0.27724316716194153 577.07 899.35 606.76 891.86 647.32 1052.79 617.63 1060.27
0151 0.2756866216659546 422.51 928.17 513.02 1012.66 498.34 1028.38 407.84 943.89
0151 0.2153884768486023 361.42 925.21 379.65 915.50 449.71 1046.94 431.49 1056.66
0151 0.0717276930809021 233.91 771.56 263.77 764.00 299.76 906.15 269.89 913.71
0057 0.4015471041202545 426.38 178.27 446.01 175.51 469.24 340.98 449.60 343.74
0057 0.29835158586502075 347.84 227.69 363.38 215.18 444.11 315.51 428.57 328.01
0057 0.13048309087753296 644.55 707.52 760.88 788.40 745.46 810.58 629.13 729.70
0057 0.10239989310503006 449.71 678.16 592.44 726.53 585.39 747.32 442.66 698.95
0032 0.8384105563163757 783.43 202.20 803.75 208.37 755.90 365.75 735.58 359.57
0032 0.4287567436695099 765.92 197.11 783.75 201.88 738.86 369.52 721.03 364.75
0032 0.13798651099205017 681.22 300.38 817.08 244.14 823.87 260.55 688.01 316.79
0032 0.09222728759050369 915.97 807.12 1039.25 795.93 1041.39 819.61 918.12 830.80
0032 0.05209895595908165 693.68 222.18 812.20 314.81 797.89 333.11 679.38 240.48
0032 0.050195757299661636 680.69 319.13 822.51 264.80 829.45 282.91 687.64 337.24
0052 0.09226465225219727 819.56 511.08 842.27 501.32 889.67 611.64 866.95 621.40
0025 0.3107660710811615 -6.06 882.07 158.82 896.22 156.64 921.72 -8.25 907.57
0025 0.05098262429237366 -2.05 769.57 290.81 823.97 285.93 850.26 -6.94 795.86
0161 0.08322517573833466 867.99 84.00 1003.43 12.16 1017.20 38.10 881.75 109.95
0156 0.10180851817131042 151.89 797.80 268.14 862.17 247.37 899.67 131.13 835.31
0012 0.07922372221946716 824.62 937.04 853.39 959.92 785.62 1045.15 756.85 1022.27
0090 0.37484341859817505 211.73 329.42 239.27 306.20 317.67 399.19 290.13 422.41
0090 0.12661698460578918 260.68 180.59 287.05 166.59 322.50 233.32 296.13 247.33
0090 0.07264541834592819 122.68 406.24 149.52 383.27 226.82 473.60 199.98 496.57
0152 0.3109966814517975 647.25 501.79 668.46 507.37 621.13 687.43 599.92 681.86
0152 0.2152298241853714 606.48 480.01 630.47 481.94 615.04 674.09 591.04 672.16
0152 0.07547697424888611 210.78 103.29 236.01 88.67 336.97 262.92 311.74 277.53
0033 0.08109159022569656 754.75 36.58 781.10 12.82 891.66 135.43 865.31 159.19
0053 0.7313349843025208 907.08 867.37 928.35 858.73 981.31 989.15 960.04 997.79
0053 0.27071768045425415 258.06 728.19 281.87 730.04 270.38 877.78 246.57 875.92
0053 0.19724316895008087 605.60 682.03 629.68 674.75 675.57 826.39 651.49 833.68
0053 0.13241583108901978 5.96 495.23 32.43 483.37 98.15 629.96 71.67 641.83
0053 0.06779658049345016 320.30 435.38 593.25 323.69 607.91 359.52 334.96 471.20
0053 0.05690225958824158 387.73 966.91 583.42 853.47 597.13 877.12 401.44 990.56
0058 0.13529938459396362 841.25 103.21 863.70 100.40 879.52 226.54 857.07 229.36
0026 0.48673340678215027 465.29 627.30 489.93 619.98 523.41 732.64 498.78 739.96
0026 0.32006096839904785 128.91 533.81 147.85 525.24 196.06 631.85 177.12 640.42
0026 0.28974634408950806 514.81 635.30 530.46 625.11 590.76 717.68 575.11 727.87
0026 0.28730908036231995 -3.99 288.35 115.70 214.17 129.15 235.88 9.47 310.05
0026 0.2349371761083603 324.31 174.43 348.45 168.41 393.20 347.92 369.06 353.93
0026 0.20775748789310455 357.84 142.88 486.33 258.66 469.41 277.44 340.92 161.66
0026 0.15502779185771942 -4.58 741.39 149.91 674.44 162.26 702.93 7.77 769.88
0026 0.09062312543392181 499.33 624.82 521.84 622.27 535.35 741.34 512.84 743.89
0162 0.40877851843833923 887.92 542.36 912.34 526.34 976.50 624.15 952.08 640.17
0162 0.3395846486091614 810.52 915.79 893.17 980.67 870.90 1009.03 788.26 944.15
0162 0.31834542751312256 912.60 509.18 1011.24 575.10 1000.22 591.58 901.59 525.66
0162 0.15019667148590088 709.28 649.86 814.75 705.69 804.90 724.30 699.42 668.48
0162 0.10193709284067154 910.07 749.89 966.96 780.04 947.53 816.69 890.64 786.53
0162 0.09619247168302536 765.34 623.66 837.39 677.82 821.17 699.40 749.11 645.24
0157 0.191718190908432 966.92 801.98 991.48 821.16 911.36 923.75 886.80 904.56
0157 0.10683676600456238 739.46 98.61 766.32 117.02 660.04 272.07 633.18 253.65
0157 0.057021282613277435 421.75 452.11 446.88 473.64 357.02 578.51 331.90 556.98
0020 0.06688930094242096 277.58 560.37 293.15 574.19 163.10 720.68 147.53 706.85
0054 0.72652268409729 584.45 797.08 603.30 790.09 658.37 938.51 639.53 945.50
0054 0.4268186390399933 504.30 869.32 523.95 858.44 596.88 990.15 577.23 1001.02
0054 0.20497430860996246 368.41 294.93 390.42 277.64 500.85 418.23 478.84 435.52
0054 0.1681370586156845 589.35 803.94 608.20 809.43 549.54 1010.95 530.70 1005.47
0054 0.164746955037117 510.00 823.97 526.42 809.79 668.58 974.48 652.16 988.65
0054 0.08331853151321411 499.99 840.03 516.91 827.59 628.36 979.12 611.44 991.56
0054 0.05668108910322189 188.77 714.93 205.96 700.88 288.56 801.93 271.37 815.98
0059 0.3782130777835846 237.96 332.39 262.98 327.19 294.72 479.70 269.70 484.91
0059 0.2009851038455963 591.39 282.83 611.35 272.15 686.17 411.99 666.20 422.67
0059 0.09741346538066864 50.47 84.59 75.35 88.23 52.84 241.84 27.96 238.19
0059 0.06700219959020615 323.58 56.91 508.97 -44.30 523.74 -17.25 338.34 83.96
0059 0.052447330206632614 366.87 847.80 398.54 836.27 477.04 1051.90 445.37 1063.43
0034 0.4614453613758087 82.41 133.14 196.74 48.49 211.08 67.86 96.76 152.51
0034 0.10230724513530731 783.29 804.04 808.96 811.34 761.41 978.47 735.74 971.17
0048 0.08036165684461594 752.06 789.12 1003.84 752.02 1009.33 789.27 757.55 826.37
0027 0.27592334151268005 651.23 667.77 669.81 650.87 798.86 792.77 780.28 809.67
0027 0.11644334346055984 686.49 381.72 875.20 290.98 886.54 314.56 697.83 405.31
0027 0.050440140068531036 921.70 139.89 941.25 128.12 1000.41 226.32 980.86 238.10
0092 0.11353356391191483 -17.01 273.61 204.01 236.61 209.22 267.70 -11.80 304.70
0092 0.07732217758893967 206.20 558.17 396.19 584.07 392.03 614.58 202.04 588.68
0060 0.20533454418182373 110.44 445.17 131.11 438.47 175.10 574.03 154.44 580.74
0060 0.192434623837471 167.43 378.36 188.96 379.27 181.23 562.08 159.69 561.17
0060 0.07997988164424896 664.72 59.84 758.69 65.97 756.96 92.50 662.99 86.37
0055 0.6426971554756165 93.58 865.64 113.80 853.13 193.45 981.84 173.23 994.35
0055 0.3951374590396881 189.93 801.11 210.09 795.41 253.63 949.53 233.47 955.22
0055 0.30833324790000916 142.22 806.26 161.88 798.16 240.95 990.10 221.29 998.20
0055 0.2220635563135147 194.96 794.95 215.81 801.72 147.37 1012.46 126.52 1005.69
0055 0.13721027970314026 603.29 376.36 729.36 391.94 726.01 419.05 599.94 403.47
0055 0.06466776877641678 304.80 800.61 332.56 791.61 382.49 945.60 354.73 954.60
0055 0.05332852154970169 100.27 808.81 304.32 916.97 289.57 944.79 85.53 836.62
0035 0.1928572803735733 852.97 139.17 1031.37 55.57 1041.50 77.19 863.10 160.79
0159 0.10111471265554428 791.65 376.25 888.33 408.99 882.09 427.43 785.41 394.69
0159 0.080805703997612 837.99 780.12 1027.66 901.17 1012.85 924.38 823.18 803.33
0062 0.17144174873828888 228.27 327.20 383.71 369.86 376.08 397.68 220.64 355.01
0061 0.17206047475337982 795.73 654.78 815.40 636.62 897.22 725.25 877.54 743.41
0061 0.0969918966293335 850.82 272.05 979.27 329.76 970.83 348.55 842.38 290.84
0056 0.6785039901733398 55.24 390.77 76.32 399.43 16.44 545.28 -4.64 536.63
0056 0.6306682825088501 58.82 406.47 90.84 414.16 55.53 561.27 23.51 553.59
0056 0.08463592827320099 730.61 214.08 749.50 197.78 844.31 307.63 825.42 323.93
0056 0.08353687077760696 260.30 88.19 339.75 43.79 351.21 64.29 271.76 108.69
0056 0.07253063470125198 794.38 186.38 827.33 173.16 877.38 297.96 844.42 311.18
0056 0.05474163591861725 208.44 13.98 330.37 -12.85 334.70 6.85 212.77 33.68
0154 0.2834528088569641 868.78 427.27 993.41 405.65 997.29 427.99 872.65 449.61
0154 0.17163631319999695 670.81 353.16 802.75 405.86 789.94 437.94 657.99 385.24
0067 0.22018638253211975 938.81 99.70 959.02 110.17 899.48 225.14 879.27 214.67
0093 0.20506581664085388 59.25 152.77 268.96 103.75 275.21 130.50 65.51 179.52
0077 0.0609564334154129 652.91 42.47 671.82 49.40 629.59 164.67 610.67 157.74
0063 0.43599212169647217 861.76 872.28 882.50 866.08 927.61 1016.93 906.86 1023.13
0063 0.185945063829422 833.45 538.52 863.18 535.96 876.85 695.07 847.12 697.63
0063 0.11309221386909485 885.45 870.25 904.98 864.96 942.37 1003.03 922.85 1008.32
0063 0.06040392071008682 10.97 216.83 116.07 157.70 128.70 180.14 23.60 239.28
0063 0.05545783042907715 121.96 188.50 143.26 206.30 77.72 284.72 56.42 266.92
0082 0.26187777519226074 258.38 154.11 288.73 149.32 316.51 325.34 286.16 330.13
0082 0.13043467700481415 267.58 -50.80 293.90 -51.20 296.90 148.25 270.57 148.65
0082 0.07134412974119186 -17.72 178.72 138.72 309.77 122.56 329.07 -33.89 198.02
0117 0.7122752666473389 813.36 1.09 950.04 35.01 944.16 58.70 807.48 24.78
0122 0.6063984632492065 117.67 576.54 142.11 571.72 177.26 749.96 152.81 754.78
0122 0.5050572752952576 272.89 590.57 298.35 586.28 338.55 824.43 313.09 828.72
0122 0.3710710108280182 341.65 588.32 366.08 588.40 365.51 764.43 341.08 764.35
0122 0.09420161694288254 282.46 342.29 313.05 332.80 382.46 556.57 351.87 566.05
0122 0.08096718788146973 576.52 294.91 687.82 250.60 697.28 274.35 585.97 318.66
0122 0.06780730932950974 256.59 663.24 403.73 741.49 393.63 760.48 246.49 682.24
0068 0.12250559777021408 553.68 455.42 666.75 522.11 651.59 547.82 538.52 481.13
0127 0.37028300762176514 615.94 173.09 642.91 168.42 668.95 318.92 641.98 323.59
0127 0.1720990091562271 835.46 627.88 852.34 611.27 958.91 719.55 942.04 736.16
0127 0.17178280651569366 787.85 293.01 807.84 286.87 853.79 436.55 833.80 442.69
0127 0.09030669927597046 663.59 194.09 679.03 184.54 743.67 289.06 728.23 298.61
0127 0.08717247098684311 86.66 172.77 207.53 271.11 195.54 285.85 74.67 187.50
0127 0.05901307240128517 734.29 168.30 838.56 153.42 841.41 173.38 737.14 188.27
0132 0.3008517026901245 20.67 861.69 137.24 809.05 149.92 837.12 33.34 889.77
0132 0.19557060301303864 511.59 685.77 528.38 694.33 473.40 802.06 456.61 793.50
0132 0.1461920440196991 788.74 540.76 886.22 600.96 872.88 622.58 775.40 562.37
0132 0.12765274941921234 318.46 835.46 423.66 759.44 438.10 779.42 332.90 855.44
0073 0.7113180756568909 17.45 194.08 132.05 257.11 122.10 275.20 7.50 212.16
0073 0.6656001806259155 545.28 645.76 567.84 658.98 479.47 809.84 456.90 796.62
0073 0.2886081337928772 25.34 169.40 145.27 247.14 132.54 266.78 12.61 189.04
0073 0.15283456444740295 -14.28 225.10 110.72 268.63 100.91 296.81 -24.09 253.28
0073 0.1270965188741684 446.40 636.10 586.58 767.45 566.02 789.40 425.83 658.05
0073 0.08779753744602203 7.60 500.38 128.12 533.94 119.07 566.46 -1.45 532.91
0073 0.0875440165400505 423.96 124.91 597.84 198.39 581.58 236.85 407.71 163.37
0073 0.07143446058034897 897.73 -13.42 1033.22 76.24 1019.58 96.84 884.09 7.19
0064 0.48891881108283997 74.52 875.96 92.34 867.71 153.74 1000.27 135.91 1008.53
0064 0.39469408988952637 24.52 517.03 47.08 515.74 58.64 717.98 36.08 719.27
0064 0.12575460970401764 55.78 887.98 75.94 877.92 143.23 1012.72 123.07 1022.78
0064 0.1250568926334381 -0.29 121.80 230.11 79.01 237.01 116.18 6.61 158.97
0064 0.11078736186027527 25.48 574.84 39.12 564.53 118.05 668.97 104.41 679.27
0064 0.055622540414333344 524.32 60.37 555.03 56.36 575.23 211.18 544.52 215.19
0083 0.27988651394844055 502.89 71.17 629.34 115.37 621.76 137.05 495.31 92.85
0051 0.4232424199581146 603.36 -6.42 785.91 33.75 780.70 57.41 598.16 17.24
0118 0.11369744688272476 178.24 615.40 326.27 597.84 330.00 629.24 181.96 646.80
0069 0.3882824778556824 4.73 883.92 183.38 997.56 167.38 1022.70 -11.26 909.06
0069 0.08737119287252426 160.24 697.47 449.11 753.47 441.45 792.99 152.58 736.98
0069 0.06465015560388565 600.31 677.03 722.35 735.91 715.05 751.05 593.00 692.18
0123 0.6516059637069702 691.22 371.12 870.60 282.40 884.26 310.02 704.88 398.73
0074 0.6258562803268433 392.62 294.21 415.17 309.75 336.15 424.43 313.60 408.90
0074 0.09693347662687302 354.35 297.39 376.14 308.50 312.36 433.56 290.57 422.45
0074 0.09522408246994019 352.19 187.42 376.27 195.10 307.52 410.64 283.44 402.96
0065 0.4507225751876831 892.71 459.85 913.94 457.65 930.00 612.65 908.77 614.84
0065 0.1666792780160904 798.49 82.80 828.67 74.24 892.71 299.92 862.54 308.49
0070 0.10054365545511246 565.94 59.11 653.91 119.88 640.26 139.64 552.29 78.87
0134 0.17251428961753845 508.94 672.98 530.20 657.55 597.97 750.89 576.71 766.33
0124 0.3119046688079834 573.15 528.20 708.98 609.80 695.82 631.72 559.98 550.12
0124 0.29596835374832153 288.48 33.97 305.44 22.04 384.18 133.93 367.22 145.87
0124 0.2227361500263214 366.28 480.71 488.65 568.87 476.98 585.07 354.61 496.91
0124 0.05630635470151901 667.64 723.55 699.05 725.61 690.80 851.70 659.39 849.65
0124 0.0561927855014801 528.09 293.08 667.44 199.15 680.85 219.04 541.50 312.97
0080 0.42135581374168396 720.06 526.74 832.11 460.82 844.41 481.72 732.35 547.64
0080 0.27996623516082764 698.68 718.04 896.28 630.07 908.41 657.30 710.81 745.28
0080 0.23750609159469604 632.38 264.86 829.43 185.76 843.93 221.88 646.88 300.98
0080 0.05773710831999779 379.19 259.73 408.21 247.83 461.14 376.82 432.13 388.73
0119 0.1299426555633545 672.93 803.73 819.11 729.32 830.48 751.65 684.30 826.06
0066 0.06024637445807457 199.39 513.50 309.74 454.52 321.86 477.18 211.50 536.16
0085 0.0788765624165535 72.10 670.05 98.67 678.57 44.05 848.87 17.48 840.35
0135 0.06982625275850296 713.42 23.49 736.66 13.47 782.75 120.44 759.50 130.46
0135 0.057169076055288315 -11.79 691.55 3.72 676.39 106.41 781.47 90.91 796.62
0125 0.4302148222923279 570.54 149.29 708.93 197.01 702.18 216.59 563.79 168.87
0125 0.36669066548347473 368.61 90.52 488.67 167.19 475.85 187.27 355.78 110.59
0125 0.24921508133411407 922.20 6.99 943.81 7.22 942.05 177.20 920.44 176.97
0125 0.13159772753715515 873.59 20.18 1019.56 154.34 1003.59 171.72 857.62 37.55
0125 0.10160508006811142 671.15 326.87 699.14 328.62 691.96 442.78 663.97 441.03
0125 0.08384842425584793 218.04 479.32 365.70 402.71 376.45 423.44 228.79 500.05
0071 0.10162783414125443 735.84 406.30 851.77 472.44 838.00 496.59 722.06 430.46
0071 0.05537642538547516 1.69 514.81 187.19 566.41 177.18 602.40 -8.32 550.79
0076 0.05511026829481125 300.22 519.96 412.06 498.65 415.36 515.94 303.52 537.26
0120 0.06110178679227829 330.30 395.97 474.74 298.33 488.38 318.51 343.94 416.14
0142 0.16758596897125244 447.19 869.84 643.48 820.70 649.96 846.56 453.67 895.70
0142 0.11097631603479385 362.02 668.29 383.38 669.03 379.37 784.94 358.00 784.20
0142 0.06682904064655304 690.27 352.90 877.73 250.51 894.59 281.39 707.14 383.78
0142 0.05849956348538399 450.13 421.27 690.35 337.96 701.55 370.25 461.33 453.57
0142 0.05159808695316315 423.48 596.38 516.81 677.65 500.41 696.49 407.08 615.21
0136 0.17833217978477478 824.01 298.79 841.56 290.77 891.82 400.78 874.27 408.79
0126 0.0797010138630867 549.09 -15.14 567.94 -17.46 580.16 82.01 561.31 84.32
0126 0.050513699650764465 594.02 68.66 620.36 59.84 685.92 255.75 659.57 264.57
0086 0.08238744735717773 458.20 287.17 485.39 291.95 459.93 436.65 432.74 431.87
0046 0.1405976414680481 589.43 393.74 780.16 424.21 775.74 451.90 585.01 421.44
0121 0.29429998993873596 168.27 452.35 305.93 444.63 306.91 462.12 169.25 469.83
0147 0.08230877667665482 537.49 846.49 560.53 832.65 648.31 978.71 625.27 992.56
0143 0.2172139585018158 939.19 601.46 1038.17 626.15 1032.15 650.31 933.17 625.62
0143 0.09700097143650055 309.94 77.50 478.76 51.89 482.28 75.12 313.46 100.72
0143 0.05972319468855858 125.26 317.79 151.29 312.83 177.73 451.53 151.69 456.50
0143 0.054206445813179016 913.70 126.91 941.94 120.71 979.81 293.32 951.56 299.52
0140 0.22437450289726257 704.58 718.37 862.37 692.04 866.12 714.50 708.33 740.83
0167 0.050931066274642944 51.34 293.73 71.79 301.87 37.49 388.09 17.04 379.96
0177 0.7349814176559448 604.68 652.70 620.76 641.48 722.14 786.71 706.06 797.94
0177 0.3147526681423187 579.78 717.40 593.16 706.18 671.99 800.18 658.61 811.40
0177 0.12429609149694443 581.23 657.38 609.44 642.26 696.41 804.50 668.20 819.62
0177 0.06616786867380142 567.22 772.67 680.78 693.51 691.93 709.51 578.37 788.67
0163 0.18077416718006134 223.89 684.16 361.43 695.40 359.13 723.50 221.59 712.26
0163 0.09249062091112137 436.35 865.13 451.22 877.32 369.38 977.17 354.50 964.98
0163 0.05257629230618477 465.73 632.69 611.78 714.44 597.23 740.44 451.18 658.70
0109 0.1673392802476883 164.16 607.85 289.08 592.67 291.50 612.52 166.57 627.70
0109 0.12961195409297943 762.98 888.72 931.93 848.59 937.28 871.13 768.34 911.26
0109 0.06389911472797394 53.86 152.47 79.02 133.83 174.38 262.58 149.21 281.22
0109 0.054700564593076706 54.68 850.91 155.57 844.49 156.91 865.45 56.01 871.86
0148 0.2947249710559845 130.83 454.81 262.22 539.83 244.86 566.65 113.47 481.63
0148 0.22381435334682465 189.77 768.19 336.59 690.04 348.76 712.89 201.93 791.04
0148 0.09166081249713898 950.25 637.35 973.96 629.57 1015.98 757.58 992.27 765.36
0114 0.4940440356731415 627.21 770.02 771.04 794.40 766.23 822.76 622.41 798.39
0114 0.4617682695388794 830.77 826.88 978.61 837.09 977.13 858.61 829.28 848.40
0114 0.3997456133365631 516.02 374.45 537.99 355.49 627.63 459.37 605.67 478.33
0114 0.39241719245910645 813.14 809.41 971.31 815.45 970.49 836.81 812.32 830.77
0114 0.299623042345047 592.50 303.99 611.28 298.90 657.54 469.51 638.76 474.60
0114 0.05242225155234337 18.50 257.19 115.02 229.07 122.06 253.22 25.54 281.34
0144 0.2623700499534607 65.11 77.68 235.08 16.54 244.12 41.68 74.15 102.81
0168 0.05235247313976288 695.62 751.22 837.44 779.86 831.69 808.32 689.87 779.68
0178 0.355907678604126 873.94 878.97 997.23 953.74 983.96 975.63 860.66 900.86
0178 0.10092863440513611 363.11 963.90 480.75 1015.60 469.92 1040.23 352.28 988.54
0164 0.4919292628765106 914.71 125.64 1013.30 181.78 999.54 205.95 900.95 149.80
0164 0.4639274477958679 59.25 606.41 82.89 616.66 22.02 756.98 -1.63 746.72
0164 0.449232280254364 875.44 156.09 899.36 133.58 972.31 211.10 948.39 233.61
0164 0.19372117519378662 153.92 612.39 266.07 646.95 257.58 674.50 145.43 639.94
0164 0.1304185837507248 897.30 342.35 981.58 398.51 967.36 419.84 883.09 363.68
0164 0.08706146478652954 812.15 525.41 889.37 585.96 875.66 603.45 798.43 542.91
0103 0.11051071435213089 788.86 99.81 813.94 98.20 821.68 218.46 796.60 220.07
0145 0.09246242046356201 365.45 160.78 391.77 167.40 358.49 299.83 332.16 293.22
0106 0.0718977153301239 130.94 41.12 165.95 72.96 21.28 231.97 -13.73 200.13
0106 0.06535447388887405 552.14 67.42 570.16 59.39 616.31 162.93 598.29 170.96
0165 0.28100764751434326 463.19 888.47 480.46 900.83 387.71 1030.38 370.44 1018.01
0165 0.19633957743644714 393.64 121.98 413.10 107.36 485.09 203.16 465.63 217.78
0165 0.19478349387645721 211.96 306.41 329.47 412.71 312.95 430.96 195.45 324.66
0165 0.18718795478343964 397.70 817.02 426.66 834.42 324.05 1005.18 295.09 987.78
0165 0.1534048318862915 1038.51 153.34 1056.92 165.74 937.89 342.46 919.47 330.06
0165 0.09640078246593475 739.69 471.17 905.58 596.02 892.45 613.46 726.57 488.61
0165 0.08398658782243729 306.55 686.68 490.19 729.10 482.07 764.27 298.43 721.85
0165 0.057566575706005096 846.86 49.66 868.94 69.85 758.88 190.19 736.80 170.00
0165 0.05538665130734444 279.80 732.24 292.61 743.97 183.91 862.66 171.10 850.94
0017 0.35751253366470337 721.24 611.45 873.22 668.35 864.60 691.38 712.62 634.48
0017 0.1525600701570511 7.15 436.25 165.17 468.87 158.80 499.70 0.79 467.08
0017 0.1512865424156189 626.42 37.04 705.24 107.85 676.82 139.49 597.99 68.68
0150 0.06634820252656937 461.63 909.72 596.16 846.75 607.07 870.05 472.54 933.02
0110 0.4102392792701721 136.14 193.55 308.01 181.29 310.10 210.62 138.23 222.88
0110 0.1420767903327942 766.46 493.63 919.62 441.44 926.62 461.97 773.45 514.17
0110 0.08086514472961426 349.77 248.22 465.76 210.94 472.11 230.71 356.13 268.00
0170 0.1145179271697998 330.91 326.00 414.71 409.77 398.12 426.36 314.32 342.59
0116 0.5428404211997986 222.32 360.36 371.36 396.90 365.21 421.98 216.17 385.44
0107 0.8132251501083374 648.34 737.88 670.37 731.85 721.30 917.78 699.27 923.81
0107 0.7478672862052917 914.02 716.37 941.48 705.55 998.05 849.23 970.59 860.04
0107 0.47706174850463867 719.01 689.96 740.81 688.99 750.13 898.14 728.33 899.11
0107 0.4508233666419983 866.44 720.83 884.33 710.20 971.49 856.84 953.61 867.47
0107 0.4144347310066223 823.27 765.96 1012.23 809.30 1007.50 829.93 818.54 786.59
0107 0.17564283311367035 981.97 712.51 996.18 719.48 921.87 870.97 907.66 864.00
0107 0.123046875 787.15 286.66 818.68 276.89 864.57 425.03 833.04 434.80
0107 0.06775358319282532 594.86 778.53 784.30 861.71 776.04 880.54 586.59 797.36
0022 0.3134784996509552 631.24 182.81 652.87 191.63 598.38 325.26 576.75 316.44
0105 0.05244334414601326 153.83 850.56 173.05 844.61 213.01 973.70 193.79 979.64
0108 0.2702307105064392 907.92 197.67 1005.36 277.62 985.35 302.00 887.91 222.05
0108 0.10305159538984299 514.39 414.70 827.59 360.25 833.72 395.50 520.52 449.96
0108 0.06343177706003189 433.82 164.53 450.97 155.79 516.24 283.91 499.10 292.64
0029 0.09299949556589127 778.41 619.27 958.49 715.62 946.27 738.46 766.19 642.11
0029 0.09176932275295258 830.01 988.70 1001.07 875.92 1017.62 901.02 846.56 1013.80
0029 0.05179910734295845 780.64 504.19 1039.91 428.16 1050.56 464.48 791.29 540.52
0016 0.06085095554590225 745.61 235.65 867.97 133.43 884.03 152.66 761.67 254.88
0112 0.12715600430965424 778.05 546.29 966.48 436.67 981.11 461.82 792.68 571.44
0112 0.09566261619329453 -11.72 841.01 85.28 750.89 101.87 768.75 4.86 858.87
0030 0.3807116746902466 883.36 846.53 906.88 839.05 955.15 990.91 931.63 998.38
0030 0.19814816117286682 784.87 547.31 1050.16 488.52 1058.71 527.09 793.42 585.88
0030 0.08132204413414001 804.93 219.88 822.52 207.19 921.58 344.45 903.99 357.14
0030 0.053868021816015244 767.34 113.37 1029.39 14.03 1044.26 53.28 782.22 152.62
