0005 0.06760711967945099 116.64 168.60 141.85 182.56 57.17 335.46 31.96 321.50
0005 0.05850760638713837 639.84 845.07 668.14 832.74 704.51 916.22 676.21 928.55
0044 0.0548383966088295 595.89 435.21 622.50 420.91 679.29 526.55 652.68 540.85
0018 0.07441621273756027 774.01 857.85 798.07 857.40 800.10 964.18 776.04 964.64
0097 0.051895592361688614 514.68 455.91 667.31 466.03 665.62 491.53 512.99 481.41
0183 0.10809219628572464 57.67 902.15 129.43 957.40 113.96 977.49 42.20 922.24
0183 0.0531282052397728 26.74 623.58 82.61 667.32 62.31 693.25 6.44 649.50
0188 0.05337969586253166 622.45 618.63 736.90 526.35 750.01 542.60 635.56 634.89
0179 0.08187206089496613 714.35 845.42 794.28 869.48 787.41 892.31 707.47 868.25
0189 0.06842193752527237 597.21 142.90 717.93 29.19 735.49 47.83 614.77 161.54
0099 0.05691646412014961 132.31 41.05 267.90 89.36 261.18 108.21 125.59 59.89
0007 0.05978662148118019 878.68 252.24 913.25 257.43 900.01 345.53 865.44 340.34
0180 0.05259840562939644 102.41 85.73 123.23 76.08 163.14 162.12 142.32 171.78
0041 0.05730634182691574 612.75 613.93 693.85 550.96 709.38 570.97 628.29 633.94
0196 0.05644292011857033 919.35 41.70 939.15 52.69 871.48 174.67 851.67 163.68
0186 0.094110406935215 144.36 129.63 306.04 190.25 296.15 216.65 134.47 156.03
0186 0.06213482841849327 258.74 357.72 278.17 362.31 246.84 494.79 227.41 490.20
0096 0.054455336183309555 111.88 845.30 132.46 824.94 240.14 933.75 219.56 954.12
0009 0.10564249753952026 24.06 485.98 88.99 541.47 71.26 562.20 6.34 506.72
0038 0.06264353543519974 210.10 559.84 322.56 597.08 315.39 618.74 202.92 581.50
0038 0.057604484260082245 260.79 654.96 340.62 618.19 351.07 640.87 271.24 677.65
0028 0.11049825698137283 546.81 507.00 700.75 521.54 698.03 550.41 544.09 535.88
0028 0.07965780794620514 373.55 486.85 535.76 478.98 537.19 508.29 374.97 516.17
0089 0.05155562609434128 31.88 469.19 55.21 458.33 100.47 555.53 77.15 566.39
0151 0.09582073241472244 221.92 507.97 243.12 498.28 314.57 654.49 293.37 664.18
0151 0.06250835210084915 600.45 925.50 619.29 908.23 704.45 1001.14 685.61 1018.41
0151 0.05408814921975136 217.14 807.12 337.13 864.54 322.34 895.46 202.34 838.04
0057 0.05491175875067711 440.36 698.31 593.04 696.49 593.34 722.10 440.66 723.93
0026 0.09554074704647064 -4.45 267.73 127.38 227.94 135.98 256.43 4.15 296.22
0026 0.05536014586687088 382.96 142.66 408.05 135.13 451.63 280.31 426.54 287.84
0026 0.05083487555384636 136.85 534.78 161.14 526.96 196.05 635.43 171.76 643.25
0034 0.06805971264839172 93.98 119.86 197.30 71.55 209.74 98.17 106.42 146.47
0027 0.06933750957250595 729.00 187.77 806.90 139.39 817.83 156.98 739.92 205.36
0060 0.08361446112394333 667.17 74.86 743.67 51.35 751.02 75.24 674.52 98.76
0055 0.06525444984436035 606.80 401.49 719.29 379.05 724.45 404.92 611.96 427.36
0035 0.050462547689676285 900.74 117.61 1008.53 85.89 1015.97 111.14 908.18 142.87
0061 0.06192190200090408 854.15 322.57 975.31 278.07 984.01 301.76 862.85 346.26
0056 0.09727984666824341 261.29 84.75 339.74 44.70 350.51 65.80 272.06 105.84
0154 0.05950870364904404 872.10 413.41 977.54 449.77 969.76 472.35 864.31 435.99
0154 0.05571061745285988 598.57 674.79 697.76 607.64 709.88 625.55 610.69 692.70
0049 0.06707403063774109 851.41 628.27 882.33 621.66 924.62 819.54 893.70 826.15
0077 0.06618481874465942 655.15 29.23 684.60 41.50 634.06 162.91 604.61 150.65
0082 0.08297966420650482 233.88 179.17 258.52 164.47 338.84 299.14 314.20 313.83
0050 0.07587119936943054 671.43 883.98 743.22 846.99 753.16 866.26 681.36 903.26
0122 0.05613064020872116 567.04 279.08 705.40 275.36 706.14 302.84 567.78 306.57
0127 0.10190971195697784 775.24 320.78 796.45 305.99 886.15 434.55 864.94 449.35
0127 0.07888311892747879 103.84 163.85 121.62 156.89 177.76 300.28 159.98 307.23
0127 0.050388943403959274 620.65 165.26 645.31 157.25 693.44 305.34 668.78 313.36
0132 0.06286396831274033 321.56 813.11 424.82 773.81 433.49 796.59 330.23 835.90
0132 0.050781987607479095 36.43 857.19 133.61 805.65 149.57 835.74 52.39 887.28
0051 0.05860793963074684 618.70 8.39 785.43 13.86 784.38 45.89 617.65 40.42
0124 0.06940901279449463 565.04 550.20 701.61 579.42 695.81 606.52 559.24 577.29
0124 0.05084313079714775 591.26 99.35 619.81 95.47 640.56 248.27 612.01 252.14
0080 0.05650657042860985 733.96 519.54 830.50 463.31 843.03 484.82 746.49 541.05
0085 0.05832717940211296 13.91 173.86 67.02 151.67 74.89 170.51 21.79 192.71
0125 0.06504666805267334 559.17 157.86 701.88 178.33 698.60 201.17 555.89 180.70
0071 0.06377670168876648 593.59 267.97 718.15 330.29 707.23 352.12 582.66 289.79
0121 0.09719762951135635 185.21 418.61 307.80 483.41 291.52 514.22 168.92 449.42
0143 0.08593583852052689 336.17 85.87 435.65 43.18 445.60 66.38 346.13 109.07
0140 0.08565026521682739 808.38 664.13 826.69 676.48 766.49 765.79 748.18 753.44
0148 0.0620599165558815 146.82 447.11 171.05 436.03 231.92 569.23 207.70 580.30
0114 0.055581510066986084 541.30 375.89 561.19 362.94 618.38 450.79 598.50 463.73
0114 0.05091159790754318 638.19 760.05 757.00 807.10 746.29 834.14 627.48 787.09
0144 0.057288359850645065 82.10 62.19 244.29 12.65 255.99 50.96 93.80 100.50
0164 0.05774979665875435 170.09 606.12 259.93 658.71 248.04 679.01 158.20 626.42
0017 0.13597553968429565 53.27 422.48 158.48 504.41 138.27 530.36 33.06 448.43
0110 0.05442085489630699 154.94 178.84 287.98 180.27 287.62 214.18 154.58 212.75
0116 0.06864248216152191 226.70 370.16 379.09 392.23 374.49 424.01 222.10 401.94
0116 0.05447861924767494 0.04 958.59 65.72 938.88 72.25 960.66 6.57 980.36
0112 0.05298271402716637 75.89 746.47 100.22 766.36 25.00 858.37 0.67 838.49
0030 0.09669478237628937 890.02 830.29 915.24 827.80 930.53 982.59 905.31 985.08
0030 0.0541166290640831 815.94 538.35 1020.19 522.64 1022.89 557.75 818.63 573.45
