0192 0.24489521980285645 657.03 755.36 676.56 774.27 589.05 864.62 569.53 845.70
0182 0.6955658793449402 697.18 872.49 753.04 854.39 758.53 871.32 702.67 889.42
0182 0.5145077705383301 972.22 63.39 1041.29 115.62 1028.41 132.66 959.34 80.43
0005 0.051180969923734665 637.67 861.68 659.34 844.85 711.08 911.50 689.41 928.32
0013 0.09430808573961258 373.39 367.26 445.84 357.50 449.62 385.56 377.17 395.31
0187 0.19624078273773193 696.33 66.26 752.99 53.84 757.15 72.80 700.49 85.21
0197 0.5427300930023193 314.61 585.83 335.00 568.50 403.31 648.85 382.92 666.18
0197 0.27723827958106995 775.95 238.52 794.62 238.52 794.63 319.56 775.96 319.56
0097 0.30107536911964417 546.86 104.54 571.94 83.82 614.67 135.55 589.58 156.27
0097 0.17947857081890106 219.96 411.65 306.74 459.95 294.21 482.46 207.44 434.16
0097 0.08005290478467941 798.39 392.98 872.77 459.43 856.09 478.09 781.71 411.65
0019 0.285451740026474 991.58 755.66 1014.67 759.20 995.00 887.39 971.91 883.85
0045 0.12818986177444458 488.62 188.28 535.65 186.74 536.16 202.36 489.13 203.89
0183 0.5427281856536865 121.41 362.20 201.85 343.60 207.54 368.19 127.10 386.79
0183 0.1691456288099289 57.15 910.21 118.37 952.30 108.06 967.30 46.84 925.21
0183 0.07837574183940887 174.70 721.39 244.59 763.55 234.11 780.93 164.22 738.77
0183 0.06130446866154671 41.49 620.41 70.48 592.01 117.53 640.05 88.55 668.44
0183 0.05591227486729622 501.58 86.47 532.55 57.90 597.17 127.94 566.20 156.52
0183 0.054612282663583755 19.52 629.10 100.86 680.72 84.34 706.75 3.01 655.13
0001 0.17173033952713013 92.09 57.94 149.51 16.30 165.41 38.23 107.99 79.86
0001 0.1385103166103363 828.31 328.56 894.07 313.15 900.25 339.52 834.49 354.93
0001 0.07366753369569778 156.98 970.80 261.40 982.70 258.53 1007.85 154.11 995.95
0188 0.09075936675071716 448.35 201.90 496.79 233.07 339.26 477.87 290.82 446.70
0098 0.39819785952568054 695.97 890.28 720.86 888.52 727.87 987.59 702.98 989.35
0198 0.1174473837018013 777.07 958.69 875.55 920.72 887.44 951.55 788.96 989.53
0094 0.08754267543554306 268.61 891.57 290.36 888.43 305.50 993.17 283.75 996.31
0184 0.6874447464942932 649.02 576.69 670.76 577.09 668.73 687.02 646.99 686.62
0002 0.13740482926368713 440.36 778.21 497.59 812.44 483.33 836.27 426.11 802.04
0007 0.05719233676791191 -13.51 902.44 64.19 914.82 60.93 935.26 -16.77 922.88
0199 0.8884828090667725 795.86 762.58 854.55 731.74 862.97 747.77 804.28 778.60
0195 0.6780436635017395 828.71 497.59 850.49 494.75 860.38 570.48 838.59 573.32
0180 0.20853477716445923 937.98 858.69 985.30 872.32 964.00 946.29 916.68 932.67
0180 0.10052530467510223 732.63 452.09 792.02 479.54 783.30 498.40 723.91 470.94
0185 0.16131345927715302 383.76 825.30 445.08 879.78 425.65 901.65 364.33 847.17
0185 0.14567717909812927 457.25 511.44 571.63 561.64 559.39 589.51 445.02 539.32
0185 0.06680074334144592 620.34 763.59 659.74 778.44 651.94 799.13 612.54 784.28
0185 0.06299156695604324 792.02 93.81 824.85 61.55 1013.29 253.31 980.47 285.57
0095 0.2612747251987457 552.53 897.35 578.15 882.03 613.22 940.71 587.60 956.02
0095 0.1088019609451294 647.49 171.89 709.56 166.74 711.29 187.62 649.23 192.77
0095 0.0724862813949585 728.96 332.22 795.25 375.01 784.93 390.99 718.65 348.20
0181 0.4538987874984741 502.78 740.38 598.43 732.90 600.78 762.97 505.13 770.45
0196 0.18639108538627625 786.76 224.84 862.46 295.82 846.15 313.22 770.45 242.23
0186 0.05559647083282471 998.64 648.68 1027.71 664.91 946.83 809.72 917.77 793.49
0186 0.051038362085819244 179.34 156.05 287.55 178.62 283.87 196.26 175.66 173.70
0042 0.13480226695537567 476.96 768.42 584.94 785.22 580.99 810.59 473.01 793.79
0042 0.057949721813201904 353.37 379.25 370.58 366.31 437.14 454.83 419.93 467.77
0096 0.05894787237048149 386.46 804.36 477.71 844.41 466.86 869.13 375.61 829.07
0015 0.5408449769020081 794.97 363.79 811.90 351.30 868.92 428.55 851.99 441.04
0015 0.13424332439899445 596.08 472.93 648.59 520.73 636.69 533.81 584.18 486.00
0015 0.1289801001548767 622.86 440.26 702.22 512.45 685.17 531.20 605.80 459.02
0009 0.05587437003850937 24.85 489.71 70.91 534.32 57.72 547.94 11.66 503.33
0010 0.26242825388908386 681.28 641.31 1034.48 810.82 1006.66 868.78 653.47 699.27
0010 0.0783110111951828 655.89 680.73 857.33 842.62 818.13 891.40 616.69 729.51
0023 0.06175108253955841 996.70 -13.67 1018.67 -1.70 969.68 88.28 947.70 76.31
0004 0.368441104888916 984.54 539.51 1008.99 549.78 963.78 657.46 939.33 647.20
0024 0.07111984491348267 699.73 531.38 718.26 516.88 786.72 604.35 768.18 618.86
0155 0.09410584717988968 76.14 590.77 415.16 640.97 405.40 706.93 66.37 656.72
0160 0.08275356143712997 915.06 917.59 1000.59 966.54 988.92 986.93 903.39 937.99
0160 0.07690755277872086 895.88 949.89 976.90 995.95 961.17 1023.63 880.15 977.57
0089 0.05879683792591095 92.56 643.96 114.15 636.49 140.85 713.76 119.27 721.22
0151 0.05582346022129059 757.77 574.12 777.24 565.19 801.30 617.67 781.83 626.60
0057 0.19865305721759796 608.24 182.23 626.77 167.79 666.53 218.81 648.00 233.25
0057 0.1369161754846573 462.20 688.60 579.65 715.87 574.29 738.95 456.85 711.68
0057 0.06183919310569763 648.63 724.09 776.07 762.92 766.20 795.32 638.75 756.49
0057 0.055093634873628616 381.46 220.13 401.67 218.20 411.98 326.06 391.77 328.00
0057 0.0520726777613163 722.66 951.72 748.90 945.28 763.44 1004.58 737.19 1011.02
0025 0.12668250501155853 30.42 728.50 271.49 856.82 245.07 906.45 4.00 778.13
0161 0.1947869509458542 410.41 417.70 700.29 532.95 676.28 593.33 386.41 478.08
0161 0.17212145030498505 608.58 445.85 665.47 415.56 677.40 437.97 620.51 468.26
0161 0.11740335822105408 335.06 462.55 402.85 406.35 605.54 650.80 537.76 707.01
0161 0.06973808258771896 652.55 537.72 902.11 714.72 870.55 759.21 620.99 582.21
0012 0.38121289014816284 768.76 1005.77 834.63 946.55 853.86 967.93 787.99 1027.16
0090 0.3393799364566803 256.89 180.98 288.36 157.92 335.64 222.47 304.17 245.52
0053 0.5212185382843018 380.44 965.27 615.43 854.63 634.80 895.77 399.80 1006.41
0053 0.1771310716867447 337.59 434.66 579.71 294.72 608.77 344.99 366.64 484.93
0026 0.09508830308914185 831.21 292.91 868.97 286.97 871.53 303.23 833.77 309.16
0162 0.26889336109161377 890.77 756.86 920.13 738.60 956.10 796.47 926.73 814.72
0162 0.17031650245189667 801.09 933.89 820.97 917.05 884.22 991.71 864.34 1008.54
0162 0.09032119065523148 882.91 556.39 906.58 537.73 972.24 621.02 948.57 639.68
0162 0.07009180635213852 922.06 520.69 944.39 507.13 991.19 584.19 968.86 597.76
0162 0.058593351393938065 782.19 637.13 827.12 668.10 815.56 684.88 770.63 653.91
0157 0.37472453713417053 678.80 672.45 746.38 699.41 739.53 716.59 671.94 689.63
0054 0.18700087070465088 893.14 403.09 938.35 396.01 941.33 415.01 896.11 422.09
0059 0.4237833619117737 374.41 550.95 621.64 463.40 638.24 510.27 391.00 597.82
0059 0.23158760368824005 363.51 858.80 398.41 844.66 472.06 1026.35 437.16 1040.50
0059 0.11211299896240234 343.62 28.95 476.35 -32.26 491.23 0.01 358.50 61.22
0048 0.36240530014038086 737.28 818.76 986.05 715.48 1004.73 760.48 755.96 863.76
0021 0.2698828876018524 577.41 857.07 623.20 856.96 623.24 871.54 577.45 871.65
0092 0.06799627095460892 229.21 579.64 369.26 568.32 371.14 591.65 231.09 602.97
0055 0.09104610979557037 494.31 405.28 537.06 392.92 542.61 412.10 499.85 424.46
0159 0.2303631752729416 855.34 785.02 1056.42 939.71 1019.48 987.73 818.40 833.03
0159 0.0622360035777092 945.64 116.19 1021.36 62.40 1038.59 86.65 962.86 140.44
0159 0.058792781084775925 776.87 849.56 803.80 829.71 966.78 1050.91 939.84 1070.75
0159 0.052342262119054794 892.03 205.83 912.33 200.27 933.83 278.71 913.53 284.28
0088 0.1950587034225464 965.97 828.11 1020.98 877.40 1002.85 897.63 947.85 848.33
0061 0.16666777431964874 849.00 298.60 981.80 301.91 981.16 327.55 848.37 324.24
0056 0.0661923810839653 758.56 208.81 781.48 199.47 828.01 313.76 805.09 323.09
0049 0.3013342320919037 339.35 801.76 598.77 726.19 613.13 775.48 353.71 851.05
0093 0.17337436974048615 44.56 128.85 252.77 128.29 252.86 162.31 44.66 162.87
0072 0.2507782578468323 245.67 568.35 268.57 567.79 271.55 689.72 248.66 690.29
0063 0.2639828324317932 776.99 194.78 1026.77 22.08 1054.21 61.76 804.43 234.46
0063 0.06078561767935753 776.20 464.78 943.00 628.35 901.86 670.29 735.07 506.73
0050 0.3715367019176483 491.03 798.74 542.34 798.71 542.36 818.63 491.04 818.67
0117 0.1560656875371933 908.52 969.90 938.75 952.64 946.58 966.35 916.34 983.61
0117 0.07703767716884613 638.38 -6.21 760.10 2.66 758.44 25.39 636.72 16.53
0122 0.16724784672260284 283.03 640.40 324.58 636.85 339.39 810.28 297.84 813.83
0068 0.48939797282218933 567.65 474.42 639.73 497.64 631.70 522.56 559.62 499.34
0127 0.16768108308315277 811.15 502.85 830.10 505.88 822.44 553.85 803.48 550.82
0127 0.055303096771240234 859.65 611.03 887.10 602.55 924.68 724.28 897.23 732.76
0132 0.18009108304977417 378.90 242.89 434.71 239.90 435.56 255.63 379.75 258.62
0078 0.5468248128890991 668.57 116.45 763.51 112.04 764.51 133.51 669.57 137.91
0073 0.09690681099891663 460.03 133.53 496.54 109.29 588.32 247.57 551.81 271.80
0073 0.058879267424345016 407.25 317.27 541.83 356.60 530.02 396.99 395.45 357.65
0064 0.32957491278648376 -6.57 134.53 238.83 53.17 255.30 102.84 9.90 184.20
0064 0.14752523601055145 10.31 535.50 43.83 525.70 86.99 673.47 53.46 683.26
0083 0.05643235519528389 947.39 350.10 1037.96 320.06 1044.73 340.49 954.16 370.53
0069 0.3827002942562103 431.63 394.37 473.24 435.42 459.36 449.50 417.74 408.45
0069 0.09008105099201202 545.89 258.79 573.42 263.20 560.79 342.09 533.26 337.68
0069 0.07208970189094543 112.41 473.11 158.50 456.53 187.44 536.95 141.35 553.53
0123 0.08490308374166489 326.91 712.80 369.63 727.52 362.88 747.10 320.16 732.38
0133 0.4083244502544403 638.71 222.49 720.74 292.53 703.76 312.42 621.72 242.38
0079 0.3189487159252167 535.87 67.16 592.79 102.01 585.23 114.36 528.31 79.51
0065 0.08842059224843979 752.80 62.68 800.74 41.56 900.96 269.00 853.02 290.12
0137 0.6519612073898315 194.57 950.70 221.63 950.35 222.67 1030.97 195.61 1031.32
0137 0.6380404233932495 308.80 611.11 336.46 599.34 366.69 670.36 339.03 682.13
0137 0.2909124195575714 543.30 554.55 562.00 543.60 605.45 617.83 586.75 628.78
0070 0.7665263414382935 296.08 870.86 350.27 852.33 356.96 871.90 302.78 890.44
0070 0.3604612648487091 571.11 61.51 642.88 111.10 626.68 134.55 554.90 84.97
0134 0.163899764418602 513.85 674.35 530.59 662.40 590.40 746.16 573.66 758.11
0119 0.3184760808944702 659.85 795.46 815.62 741.21 825.23 768.81 669.46 823.06
0085 0.1650030016899109 17.79 152.48 72.75 174.70 65.64 192.29 10.68 170.07
0085 0.09913009405136108 34.24 689.58 64.92 685.30 84.28 824.07 53.60 828.35
0085 0.054179128259420395 405.03 562.11 451.72 548.59 455.60 562.01 408.91 575.53
0135 0.35831397771835327 668.75 18.92 697.11 -6.41 788.51 95.96 760.14 121.28
0135 0.06112289056181908 96.83 242.51 120.56 230.87 178.31 348.72 154.58 360.35
0125 0.08957669138908386 213.91 457.98 373.30 420.38 378.15 440.93 218.75 478.53
0071 0.07293678820133209 116.61 69.84 165.01 61.46 179.04 142.56 130.64 150.93
0076 0.12679830193519592 321.60 495.40 410.66 517.11 405.83 536.94 316.77 515.22
0120 0.3658613860607147 337.91 364.63 476.12 311.34 486.69 338.76 348.49 392.05
0130 0.8450492024421692 785.74 275.48 819.98 252.38 931.60 417.88 897.36 440.97
0142 0.05063765123486519 474.10 862.13 646.90 825.66 652.20 850.75 479.39 887.22
0139 0.16535337269306183 450.31 230.28 468.14 242.41 418.71 315.04 400.89 302.91
0136 0.3114660978317261 815.82 281.96 838.44 271.79 890.37 387.39 867.75 397.55
0126 0.11234109103679657 923.00 430.14 996.40 447.50 991.49 468.25 918.09 450.89
0126 0.08676796406507492 634.14 5.76 708.98 16.83 672.03 266.57 597.18 255.50
0126 0.053141120821237564 701.36 571.05 768.24 545.45 775.09 563.36 708.21 588.96
0086 0.10113434493541718 453.94 289.43 482.59 293.32 466.82 409.46 438.18 405.57
0131 0.6060555577278137 779.63 640.97 842.41 641.14 842.37 655.82 779.59 655.65
0046 0.08063294738531113 577.83 388.83 787.63 424.48 782.30 455.89 572.49 420.24
0143 0.05910922959446907 872.74 862.92 948.30 860.91 948.78 878.99 873.22 881.00
0172 0.23430730402469635 160.39 793.62 183.65 796.43 175.36 864.99 152.11 862.18
0167 0.19277197122573853 356.23 151.04 402.43 156.02 371.55 442.51 325.35 437.53
0177 0.10421772301197052 611.89 663.31 664.36 643.56 743.03 852.52 690.56 872.28
0163 0.4828309416770935 220.00 254.52 294.00 268.28 289.59 292.02 215.59 278.26
0163 0.26254159212112427 97.99 751.87 157.09 771.15 148.80 796.56 89.71 777.28
0163 0.1577075570821762 432.10 13.77 471.13 -24.46 665.67 174.09 626.64 212.33
0163 0.05408443138003349 265.79 652.60 285.42 639.88 335.20 716.75 315.56 729.46
0109 0.1385457068681717 69.01 861.84 142.05 836.81 147.53 852.81 74.50 877.84
0109 0.053455524146556854 780.05 872.34 917.19 856.50 919.98 880.65 782.84 896.50
0114 0.07099967449903488 595.20 734.22 642.85 704.99 654.11 723.35 606.46 752.58
0173 0.6306378245353699 453.96 789.23 479.04 802.26 394.25 965.50 369.18 952.48
0164 0.21227438747882843 904.28 358.33 929.15 344.91 962.27 406.33 937.40 419.74
0164 0.12443724274635315 945.36 835.29 1007.68 858.91 999.23 881.22 936.90 857.60
0164 0.11938411742448807 809.26 545.66 829.93 528.16 881.73 589.31 861.07 606.82
0103 0.059654779732227325 808.06 105.79 831.43 109.67 814.08 214.04 790.70 210.16
0174 0.46983709931373596 144.42 539.55 167.82 542.80 155.58 630.83 132.18 627.57
0169 0.06822850555181503 946.00 144.08 962.89 141.49 976.51 230.03 959.62 232.63
0106 0.10603794455528259 581.16 69.29 602.40 73.03 587.34 158.66 566.10 154.92
0165 0.1910523772239685 541.62 439.83 564.04 423.14 606.32 479.94 583.90 496.63
0165 0.15993711352348328 408.24 119.29 485.83 181.94 470.31 201.16 392.72 138.51
0110 0.07920140773057938 780.38 484.42 910.47 449.53 916.03 470.27 785.94 505.17
0110 0.07098132371902466 361.80 236.92 444.81 200.91 457.95 231.21 374.94 267.23
0116 0.07725531607866287 437.76 402.82 541.85 425.18 533.79 462.70 429.70 440.33
0116 0.05849326401948929 232.66 357.14 374.18 392.39 364.05 433.06 222.54 397.82
0166 0.14031264185905457 568.13 929.04 580.87 932.68 555.05 1023.01 542.31 1019.37
0176 0.8626555800437927 790.39 352.32 855.20 332.92 862.08 355.92 797.27 375.31
0105 0.48919105529785156 168.87 867.39 188.86 864.94 200.35 958.70 180.36 961.15
0016 0.3713494837284088 830.87 137.46 850.59 152.87 773.91 251.02 754.19 235.61
0030 0.05074873939156532 825.76 545.98 1019.69 456.78 1043.89 509.37 849.96 598.57
