0192 0.5633738040924072 629.60 733.51 655.20 738.91 624.67 883.66 599.08 878.26
0182 0.22411426901817322 967.56 62.53 1047.46 119.12 1035.09 136.58 955.20 79.99
0005 0.1402154564857483 652.49 843.33 716.37 906.49 695.65 927.45 631.77 864.29
0005 0.08676008135080338 22.73 275.04 111.18 214.76 131.93 245.20 43.48 305.49
0044 0.10648081451654434 592.23 450.04 614.73 430.91 678.04 505.38 655.53 524.51
0013 0.052132755517959595 379.42 360.05 445.76 368.56 442.43 394.52 376.08 386.01
0018 0.12209396809339523 804.33 861.42 823.42 872.87 771.06 960.19 751.97 948.74
0187 0.09489583969116211 695.95 62.87 748.11 52.87 752.57 76.13 700.40 86.12
0197 0.1281096339225769 352.17 554.44 373.91 555.66 367.48 670.33 345.73 669.11
0097 0.2861119210720062 791.32 404.55 892.14 465.51 878.46 488.14 777.63 427.19
0097 0.22143977880477905 382.05 322.69 480.39 400.47 465.81 418.90 367.47 341.12
0097 0.21054542064666748 203.40 428.09 305.69 457.35 299.13 480.28 196.84 451.02
0097 0.1802511364221573 521.28 432.74 660.13 491.90 649.49 516.87 510.64 457.70
0097 0.06188290938735008 522.24 464.32 637.61 508.44 630.40 527.28 515.04 483.16
0193 0.13579750061035156 863.08 31.27 888.59 46.98 814.13 167.93 788.62 152.22
0193 0.08577661216259003 96.43 -34.11 124.43 -20.77 29.23 179.11 1.23 165.77
0019 0.14636512100696564 1031.45 766.28 1047.88 782.03 955.32 878.58 938.89 862.83
0045 0.13738641142845154 608.38 178.48 717.65 171.89 719.42 201.26 610.15 207.85
0045 0.10300024598836899 672.86 246.36 738.95 234.66 742.13 252.61 676.04 264.30
0006 0.16494262218475342 124.72 9.17 157.47 -9.52 255.54 162.36 222.79 181.04
0006 0.10505067557096481 486.42 880.70 613.08 848.13 619.28 872.24 492.62 904.81
0006 0.06711214035749435 667.24 795.22 773.71 763.12 779.79 783.29 673.32 815.38
0183 0.3403514623641968 49.19 915.01 123.23 948.22 115.74 964.92 41.70 931.71
0183 0.30939966440200806 10.37 642.08 36.72 622.25 92.57 696.44 66.22 716.27
0183 0.29839813709259033 180.58 715.49 247.19 775.69 234.46 789.77 167.85 729.58
0183 0.24653778970241547 49.41 610.19 84.64 595.56 108.38 652.73 73.16 667.36
0183 0.2290252298116684 341.37 832.26 357.35 817.92 412.41 879.27 396.43 893.61
0183 0.10286521166563034 105.62 328.66 126.32 309.11 203.12 390.39 182.42 409.94
0183 0.08747657388448715 387.08 716.51 542.69 768.91 533.24 796.96 377.63 744.55
0183 0.08561587333679199 927.23 405.94 958.41 392.46 1010.16 512.08 978.98 525.57
0183 0.06347832083702087 160.51 761.09 238.60 783.49 233.48 801.36 155.39 778.96
0183 0.05908018723130226 296.26 135.84 474.78 193.31 466.61 218.69 288.09 161.22
0001 0.1339927315711975 672.77 796.41 775.37 856.94 762.24 879.19 659.64 818.66
0001 0.13319024443626404 155.02 965.25 263.82 978.62 260.30 1007.27 151.50 993.91
0001 0.05398552492260933 834.54 293.67 899.14 355.99 878.17 377.73 813.57 315.41
0188 0.15693408250808716 752.17 5.57 842.59 78.61 824.35 101.19 733.93 28.15
0188 0.1337386518716812 696.34 508.47 717.38 514.80 673.93 659.03 652.90 652.69
0098 0.3755057156085968 686.49 899.61 709.90 894.08 733.63 994.40 710.22 999.94
0198 0.09843351691961288 770.54 912.38 888.52 937.42 881.76 969.31 763.78 944.27
0040 0.21428178250789642 609.18 833.68 630.01 826.05 668.47 931.02 647.64 938.66
0040 0.07603126764297485 493.95 548.87 598.93 542.48 600.62 570.20 495.64 576.59
0094 0.266313761472702 260.87 893.64 281.03 887.21 314.98 993.63 294.82 1000.06
0094 0.07060316205024719 865.43 493.67 922.03 451.82 942.40 479.37 885.79 521.22
0179 0.16146188974380493 720.50 844.85 795.69 885.87 786.92 901.95 711.73 860.93
0179 0.13499028980731964 479.93 708.02 665.95 616.46 680.21 645.42 494.19 736.99
0179 0.060179878026247025 634.85 120.05 663.93 119.60 666.12 262.99 637.04 263.44
0179 0.05509624630212784 863.10 563.04 958.26 555.81 960.49 585.18 865.33 592.40
0184 0.29701173305511475 664.74 568.44 687.23 575.12 651.83 694.45 629.34 687.77
0099 0.05856146290898323 124.33 63.32 234.44 77.14 230.78 106.26 120.67 92.44
0099 0.05249802768230438 199.80 43.80 254.19 93.27 242.92 105.67 188.52 56.21
0007 0.10374225676059723 299.70 479.21 378.54 529.98 355.24 566.17 276.40 515.39
0007 0.08069350570440292 -6.75 900.16 7.50 885.92 61.29 939.76 47.04 954.00
0007 0.0509590320289135 881.85 264.35 908.66 266.86 901.51 343.09 874.71 340.57
0199 0.06707796454429626 780.40 766.58 873.29 726.86 881.49 746.06 788.60 785.77
0195 0.08262842148542404 814.23 492.10 836.72 483.33 872.37 574.79 849.88 583.55
0180 0.21594838798046112 111.08 94.62 176.89 148.03 162.82 165.36 97.02 111.95
0180 0.0987199991941452 896.98 868.20 980.91 866.27 981.51 892.12 897.58 894.06
0180 0.0712493434548378 721.35 447.43 796.13 481.79 787.84 499.82 713.06 465.47
0185 0.2459215521812439 361.96 839.63 389.96 814.52 441.63 872.13 413.62 897.25
0185 0.18878574669361115 932.26 643.25 956.47 656.03 874.73 810.85 850.52 798.07
0185 0.11693722754716873 890.61 628.99 911.15 647.66 854.99 709.46 834.44 690.79
0185 0.1024349182844162 840.66 44.85 953.98 29.58 957.18 53.30 843.86 68.57
0185 0.09605657309293747 806.11 95.02 971.71 181.84 959.87 204.43 794.26 117.61
0185 0.07318004220724106 802.00 305.33 939.27 385.05 922.16 414.50 784.89 334.78
0185 0.07062922418117523 738.14 409.24 828.47 477.99 811.92 499.73 721.59 430.98
0185 0.056866202503442764 571.93 353.03 584.43 347.90 610.23 410.76 597.73 415.89
0095 0.19996732473373413 644.20 173.78 710.56 170.77 711.40 189.41 645.04 192.42
0095 0.05334373936057091 732.36 331.82 791.34 373.59 779.59 390.18 720.61 348.41
0095 0.05028783529996872 553.28 888.84 606.86 896.91 603.90 916.55 550.32 908.48
0041 0.11984416842460632 604.06 580.06 721.71 567.83 724.22 591.99 606.57 604.22
0041 0.07574077695608139 664.58 649.89 740.44 630.36 746.00 651.96 670.14 671.48
0181 0.18219012022018433 486.51 739.90 593.02 709.40 601.64 739.53 495.14 770.03
0181 0.09872660040855408 429.64 974.37 498.83 1022.30 485.65 1041.32 416.46 993.39
0181 0.07736681401729584 731.04 50.88 795.14 76.31 785.86 99.69 721.77 74.26
0200 0.10411955416202545 414.47 974.08 590.78 921.58 599.80 951.87 423.49 1004.37
0196 0.38021528720855713 771.82 233.63 790.36 218.59 860.99 305.68 842.45 320.72
0037 0.10746226459741592 380.48 1006.39 573.43 903.92 591.51 937.96 398.57 1040.44
0186 0.24756646156311035 184.47 150.65 284.08 184.61 277.89 202.78 178.27 168.82
0186 0.20247171819210052 992.71 652.37 1020.77 667.60 938.58 819.04 910.51 803.81
0186 0.0948021411895752 283.97 346.11 310.03 359.20 237.05 504.54 210.99 491.45
0042 0.41822224855422974 453.51 760.17 580.74 784.40 576.41 807.17 449.17 782.94
0042 0.13589337468147278 345.16 378.39 361.17 363.62 445.53 455.07 429.52 469.84
0042 0.052604492753744125 408.20 331.53 439.00 326.28 463.78 471.79 432.97 477.03
0096 0.07735320925712585 396.11 804.26 474.07 852.20 460.42 874.40 382.46 826.45
0015 0.5133301019668579 793.46 356.86 878.77 410.83 864.87 432.81 779.56 378.84
0015 0.5113731622695923 603.97 432.45 714.72 513.37 699.24 534.57 588.48 453.64
0015 0.0978316143155098 597.74 473.94 652.83 526.90 640.61 539.62 585.51 486.66
0015 0.07132261991500854 457.83 913.89 517.86 897.14 522.43 913.51 462.39 930.26
0009 0.42273440957069397 11.87 498.89 79.88 518.53 73.12 541.96 5.11 522.31
0010 0.22972355782985687 719.58 601.77 880.51 760.61 858.06 783.36 697.12 624.52
0010 0.07397054135799408 653.78 657.03 801.21 804.17 783.86 821.56 636.42 674.42
0010 0.05732635036110878 511.55 3.12 546.13 36.57 468.95 116.34 434.37 82.89
0023 0.052792251110076904 1000.03 -22.50 1025.33 -9.52 974.15 90.25 948.85 77.28
0038 0.19319136440753937 202.92 588.00 320.13 563.03 325.78 589.58 208.58 614.55
0038 0.05661279335618019 832.19 771.21 855.73 769.36 863.82 872.22 840.28 874.07
0004 0.23741929233074188 985.81 537.73 1009.84 547.95 962.32 659.71 938.29 649.49
0028 0.2962101399898529 402.98 463.24 518.81 500.73 510.82 525.44 394.98 487.95
0028 0.24955594539642334 543.80 511.41 688.68 514.44 688.06 544.38 543.17 541.35
0028 0.10889273136854172 333.58 21.31 358.78 13.29 408.38 169.17 383.18 177.19
0028 0.07521802932024002 707.51 522.56 764.59 552.79 753.72 573.33 696.63 543.10
0155 0.1879507452249527 52.19 633.60 217.63 647.58 215.45 673.31 50.02 659.33
0160 0.20844916999340057 909.82 910.34 929.34 897.28 993.78 993.51 974.27 1006.58
0160 0.1170411929488182 883.08 963.89 907.18 940.65 971.30 1007.17 947.20 1030.40
0089 0.39663758873939514 42.24 462.15 67.74 455.72 94.52 561.96 69.02 568.39
0151 0.0719883069396019 225.73 810.24 332.05 864.52 315.17 897.58 208.85 843.31
0151 0.055386532098054886 586.07 899.16 614.90 892.90 649.61 1052.63 620.78 1058.89
0057 0.5721799731254578 463.61 680.99 583.99 717.95 576.03 743.87 455.65 706.91
0057 0.23997406661510468 360.38 219.68 379.79 210.95 430.25 323.10 410.84 331.83
0057 0.2229631543159485 620.18 739.32 773.78 746.34 772.57 772.83 618.97 765.80
0057 0.16100993752479553 434.46 195.04 457.22 194.06 463.02 327.90 440.25 328.88
0057 0.09838195145130157 777.35 980.50 835.35 969.29 838.64 986.30 780.64 997.52
0032 0.06415392458438873 774.18 200.32 792.12 206.46 736.59 368.64 718.65 362.50
0025 0.06612609326839447 -4.27 855.67 169.61 907.93 159.50 941.56 -14.37 889.29
0161 0.3093550503253937 466.57 376.10 499.90 359.70 620.86 605.60 587.53 622.00
0156 0.05391497537493706 251.04 695.32 318.77 705.63 316.23 722.38 248.49 712.07
0012 0.4340563714504242 749.64 998.48 851.55 952.87 865.54 984.12 763.63 1029.73
0090 0.164993554353714 255.38 183.26 292.07 156.41 338.57 219.95 301.88 246.80
0152 0.05729779228568077 568.53 516.14 597.34 502.86 674.36 670.03 645.55 683.30
0053 0.23194313049316406 355.44 960.91 622.16 863.76 638.06 907.42 371.34 1004.56
0053 0.1321127563714981 349.96 413.79 605.77 323.64 620.51 365.48 364.71 455.63
0053 0.11706916987895966 241.00 744.27 269.72 737.70 299.05 865.97 270.33 872.54
0026 0.3637097477912903 132.29 541.10 155.35 530.62 200.04 628.91 176.98 639.39
0026 0.28756922483444214 8.95 713.19 161.64 685.28 167.24 715.92 14.55 743.83
0026 0.11685404181480408 461.01 635.28 487.86 620.08 548.64 727.42 521.79 742.62
0026 0.11199996620416641 369.21 152.83 393.73 141.21 456.03 272.64 431.51 284.27
0026 0.057177767157554626 337.85 183.33 360.36 180.73 375.37 310.90 352.87 313.50
0162 0.40452006459236145 813.65 920.42 890.93 983.51 871.64 1007.14 794.36 944.05
0162 0.4012731611728668 911.23 503.97 1015.94 583.54 999.94 604.59 895.23 525.03
0162 0.3481011688709259 882.20 559.13 903.79 540.21 970.05 615.84 948.46 634.76
0162 0.33439457416534424 771.65 626.84 835.22 676.62 821.23 694.48 757.66 644.70
0162 0.2626993954181671 890.23 758.47 917.90 739.38 959.93 800.30 932.27 819.39
0157 0.15842628479003906 664.23 686.21 763.53 680.08 764.98 703.50 665.68 709.63
0157 0.0612303800880909 399.59 473.30 425.49 489.30 381.09 561.16 355.19 545.16
0020 0.05185888335108757 708.91 74.35 748.29 100.28 600.08 325.46 560.69 299.53
0054 0.2291182577610016 892.79 402.59 939.73 392.30 944.18 412.60 897.25 422.89
0059 0.2556893229484558 603.61 305.48 626.68 294.72 676.19 400.79 653.12 411.56
0059 0.2291482836008072 379.45 562.77 629.40 460.86 643.45 495.33 393.50 597.24
0059 0.1990569531917572 379.92 850.27 418.41 841.93 461.93 1042.79 423.44 1051.13
0059 0.16424235701560974 342.06 38.66 472.34 -35.77 488.43 -7.60 358.15 66.83
0059 0.09591864794492722 243.34 342.05 270.09 337.31 290.94 455.07 264.20 459.80
0034 0.1106792688369751 93.30 136.03 172.80 56.54 192.65 76.40 113.16 155.89
0048 0.19332042336463928 727.97 825.78 974.65 720.34 993.50 764.44 746.83 869.88
0027 0.23850776255130768 701.56 330.08 955.37 307.56 958.47 342.50 704.66 365.01
0027 0.2176302969455719 909.42 150.72 926.25 134.43 1010.64 221.64 993.82 237.92
0027 0.1619245707988739 726.24 174.47 812.74 147.22 819.78 169.59 733.29 196.83
0092 0.29915422201156616 230.38 592.65 371.00 554.06 377.30 577.03 236.68 615.62
0060 0.14563918113708496 672.43 66.90 748.51 59.69 750.48 80.49 674.41 87.70
0060 0.08112641423940659 151.47 403.48 189.30 410.42 158.40 578.63 120.58 571.68
0055 0.16298933327198029 600.11 374.88 723.27 388.38 719.86 419.57 596.69 406.07
0055 0.14328396320343018 494.51 413.24 537.35 389.97 545.67 405.29 502.83 428.56
0055 0.12578752636909485 673.75 471.66 736.05 461.39 738.71 477.51 676.41 487.79
0159 0.5730087161064148 858.96 769.66 1020.98 928.63 999.72 950.28 837.71 791.32
0159 0.23117147386074066 777.17 843.91 978.23 1025.81 958.89 1047.20 757.82 865.29
0159 0.11185631901025772 939.58 112.36 1017.08 58.85 1038.18 89.42 960.68 142.93
0159 0.11098381876945496 815.06 373.43 876.61 408.27 866.80 425.60 805.25 390.75
0159 0.05328376591205597 759.51 925.35 960.93 829.80 974.89 859.22 773.47 954.77
0062 0.17641714215278625 250.64 328.20 386.10 365.84 377.70 396.06 242.24 358.42
0062 0.05692329257726669 352.69 209.08 440.74 256.64 429.27 277.87 341.23 230.31
0061 0.6035857200622559 859.66 279.29 986.21 321.86 977.97 346.35 851.43 303.77
0056 0.26848268508911133 273.46 67.28 357.44 57.04 360.30 80.50 276.32 90.73
0056 0.1260407716035843 743.35 208.72 767.34 195.19 836.26 317.35 812.27 330.88
0056 0.05576732009649277 800.98 187.25 817.81 178.94 888.52 322.29 871.69 330.60
0154 0.2517750561237335 866.96 418.12 983.83 442.75 978.63 467.40 861.76 442.77
0154 0.1280706822872162 597.90 644.41 704.99 634.90 706.80 655.29 599.71 664.80
0154 0.09030424803495407 686.26 418.73 790.71 395.02 795.01 413.96 690.56 437.68
0049 0.21488407254219055 326.60 833.82 584.08 718.33 602.05 758.39 344.57 873.88
0093 0.5090782642364502 40.21 141.87 255.18 115.31 259.54 150.60 44.57 177.16
0072 0.1673809438943863 280.06 574.85 298.22 585.39 237.39 690.25 219.22 679.71
0063 0.2899032235145569 782.04 180.27 1022.20 48.98 1042.66 86.42 802.51 217.71
0063 0.26973456144332886 790.20 562.83 816.00 542.64 916.07 670.57 890.27 690.75
0063 0.12279975414276123 45.33 216.67 115.38 238.43 107.75 262.99 37.70 241.22
0063 0.05821848660707474 19.59 171.84 136.40 198.15 130.98 222.22 14.17 195.91
0082 0.08418340235948563 254.48 -34.92 287.36 -39.68 316.11 158.84 283.23 163.60
0082 0.05723079666495323 226.43 192.78 252.91 175.21 339.33 305.43 312.85 323.00
0050 0.11378499120473862 668.73 880.24 747.24 850.55 754.72 870.32 676.20 900.01
0050 0.0783267468214035 603.12 791.48 722.43 786.87 723.50 814.63 604.20 819.24
0050 0.07351802289485931 489.61 796.69 545.36 801.14 543.79 820.84 488.04 816.39
0117 0.3159005343914032 625.74 -9.72 767.87 8.55 764.99 30.96 622.86 12.70
0117 0.29371345043182373 818.39 10.51 960.95 23.15 957.84 58.20 815.29 45.57
0117 0.1498652994632721 898.27 967.80 943.95 953.47 949.02 969.64 903.34 983.97
0122 0.28210872411727905 576.94 286.66 693.01 251.92 701.28 279.55 585.21 314.29
0122 0.15097840130329132 281.05 600.08 317.68 596.68 337.96 815.03 301.33 818.44
0122 0.05259794369339943 111.00 596.79 132.33 589.33 186.43 744.11 165.09 751.57
0068 0.43866226077079773 569.59 463.62 647.76 512.81 635.48 532.31 557.32 483.12
0127 0.4416198432445526 737.61 174.51 830.70 139.29 837.84 158.17 744.75 193.39
0127 0.17134657502174377 847.43 611.66 872.63 598.60 937.09 722.92 911.89 735.99
0127 0.11310704052448273 769.99 318.69 785.76 305.66 878.86 418.36 863.10 431.38
0127 0.09871520102024078 406.54 418.21 501.47 397.39 507.48 424.80 412.56 445.63
0127 0.0931658074259758 691.89 202.35 710.50 199.02 728.27 298.23 709.65 301.57
0132 0.20916461944580078 329.91 825.54 414.04 764.24 428.18 783.65 344.05 844.95
0132 0.19245629012584686 378.39 243.52 436.50 237.22 438.34 254.22 380.24 260.52
0132 0.12827643752098083 777.80 552.84 893.12 584.86 886.26 609.59 770.94 577.56
0132 0.07885456830263138 38.64 861.80 130.96 805.70 147.39 832.75 55.07 888.84
0078 0.370821088552475 664.64 119.10 778.68 108.56 780.32 126.32 666.28 136.87
0073 0.19087722897529602 532.98 642.58 554.90 653.51 484.86 793.98 462.94 783.05
0073 0.14208486676216125 465.02 134.71 503.97 107.25 612.93 261.84 573.98 289.29
0073 0.13280443847179413 25.28 184.36 135.67 260.02 124.87 275.78 14.48 200.12
0073 0.06202138960361481 467.41 628.55 495.14 638.76 471.50 702.93 443.77 692.72
0073 0.05240028351545334 390.19 337.13 552.80 340.77 551.95 378.49 389.35 374.85
0073 0.05166369676589966 892.24 -13.62 914.84 -32.18 1034.13 113.07 1011.52 131.63
0064 0.3369883894920349 7.97 178.39 213.69 31.13 242.19 70.94 36.47 218.20
0064 0.2054775506258011 7.41 549.36 35.68 536.30 103.57 683.34 75.30 696.39
0083 0.200314462184906 937.36 342.57 1042.90 324.78 1046.78 347.81 941.24 365.59
0083 0.07958315312862396 511.21 69.69 631.07 104.16 622.74 133.11 502.89 98.64
0051 0.14718849956989288 627.71 6.67 786.94 20.10 784.46 49.56 625.23 36.13
0118 0.054906267672777176 205.76 596.76 308.16 611.54 303.78 641.89 201.38 627.11
0069 0.19535571336746216 -13.16 903.39 170.22 967.62 158.89 999.96 -24.48 935.73
0069 0.1591358482837677 226.64 650.85 418.77 779.21 400.48 806.59 208.35 678.24
0069 0.09626608341932297 567.97 245.95 591.12 259.82 541.30 342.94 518.15 329.07
0069 0.056291613727808 111.74 464.32 180.67 470.43 178.67 492.97 109.74 486.87
0123 0.23527684807777405 715.25 364.13 856.44 280.60 871.04 305.28 729.85 388.81
0123 0.0502958670258522 646.25 33.66 670.37 21.96 732.69 150.52 708.57 162.21
0133 0.34134379029273987 614.31 227.92 633.65 209.21 722.03 300.56 702.69 319.27
0074 0.05130445584654808 396.74 262.44 415.77 277.26 317.99 402.81 298.96 387.98
0065 0.0988009050488472 819.15 116.93 855.19 109.75 891.32 291.17 855.28 298.35
0065 0.06460068374872208 874.53 475.25 906.54 471.72 923.94 629.70 891.93 633.23
0137 0.24872787296772003 313.16 596.07 338.66 591.00 357.24 684.53 331.73 689.60
0137 0.12194604426622391 191.30 941.87 218.70 939.27 227.68 1033.70 200.27 1036.30
0137 0.08157622814178467 549.91 543.60 571.43 537.61 596.77 628.75 575.26 634.73
0070 0.6867212653160095 569.06 51.17 652.18 124.56 633.77 145.41 550.65 72.02
0070 0.07826253771781921 287.13 867.12 356.74 856.65 359.44 874.58 289.83 885.05
0134 0.06559395790100098 523.12 662.15 543.90 655.45 573.98 748.81 553.19 755.51
0124 0.3033084273338318 556.87 539.51 718.62 580.45 711.83 607.30 550.07 566.35
0124 0.1791572868824005 277.07 825.24 390.12 834.56 388.39 855.63 275.34 846.31
0124 0.1688501536846161 677.69 733.19 707.21 738.82 686.89 845.36 657.36 839.72
0124 0.13423265516757965 371.85 493.09 494.74 538.99 484.22 567.15 361.33 521.25
0080 0.4039931297302246 725.36 514.49 836.67 469.37 846.32 493.18 735.01 538.30
0080 0.14538705348968506 723.62 725.79 877.30 607.55 896.75 632.83 743.07 751.07
0080 0.07512416690587997 371.47 258.47 393.83 245.20 469.11 372.04 446.75 385.31
0080 0.056038498878479004 636.29 248.20 844.01 191.35 853.75 226.92 646.03 283.78
0119 0.44519320130348206 657.70 794.42 820.50 744.24 829.45 773.30 666.66 823.48
0075 0.1014995127916336 272.52 129.63 289.67 141.73 243.25 207.51 226.11 195.41
0085 0.3674148619174957 32.89 690.07 65.95 685.33 88.01 839.07 54.95 843.82
0085 0.25975024700164795 10.91 170.68 66.66 151.38 73.90 172.30 18.15 191.59
0085 0.14163216948509216 404.76 555.47 459.51 554.20 459.86 569.23 405.11 570.49
0135 0.29474103450775146 670.08 23.96 700.40 -2.02 783.79 95.27 753.47 121.26
0135 0.10109580308198929 69.34 227.97 93.07 210.93 197.25 356.03 173.52 373.07
0125 0.27655813097953796 370.42 80.76 491.48 153.89 471.71 186.62 350.65 113.49
0125 0.26470547914505005 566.45 124.99 705.55 198.93 689.94 228.30 550.84 154.36
0125 0.15161727368831635 661.73 341.93 691.34 337.49 705.95 435.08 676.34 439.51
0125 0.13009488582611084 219.99 421.54 379.25 457.47 374.52 478.42 215.26 442.50
0071 0.10184026509523392 594.95 277.64 716.54 324.32 708.18 346.10 586.58 299.42
0076 0.413009375333786 315.34 513.72 416.18 495.67 420.17 517.96 319.32 536.01
0120 0.5241146683692932 326.62 360.91 477.57 312.38 486.56 340.33 335.61 388.87
0130 0.1847800314426422 805.54 226.35 846.17 216.80 902.79 457.73 862.16 467.27
0142 0.20352904498577118 476.42 867.89 643.59 818.53 651.42 845.06 484.25 894.42
0142 0.17435605823993683 693.64 311.60 896.40 283.26 901.59 320.40 698.83 348.74
0136 0.3508753776550293 817.59 277.88 839.69 268.77 889.98 390.66 867.87 399.78
0126 0.14098244905471802 924.95 424.43 1008.79 453.03 1001.59 474.13 917.75 445.53
0126 0.06264612823724747 697.70 575.05 768.56 540.76 777.62 559.47 706.75 593.76
0086 0.2254159152507782 462.38 281.76 492.76 290.49 454.08 425.24 423.70 416.52
0086 0.18222355842590332 40.55 639.96 123.06 627.91 126.33 650.33 43.83 662.38
0131 0.17571808397769928 777.57 647.67 833.53 634.16 837.33 649.90 781.37 663.41
0046 0.25341808795928955 590.03 368.66 781.99 439.40 769.71 472.71 577.76 401.97
0046 0.08833397924900055 767.06 611.37 833.54 601.85 836.06 619.40 769.58 628.92
0121 0.3109641969203949 179.02 431.24 315.28 477.88 305.53 506.34 169.27 459.70
0143 0.21011266112327576 342.10 88.39 439.36 36.12 452.06 59.74 354.80 112.01
0143 0.11589990556240082 870.91 859.89 949.51 868.66 947.76 884.37 869.16 875.60
0143 0.0567348375916481 937.56 575.96 1062.91 624.37 1050.72 655.93 925.37 607.52
0140 0.05570348724722862 727.91 731.28 826.51 683.22 835.73 702.14 737.14 750.20
0167 0.07119441032409668 384.34 182.32 423.47 196.19 343.62 421.59 304.49 407.73
0177 0.08609301596879959 576.74 674.51 602.27 657.23 704.58 808.36 679.05 825.64
0177 0.05015578120946884 611.43 657.02 630.16 646.40 713.83 793.97 695.10 804.59
0163 0.36788952350616455 264.56 644.08 345.17 703.09 331.01 722.43 250.40 663.42
0163 0.15757274627685547 487.66 626.11 607.32 720.92 587.72 745.66 468.06 650.85
0163 0.14873237907886505 427.55 -43.09 466.59 -64.85 611.82 195.75 572.78 217.50
0163 0.07984524220228195 229.43 677.32 359.12 711.96 351.58 740.17 221.90 705.53
0163 0.07764504849910736 109.51 744.02 158.14 790.93 138.43 811.37 89.80 764.46
0163 0.07568998634815216 13.29 925.76 90.54 970.27 74.76 997.65 -2.49 953.14
0109 0.42386144399642944 784.48 871.38 919.70 857.81 922.17 882.45 786.95 896.02
0109 0.23537753522396088 58.82 853.00 156.43 840.65 159.03 861.15 61.42 873.50
0109 0.18575039505958557 175.54 571.18 283.48 600.83 274.73 632.69 166.79 603.04
0148 0.06660020351409912 165.21 729.35 404.54 669.53 415.78 714.48 176.45 774.31
0114 0.36914265155792236 837.51 793.92 970.35 827.80 960.60 866.04 827.76 832.16
0114 0.3121982216835022 626.02 762.81 773.28 792.08 766.08 828.29 618.82 799.03
0114 0.2665926218032837 546.88 371.00 569.30 361.19 612.68 460.36 590.26 470.17
0114 0.13920281827449799 587.96 735.65 658.27 705.04 666.29 723.46 595.98 754.07
0114 0.07954111695289612 589.62 325.04 613.47 316.20 668.39 464.43 644.53 473.26
0173 0.15722273290157318 431.93 769.01 464.18 776.53 416.11 982.65 383.86 975.13
0144 0.2808838486671448 71.48 54.24 261.59 20.11 267.49 53.00 77.39 87.13
0178 0.12001902610063553 887.60 902.25 984.68 936.46 977.25 957.53 880.17 923.33
0178 0.07062187790870667 366.13 978.48 489.91 998.60 485.91 1023.21 362.13 1003.09
0164 0.2687433362007141 892.59 348.37 916.91 332.34 968.44 410.51 944.13 426.54
0164 0.12987083196640015 893.73 135.96 981.08 198.85 961.99 225.37 874.64 162.47
0164 0.12639684975147247 945.12 830.91 1014.08 867.55 1003.22 888.00 934.25 851.37
0164 0.12294063717126846 41.96 614.02 65.82 618.90 43.21 729.36 19.35 724.48
0164 0.11352500319480896 172.25 605.68 252.71 658.46 240.33 677.34 159.86 624.57
0164 0.1080654188990593 806.86 542.68 828.03 525.19 880.71 588.97 859.54 606.46
0103 0.09642533212900162 784.47 105.69 809.54 102.14 826.12 219.24 801.05 222.79
0174 0.3688477873802185 139.46 543.89 162.44 544.64 159.20 644.07 136.23 643.32
0169 0.09724840521812439 951.78 172.89 973.25 175.36 966.02 238.33 944.55 235.87
0106 0.18940265476703644 563.03 71.13 583.22 66.61 603.95 159.27 583.76 163.79
0165 0.6035962700843811 404.60 116.48 489.30 181.34 472.98 202.66 388.27 137.80
0165 0.28662413358688354 545.46 427.59 565.87 415.80 607.08 487.08 586.67 498.88
0165 0.12768419086933136 384.88 827.66 414.98 841.53 349.68 983.21 319.59 969.34
0165 0.1230323538184166 214.64 316.98 237.84 302.70 314.19 426.82 290.99 441.09
0165 0.0641578659415245 906.97 194.94 975.00 143.24 1001.71 178.38 933.67 230.08
0017 0.41604921221733093 774.66 613.86 850.32 687.66 834.21 704.17 758.56 630.37
0017 0.1212456226348877 56.66 437.80 144.13 491.82 130.95 513.17 43.47 459.15
0017 0.0985497534275055 627.71 48.39 718.27 114.25 696.51 144.16 605.96 78.30
0110 0.3213005065917969 779.02 488.80 908.82 441.74 916.74 463.60 786.94 510.66
0110 0.1738707572221756 352.85 225.50 459.87 210.32 464.14 240.44 357.12 255.62
0110 0.15763358771800995 65.61 461.23 143.78 435.34 149.07 451.31 70.90 477.20
0110 0.1095331460237503 171.39 156.19 290.28 200.66 277.39 235.13 158.49 190.66
0116 0.41663721203804016 220.29 369.10 372.56 388.10 368.25 422.59 215.98 403.59
0116 0.27944231033325195 424.01 413.14 535.56 416.23 534.61 450.58 423.06 447.49
0116 0.07504747807979584 3.79 958.11 64.92 939.14 71.54 960.47 10.42 979.45
0166 0.07310515642166138 568.99 966.24 589.72 983.28 549.64 1032.03 528.91 1014.99
0176 0.13427935540676117 789.96 343.02 868.93 338.92 870.18 363.03 791.21 367.12
0105 0.22309480607509613 163.44 866.85 183.14 862.31 206.55 963.81 186.84 968.35
0108 0.053591758012771606 905.07 175.62 936.40 167.97 971.10 310.05 939.77 317.70
0029 0.20705637335777283 822.05 954.39 1028.71 880.14 1041.50 915.73 834.84 989.98
0016 0.42575424909591675 741.35 222.12 829.21 146.67 850.42 171.36 762.56 246.81
0112 0.33213382959365845 773.47 520.03 983.46 459.73 991.70 488.40 781.70 548.70
0112 0.07961418479681015 -3.46 836.58 86.22 747.65 107.61 769.22 17.94 858.16
0030 0.15277761220932007 821.87 541.87 1027.90 508.83 1033.79 545.57 827.77 578.61
0030 0.1028081625699997 771.95 122.43 1010.54 1.17 1028.74 36.98 790.15 158.23
0031 0.09928745776414871 871.61 710.64 955.01 721.50 950.62 755.18 867.23 744.33
