0006 0.07817009836435318 468.45 751.34 731.93 707.08 749.70 812.82 486.21 857.08
0183 0.2502509355545044 454.78 191.71 619.65 310.67 550.35 406.72 385.48 287.75
0183 0.2176794856786728 420.93 490.34 629.11 575.40 599.57 647.71 391.39 562.65
0188 0.2740911543369293 46.23 180.12 250.53 34.09 297.31 99.54 93.01 245.56
0188 0.09065679460763931 187.00 237.61 309.28 316.89 133.06 588.69 10.78 509.41
0188 0.05626051500439644 184.88 613.94 363.36 549.89 401.84 657.13 223.36 721.18
0179 0.06048250198364258 418.82 700.10 751.42 555.31 772.21 603.06 439.61 747.85
0189 0.21312709152698517 620.24 273.40 694.21 228.46 803.26 407.95 729.29 452.89
0002 0.30524492263793945 515.22 640.47 582.17 574.60 776.88 772.52 709.93 838.39
0099 0.32725173234939575 183.20 603.64 433.82 755.50 404.27 804.26 153.65 652.40
0007 0.13196243345737457 509.25 697.87 901.23 1017.61 824.30 1111.92 432.31 792.19
0185 0.08837448060512543 813.37 122.46 894.81 51.89 1030.59 208.60 949.15 279.17
0185 0.07120324671268463 33.34 779.42 106.77 716.45 249.80 883.25 176.37 946.22
0095 0.08033130317926407 827.35 761.18 920.35 727.00 1001.78 948.63 908.77 982.80
0181 0.1061331257224083 785.44 553.81 935.15 583.02 907.14 726.54 757.43 697.33
0037 0.11286615580320358 387.54 905.99 626.33 967.69 608.72 1035.83 369.93 974.13
0096 0.07971677929162979 413.39 339.10 642.84 391.14 614.21 517.36 384.76 465.32
0010 0.5586907267570496 622.97 719.80 935.25 831.46 911.42 898.10 599.14 786.44
0010 0.16778980195522308 689.26 612.89 991.17 787.70 950.87 857.30 648.96 682.49
0155 0.11563919484615326 74.22 608.21 423.33 616.24 421.70 687.12 72.59 679.08
0025 0.20145200192928314 25.89 707.45 258.08 870.88 224.68 918.34 -7.51 754.91
0161 0.6187646389007568 351.62 473.52 604.91 552.01 578.52 637.19 325.23 558.69
0161 0.20795392990112305 418.65 417.47 504.04 354.22 722.95 649.75 637.56 713.00
0161 0.10582225024700165 500.10 842.76 828.32 991.51 797.89 1058.67 469.66 909.91
0161 0.0665481835603714 592.32 788.92 943.15 872.52 915.17 989.90 564.35 906.31
0053 0.10535743832588196 318.81 344.79 639.02 363.53 635.24 428.01 315.04 409.27
0020 0.0793207660317421 628.15 89.12 701.67 91.20 695.17 321.61 621.65 319.53
0054 0.10849256068468094 167.16 215.24 229.12 273.46 46.49 467.86 -15.48 409.64
0059 0.05194748193025589 367.22 493.15 658.14 512.02 654.81 563.35 363.89 544.48
0048 0.2893775701522827 759.08 748.50 1029.60 672.12 1057.13 769.62 786.61 846.00
0158 0.0939779207110405 104.77 38.36 178.76 72.28 97.62 249.26 23.63 215.34
0027 0.05453949794173241 672.16 340.64 970.28 292.63 977.65 338.40 679.53 386.41
0159 0.30647727847099304 885.38 770.29 961.55 774.27 948.40 1026.03 872.23 1022.05
0049 0.20183198153972626 298.94 830.50 611.30 698.26 633.49 750.67 321.13 882.91
0063 0.1280282884836197 756.33 149.05 1055.57 59.58 1071.83 113.96 772.59 203.43
0073 0.12472977489233017 408.53 65.55 681.92 229.69 643.54 293.62 370.14 129.48
0073 0.09527429938316345 774.65 177.55 886.64 141.84 958.41 366.95 846.43 402.66
0073 0.0531759075820446 482.88 380.75 847.22 570.66 808.89 644.21 444.54 454.30
0064 0.06469685584306717 -32.07 158.06 177.06 58.71 201.71 110.59 -7.43 209.94
0118 0.11320316046476364 210.93 584.48 418.36 633.88 400.16 710.32 192.73 660.93
0069 0.192438006401062 5.31 633.32 210.53 668.49 189.58 790.74 -15.64 755.57
0069 0.14527149498462677 462.26 817.93 814.27 942.34 792.10 1005.08 440.08 880.66
0069 0.07108959555625916 282.24 644.06 446.25 798.15 372.68 876.46 208.67 722.36
0123 0.05975485220551491 682.70 337.19 894.69 222.60 934.31 295.90 722.32 410.49
0065 0.07348242402076721 760.88 53.93 825.42 36.20 893.53 284.15 828.99 301.88
0080 0.057656969875097275 586.08 230.62 939.65 159.76 950.01 211.42 596.43 282.28
0071 0.14569687843322754 86.76 770.92 474.47 1010.91 433.99 1076.30 46.28 836.31
0071 0.1227305606007576 -14.32 253.90 83.41 167.34 194.77 293.06 97.04 379.62
0071 0.09353277832269669 32.67 492.76 120.40 455.81 203.69 653.54 115.96 690.49
0071 0.05250542238354683 181.84 378.60 438.87 520.62 399.22 592.40 142.18 450.38
0126 0.07923492044210434 620.48 -2.45 698.83 1.35 686.46 256.20 608.11 252.40
0147 0.15606769919395447 535.81 656.36 932.80 593.50 943.65 662.02 546.66 724.89
0177 0.06025771424174309 558.06 677.93 613.40 627.13 780.65 809.34 725.31 860.13
0163 0.6355356574058533 352.56 73.14 412.78 16.44 715.13 337.55 654.91 394.25
0163 0.1435946822166443 600.68 430.59 947.45 498.16 924.33 616.82 577.55 549.24
0163 0.10966838896274567 413.02 1.50 669.02 125.94 647.79 169.61 391.80 45.16
0163 0.053446341305971146 728.10 85.68 822.23 79.17 846.29 426.87 752.16 433.39
0163 0.051671404391527176 504.78 -43.66 591.89 -78.07 794.05 433.69 706.94 468.10
0148 0.32031258940696716 127.96 228.60 518.25 216.77 520.51 291.39 130.22 303.23
0164 0.15268294513225555 253.00 609.56 321.60 611.63 308.82 1035.88 240.23 1033.81
0165 0.08961397409439087 186.47 716.68 301.51 745.79 258.25 916.78 143.21 887.67
0017 0.08154863119125366 98.59 918.00 280.91 737.26 325.89 782.64 143.58 963.38
0107 0.0649852454662323 857.60 754.76 944.46 695.95 1027.05 817.92 940.19 876.73
0022 0.07121893763542175 548.03 382.75 621.87 336.73 731.05 511.92 657.21 557.94
0108 0.07143152505159378 436.77 442.58 680.77 319.40 721.21 399.51 477.22 522.69
0029 0.12200060486793518 807.40 946.93 1055.08 858.22 1072.35 906.44 824.67 995.14
0029 0.05647030100226402 767.18 372.51 1040.88 508.73 1012.46 565.83 738.76 429.62
0030 0.08135605603456497 183.07 47.86 488.71 261.43 440.06 331.05 134.42 117.47
0030 0.06817328184843063 833.93 573.43 1007.56 429.61 1047.95 478.37 874.32 622.19
