0187 0.07038165628910065 698.20 806.57 718.08 815.69 647.16 970.28 627.28 961.16
0097 0.10747367888689041 525.51 446.26 626.71 527.54 614.28 543.01 513.08 461.73
0193 0.08783219009637833 84.53 -38.91 111.85 -30.20 44.68 180.50 17.36 171.79
0006 0.1193852350115776 114.56 19.25 140.37 -1.62 264.66 152.08 238.85 172.94
0196 0.06398944556713104 898.87 31.46 920.45 36.10 890.97 173.02 869.39 168.37
0037 0.07359014451503754 388.97 941.93 612.87 962.43 609.49 999.28 385.60 978.78
0037 0.05168695002794266 771.09 873.04 912.63 1006.46 895.27 1024.88 753.73 891.46
0186 0.10736210644245148 281.78 338.53 307.87 347.28 252.38 512.78 226.30 504.03
0186 0.07565111666917801 183.67 144.00 290.20 195.71 282.57 211.42 176.04 159.71
0042 0.06713145226240158 398.76 336.51 423.12 331.88 451.14 479.18 426.78 483.82
0028 0.11742230504751205 541.94 524.97 689.85 503.27 693.56 528.57 545.65 550.27
0028 0.11516401916742325 388.63 485.80 533.80 478.29 535.04 502.24 389.87 509.75
0028 0.05123674497008324 361.51 20.55 386.34 21.61 379.87 172.76 355.04 171.70
0151 0.11342405527830124 578.29 900.41 603.24 892.23 655.95 1052.96 631.00 1061.15
0151 0.07673656195402145 601.03 917.85 619.57 902.82 701.78 1004.20 683.23 1019.24
0057 0.10590270161628723 413.66 190.39 431.77 183.62 485.10 326.44 466.99 333.20
0057 0.06441590189933777 459.04 710.88 587.15 694.92 589.69 715.32 461.58 731.28
0152 0.12014993280172348 577.90 501.50 606.83 492.88 660.95 674.59 632.02 683.21
0053 0.07709910720586777 933.32 846.65 955.48 845.37 966.19 1031.45 944.04 1032.73
0053 0.06255561858415604 265.35 729.44 290.13 731.91 275.28 881.32 250.50 878.86
0026 0.07577091455459595 327.85 188.05 347.74 181.22 397.95 327.38 378.06 334.21
0026 0.06901802122592926 387.03 141.29 411.14 137.49 434.00 282.54 409.89 286.34
0026 0.06680896133184433 504.94 643.87 522.85 627.53 592.65 704.02 574.75 720.36
0026 0.056459691375494 500.12 621.78 526.25 624.85 511.93 746.91 485.80 743.84
0054 0.0987500548362732 560.47 802.45 686.67 924.26 667.68 943.92 541.49 822.11
0059 0.05480283126235008 240.15 344.72 264.30 337.10 304.83 465.49 280.67 473.11
0034 0.0555671826004982 785.36 808.51 811.70 817.96 753.40 980.50 727.06 971.05
0027 0.056113503873348236 689.83 395.22 880.40 288.97 893.22 311.96 702.65 418.22
0092 0.056248489767313004 230.76 594.79 367.02 555.02 372.52 573.86 236.26 613.63
0060 0.17951302230358124 227.81 393.77 243.45 407.77 122.47 542.91 106.82 528.90
0154 0.05807521939277649 868.21 413.82 992.39 453.73 985.32 475.75 861.13 435.84
0067 0.06152927502989769 837.73 101.76 861.20 87.28 949.71 230.73 926.23 245.22
0067 0.050190601497888565 591.90 197.54 615.08 205.94 553.00 377.07 529.83 368.67
0093 0.07033834606409073 25.03 139.03 257.83 121.20 259.82 147.27 27.03 165.09
0063 0.13534370064735413 877.76 875.78 902.70 872.38 921.97 1013.76 897.03 1017.15
0063 0.06190437823534012 795.60 538.49 820.16 521.92 920.35 670.41 895.80 686.98
0082 0.062275294214487076 214.36 195.24 236.67 174.56 347.52 294.14 325.21 314.82
0117 0.09502073377370834 810.25 35.46 961.78 5.39 967.65 34.98 816.12 65.05
0117 0.060026299208402634 635.51 -5.66 772.72 11.53 770.14 32.12 632.93 14.92
0122 0.23010218143463135 250.48 608.00 281.05 595.29 367.99 804.48 337.41 817.19
0122 0.2056385576725006 277.33 612.83 296.50 597.86 408.30 740.99 389.13 755.96
0122 0.13438032567501068 112.56 579.07 132.79 575.77 161.14 749.62 140.92 752.92
0127 0.09445416927337646 611.88 172.13 643.54 166.55 667.79 303.92 636.13 309.51
0064 0.0599006824195385 34.55 489.59 52.81 492.10 24.62 697.73 6.36 695.23
0064 0.05680736154317856 109.98 875.01 133.31 878.23 111.63 1035.45 88.31 1032.24
0051 0.17196418344974518 611.36 -7.37 789.28 24.67 783.58 56.29 605.67 24.24
0069 0.050147008150815964 -0.32 875.64 162.49 1004.67 144.52 1027.34 -18.29 898.31
0123 0.09108023345470428 702.76 369.65 873.25 281.88 886.85 308.31 716.37 396.08
0074 0.05844151973724365 380.03 251.31 399.34 259.26 337.88 408.55 318.57 400.60
0065 0.05860458314418793 872.60 465.32 901.93 460.93 928.04 635.58 898.72 639.96
0124 0.13367782533168793 559.96 541.15 738.57 595.63 729.83 624.27 551.22 569.79
0080 0.09856612235307693 717.12 669.72 910.84 658.34 912.55 687.45 718.83 698.83
0080 0.0508890226483345 635.30 281.04 812.72 186.22 827.84 214.51 650.42 309.33
0119 0.0616300031542778 645.15 775.37 839.86 754.98 843.21 786.92 648.50 807.32
0125 0.09052915871143341 559.81 149.53 713.87 191.27 708.69 210.40 554.63 168.66
0125 0.06993473321199417 352.25 131.80 502.38 106.60 507.54 137.34 357.42 162.55
0125 0.05737797170877457 223.85 457.41 379.12 417.43 384.27 437.45 229.00 477.42
0076 0.05976169556379318 313.12 511.25 420.87 502.94 422.24 520.73 314.49 529.04
0142 0.08651955425739288 471.39 855.91 645.69 835.19 648.65 860.05 474.35 880.78
0142 0.08378545194864273 703.74 294.87 886.69 305.97 884.50 342.15 701.55 331.05
0126 0.05323164910078049 644.54 69.21 665.09 76.10 607.30 248.40 586.75 241.51
0046 0.10483541339635849 561.02 381.23 791.27 418.39 785.99 451.07 555.75 413.91
0121 0.19417577981948853 166.97 458.91 307.98 445.51 310.75 474.71 169.74 488.10
0177 0.06802132725715637 609.93 666.81 627.44 654.71 719.71 788.30 702.20 800.40
0163 0.07511667162179947 485.53 620.65 607.08 731.75 587.71 752.94 466.16 641.83
0109 0.1351439207792282 785.44 855.51 921.82 872.10 918.78 897.06 782.41 880.47
0148 0.0610412172973156 173.82 771.78 392.09 631.00 415.42 667.16 197.14 807.94
0114 0.16076967120170593 616.24 800.24 785.44 780.36 787.75 800.09 618.56 819.97
0114 0.06511799246072769 582.85 321.23 603.98 311.67 672.25 462.66 651.13 472.21
0114 0.061692047864198685 831.04 800.70 993.88 839.80 986.16 871.95 823.32 832.84
0144 0.14185065031051636 65.61 56.17 240.88 27.03 246.07 58.25 70.80 87.39
0110 0.05613434687256813 770.51 483.14 906.58 450.16 911.74 471.46 775.68 504.44
0116 0.16377440094947815 232.55 372.79 377.46 395.12 372.95 424.38 228.04 402.05
0107 0.0730162039399147 705.95 713.34 731.69 709.03 767.13 920.74 741.39 925.05
0107 0.06079641357064247 684.04 733.83 709.10 728.97 744.97 913.95 719.91 918.81
0107 0.05647701770067215 912.24 722.30 936.54 708.35 1014.43 844.00 990.13 857.95
0107 0.051740266382694244 767.44 292.07 785.41 281.36 870.42 424.03 852.45 434.74
0029 0.0733252614736557 826.43 971.11 1022.15 871.21 1037.89 902.04 842.17 1001.94
0112 0.08237003535032272 831.57 518.53 986.23 454.24 995.14 475.69 840.49 539.99
0030 0.07635395228862762 802.89 554.78 1028.98 508.50 1035.76 541.65 809.68 587.94
