0192 0.3483550250530243 649.45 725.84 668.89 735.93 599.07 870.47 579.63 860.38
0005 0.4053410589694977 109.92 181.93 133.81 196.31 52.03 332.16 28.13 317.78
0005 0.06587830185890198 642.80 849.20 717.77 896.22 701.20 922.64 626.24 875.62
0044 0.24320204555988312 595.07 426.18 689.65 503.61 670.89 526.53 576.31 449.10
0187 0.2667607069015503 716.01 804.36 731.72 816.52 618.08 963.42 602.37 951.27
0187 0.2259242981672287 1012.05 514.17 1029.54 527.91 934.18 649.34 916.69 635.60
0187 0.07029397785663605 622.12 813.15 648.20 801.11 723.38 964.03 697.30 976.07
0097 0.5770391225814819 507.65 480.41 634.83 489.86 633.40 509.14 506.21 499.69
0097 0.4152263104915619 509.70 450.93 674.74 469.94 671.62 497.08 506.58 478.07
0097 0.32908472418785095 768.71 396.38 908.85 472.92 897.87 493.02 757.73 416.47
0097 0.28433430194854736 370.30 311.30 481.11 401.98 467.14 419.05 356.33 328.36
0097 0.1605187952518463 173.26 426.81 322.62 444.99 319.44 471.11 170.08 452.93
0193 0.1812790185213089 70.88 -38.03 99.19 -32.32 55.72 183.26 27.41 177.55
0193 0.16252832114696503 858.63 17.79 883.63 27.97 824.54 173.01 799.55 162.83
0019 0.11123115569353104 992.22 740.34 1013.54 741.70 1003.73 895.42 982.40 894.06
0045 0.1337248980998993 340.42 513.88 365.49 513.12 369.92 659.46 344.85 660.22
0045 0.0974443182349205 600.89 165.52 731.51 177.05 729.57 199.00 598.95 187.47
0006 0.5579683780670166 110.59 54.11 123.33 45.02 205.34 159.96 192.61 169.04
0006 0.5573963522911072 143.34 0.97 165.94 -6.77 226.52 170.04 203.93 177.79
0006 0.13268733024597168 208.70 30.99 223.78 44.41 107.83 174.78 92.75 161.36
0006 0.06622229516506195 480.09 878.21 616.91 854.23 620.69 875.77 483.87 899.75
0183 0.497588574886322 41.05 590.68 124.78 657.40 111.65 673.88 27.92 607.15
0183 0.3719891905784607 906.89 405.95 932.66 386.59 1022.87 506.71 997.10 526.07
0183 0.2762054204940796 28.65 607.67 98.58 674.90 67.80 706.91 -2.13 639.69
0183 0.23415660858154297 382.93 720.45 543.55 766.73 536.04 792.82 375.41 746.53
0183 0.09458761662244797 384.00 479.10 584.15 590.55 570.07 615.85 369.91 504.40
0183 0.09200580418109894 50.23 903.47 129.47 958.14 117.16 975.98 37.92 921.31
0183 0.0713009312748909 151.62 754.73 239.52 786.58 233.27 803.84 145.37 772.00
0183 0.05000682175159454 169.55 727.34 258.96 763.10 249.78 786.05 160.38 750.30
0001 0.32360294461250305 654.17 804.54 783.66 849.86 774.10 877.17 644.62 831.85
0001 0.10204710066318512 530.83 655.35 714.35 706.77 707.69 730.57 524.16 679.16
0001 0.09788814187049866 830.82 881.50 991.23 807.22 1000.66 827.60 840.26 901.87
0001 0.06681546568870544 145.12 1016.02 252.16 946.29 267.85 970.38 160.80 1040.10
0001 0.06256309151649475 913.02 241.33 1056.55 153.94 1068.08 172.88 924.55 260.28
0188 0.5707442760467529 712.25 12.92 855.42 70.04 847.81 89.12 704.64 32.00
0188 0.20890672504901886 694.91 325.42 717.35 306.03 823.51 428.84 801.08 448.24
0188 0.17734801769256592 707.72 504.44 728.64 513.20 668.36 657.13 647.44 648.37
0188 0.16622193157672882 680.74 347.21 777.25 378.15 756.73 442.16 660.22 411.22
0188 0.05149216204881668 79.99 263.04 94.95 273.78 15.79 383.97 0.84 373.22
0098 0.2793586850166321 690.87 882.50 713.49 880.08 727.09 1006.87 704.46 1009.29
0040 0.3438974916934967 586.64 837.59 605.25 822.76 681.09 917.95 662.48 932.78
0040 0.18082480132579803 479.98 573.23 604.99 532.06 614.88 562.09 489.86 603.26
0040 0.13152830302715302 781.57 487.60 805.12 471.40 884.87 587.36 861.32 603.55
0040 0.05150521174073219 11.82 671.80 39.85 659.85 86.32 768.82 58.30 780.78
0094 0.08196812868118286 245.27 892.66 263.85 881.35 329.18 988.72 310.60 1000.03
0094 0.06390988826751709 618.74 274.79 743.69 326.30 734.23 349.24 609.29 297.73
0179 0.12171559035778046 494.59 733.95 655.87 596.88 674.96 619.34 513.68 756.41
0179 0.11514316499233246 664.13 113.40 689.63 123.88 632.90 261.88 607.40 251.39
0179 0.08338477462530136 749.29 524.60 764.86 538.95 642.65 671.56 627.08 657.20
0179 0.08327779918909073 704.61 839.24 810.98 883.60 801.14 907.20 694.77 862.84
0189 0.05584436282515526 688.52 23.20 711.49 34.59 640.39 177.89 617.41 166.50
0184 0.05898696556687355 665.77 560.51 686.05 565.65 654.03 691.84 633.75 686.69
0099 0.1790786236524582 124.45 39.90 270.42 87.21 264.29 106.10 118.33 58.79
0099 0.09378819167613983 133.06 53.86 243.53 111.56 232.28 133.10 121.80 75.40
0099 0.05681469663977623 387.56 -1.38 403.21 -12.80 463.17 69.37 447.52 80.79
0099 0.05594472959637642 197.99 230.79 288.23 169.12 308.77 199.17 218.53 260.84
0007 0.07310916483402252 896.38 255.76 925.96 273.56 882.44 345.92 852.85 328.12
0007 0.06118080019950867 288.65 481.78 380.99 517.89 364.99 558.82 272.64 522.71
0007 0.052022479474544525 651.09 622.22 841.60 630.55 840.70 651.09 650.19 642.75
0180 0.15907493233680725 93.40 89.43 180.65 140.83 169.34 160.03 82.09 108.64
0180 0.09515204280614853 89.92 357.92 204.31 411.59 191.88 438.10 77.49 384.42
0180 0.05362168326973915 196.14 430.24 301.64 476.13 289.13 504.90 183.62 459.01
0185 0.599431037902832 945.84 644.37 961.11 655.56 854.54 801.00 839.27 789.81
0185 0.2481801062822342 365.72 817.10 450.12 868.08 432.27 897.64 347.86 846.66
0185 0.21404942870140076 778.27 116.00 989.92 159.60 985.26 182.23 773.61 138.63
0185 0.17069950699806213 719.03 420.77 745.32 395.75 833.23 488.13 806.94 513.15
0185 0.14162035286426544 576.49 317.14 605.38 309.87 633.33 420.87 604.44 428.14
0185 0.13771919906139374 426.28 182.98 537.81 246.74 518.97 279.69 407.44 215.93
0185 0.10663777589797974 798.88 304.55 970.78 400.60 958.58 422.43 786.69 326.37
0185 0.06501136720180511 410.59 207.11 507.58 292.00 482.48 320.68 385.49 235.79
0095 0.05088399350643158 768.14 812.66 799.26 788.63 893.66 910.92 862.53 934.94
0041 0.10508078336715698 612.69 582.22 725.04 568.18 728.47 595.66 616.13 609.70
0181 0.09037674963474274 483.73 770.62 579.63 687.37 598.03 708.57 502.14 791.83
0200 0.2740507423877716 405.76 982.83 591.59 914.39 602.76 944.72 416.92 1013.15
0200 0.07691801339387894 546.05 614.20 585.09 632.42 537.21 735.03 498.17 716.81
0196 0.269668847322464 892.58 29.57 915.72 32.43 897.54 179.48 874.40 176.61
0196 0.1663578450679779 722.14 359.95 838.91 357.54 839.47 384.39 722.70 386.80
0003 0.07611208409070969 963.99 762.85 996.57 774.89 950.31 900.10 917.73 888.07
0037 0.5026346445083618 791.84 865.01 820.25 856.39 872.80 1029.64 844.40 1038.26
0037 0.09409710019826889 366.01 976.27 574.96 932.81 583.28 972.80 374.33 1016.26
0186 0.4067557156085968 263.62 359.80 283.20 366.13 240.98 496.72 221.41 490.40
0186 0.23659786581993103 1000.03 654.17 1024.00 669.39 926.60 822.72 902.63 807.49
0186 0.1978502869606018 275.85 351.88 297.85 356.68 265.92 502.93 243.92 498.13
0186 0.15991899371147156 182.21 138.08 285.93 197.59 276.56 213.91 172.85 154.40
0042 0.23690089583396912 343.00 363.83 362.95 350.31 438.54 461.85 418.58 475.37
0042 0.2076394110918045 403.69 337.88 430.35 334.26 449.50 475.38 422.84 479.00
0042 0.11495135724544525 445.21 755.56 578.89 789.47 573.80 809.51 440.13 775.61
0096 0.24388444423675537 120.56 874.27 247.31 897.92 242.75 922.34 116.01 898.69
0096 0.13300374150276184 379.12 792.66 494.29 855.28 480.29 881.04 365.11 818.42
0015 0.39081433415412903 610.61 457.81 626.75 442.56 705.83 526.27 689.69 541.52
0015 0.16419710218906403 792.30 347.27 895.12 423.96 881.21 442.61 778.39 365.92
0015 0.07091236859560013 579.41 521.93 695.74 451.69 707.07 470.46 590.74 540.69
0009 0.11651577800512314 677.11 193.08 829.99 252.97 820.42 277.40 667.53 217.51
0009 0.10951333492994308 645.54 217.37 772.22 321.58 757.13 339.92 630.46 235.71
0009 0.09336254000663757 9.88 491.31 82.79 528.00 72.88 547.69 -0.03 511.00
0010 0.18090258538722992 117.52 192.51 262.86 217.95 258.44 243.17 113.10 217.74
0010 0.09098082035779953 -1.01 145.13 139.61 166.54 135.43 194.05 -5.20 172.63
0010 0.08044391870498657 695.74 599.90 875.93 741.48 857.05 765.50 676.87 623.92
0038 0.0702088326215744 198.90 578.29 322.63 572.72 323.75 597.56 200.02 603.13
0038 0.06507865339517593 836.69 731.59 865.82 736.33 843.78 871.91 814.64 867.18
0004 0.05660518631339073 979.24 512.51 1014.02 518.32 984.53 694.86 949.75 689.05
0028 0.419200599193573 398.82 465.93 529.19 497.57 523.08 522.74 392.71 491.10
0028 0.19876913726329803 547.63 520.63 690.44 506.65 693.18 534.59 550.37 548.57
0028 0.18995818495750427 337.20 45.88 361.08 38.22 408.26 185.17 384.38 192.84
0036 0.06266879290342331 456.87 132.97 625.85 64.26 634.51 85.55 465.53 154.26
0024 0.06889214366674423 237.64 65.09 275.17 44.03 355.61 187.37 318.09 208.43
0155 0.06532378494739532 41.56 646.92 217.06 637.94 218.30 662.15 42.80 671.13
0160 0.14506100118160248 884.45 901.67 900.44 887.77 999.30 1001.37 983.31 1015.28
0089 0.34999072551727295 26.14 460.54 48.34 449.23 112.22 574.66 90.01 585.97
0151 0.469838947057724 613.12 904.84 636.31 894.42 688.15 1009.78 664.95 1020.20
0151 0.3625791668891907 585.31 894.01 614.17 887.96 648.81 1053.00 619.95 1059.06
0151 0.28751426935195923 423.96 928.77 514.31 1010.50 498.26 1028.25 407.91 946.52
0151 0.22508609294891357 213.77 495.95 234.70 485.58 321.26 660.26 300.33 670.63
0151 0.1903482973575592 345.94 938.89 362.54 923.24 464.24 1031.12 447.64 1046.77
0151 0.15136100351810455 210.22 803.94 237.64 783.17 318.28 889.63 290.86 910.40
0151 0.05220513045787811 -14.80 495.21 212.08 480.22 214.47 516.33 -12.41 531.32
0151 0.051910649985075 418.95 913.83 440.49 919.34 403.41 1064.39 381.87 1058.88
0057 0.31050634384155273 423.20 189.55 443.34 185.25 474.46 331.17 454.32 335.47
0057 0.1338615119457245 451.38 712.78 586.41 691.50 590.06 714.69 455.03 735.97
0057 0.1206483393907547 351.89 229.47 371.28 214.80 448.50 316.87 429.10 331.54
0057 0.07701639086008072 631.10 713.18 769.77 779.30 759.99 799.81 621.32 733.69
0032 0.7675133943557739 768.00 205.85 788.81 213.64 732.58 363.88 711.77 356.09
0032 0.4209893047809601 775.65 202.08 798.17 205.74 773.27 359.14 750.75 355.48
0032 0.21707838773727417 917.91 799.95 1041.57 801.16 1041.30 828.33 917.64 827.12
0032 0.17783629894256592 658.59 269.70 807.90 242.80 812.11 266.14 662.80 293.03
0032 0.08145887404680252 925.51 837.47 1017.02 859.08 1012.26 879.26 920.74 857.66
0052 0.10374006628990173 824.81 515.32 844.62 508.33 881.32 612.35 861.51 619.34
0025 0.24473373591899872 -15.68 869.17 174.55 903.95 169.58 931.15 -20.65 896.36
0161 0.12977954745292664 408.31 383.67 671.96 548.54 653.49 578.07 389.84 413.21
0156 0.15143130719661713 148.76 808.21 177.48 784.66 266.40 893.12 237.68 916.67
0156 0.11713863909244537 316.94 534.29 429.09 563.63 422.50 588.79 310.36 559.45
0012 0.07863502949476242 750.59 996.72 842.36 952.02 856.25 980.54 764.49 1025.24
0090 0.19747185707092285 219.30 350.47 258.14 318.13 312.34 383.25 273.50 415.58
0090 0.13281133770942688 260.25 178.40 292.26 155.76 337.21 219.31 305.20 241.95
0090 0.055377278476953506 536.28 548.98 562.03 524.37 642.69 608.76 616.94 633.37
0152 0.43014875054359436 613.47 497.67 644.22 500.26 628.30 689.61 597.55 687.02
0152 0.06629085540771484 199.47 98.92 225.46 83.07 336.44 265.05 310.44 280.90
0152 0.06518007069826126 639.51 503.75 657.75 500.69 680.21 634.63 661.96 637.69
0053 0.6186942458152771 882.97 864.00 903.61 849.39 1016.15 1008.33 995.51 1022.94
0053 0.3200971186161041 264.67 718.27 292.69 721.07 276.45 883.07 248.43 880.26
0053 0.0731998160481453 363.02 958.82 542.53 894.91 553.75 926.42 374.24 990.33
0053 0.07264451682567596 913.79 858.92 1081.72 871.95 1079.56 899.84 911.63 886.82
0053 0.06327491253614426 923.45 829.43 949.40 816.82 1035.81 994.66 1009.86 1007.27
0053 0.05349431186914444 18.69 512.14 39.20 503.26 88.44 617.08 67.92 625.96
0058 0.11127123981714249 841.87 106.25 867.74 106.24 867.80 224.21 841.93 224.23
0026 0.42389824986457825 522.68 623.81 548.23 617.87 572.23 721.13 546.68 727.07
0026 0.4101877212524414 110.13 533.49 217.49 591.39 203.53 617.28 96.17 559.38
0026 0.32545819878578186 339.74 177.80 363.21 175.01 381.15 325.63 357.68 328.43
0026 0.3226443827152252 464.52 625.32 492.05 613.51 541.96 729.85 514.43 741.66
0026 0.19912400841712952 1.29 287.96 120.03 209.30 136.30 233.86 17.56 312.52
0026 0.17853902280330658 365.84 148.07 390.35 136.27 460.26 281.42 435.75 293.22
0026 0.17579399049282074 -8.33 753.03 161.53 665.14 175.93 692.98 6.07 780.86
0026 0.07424896210432053 710.74 640.94 744.80 644.58 731.92 765.11 697.86 761.47
0162 0.5333179831504822 901.55 537.01 986.07 613.41 966.81 634.72 882.29 558.31
0162 0.34931376576423645 908.78 504.68 1011.72 580.64 997.35 600.12 894.40 524.16
0162 0.2312140166759491 802.60 933.92 833.73 916.00 878.12 993.12 846.98 1011.04
0162 0.11467296630144119 747.69 632.28 861.28 668.40 851.61 698.80 738.02 662.68
0162 0.0953829362988472 709.91 656.48 827.80 701.88 817.03 729.84 699.14 684.45
0162 0.08146772533655167 908.22 746.66 970.96 782.32 950.23 818.78 887.49 783.12
0091 0.11257567256689072 457.92 625.41 475.20 630.43 440.30 750.59 423.03 745.58
0020 0.22915449738502502 241.27 548.95 263.37 557.94 190.25 737.61 168.16 728.62
0020 0.08106923848390579 703.17 81.78 740.84 105.64 602.56 323.93 564.89 300.07
0020 0.05817212164402008 567.61 270.40 584.56 284.46 489.28 399.36 472.33 385.30
0054 0.4988824129104614 566.15 794.81 588.31 784.58 660.84 941.62 638.68 951.86
0054 0.38280174136161804 505.65 869.31 530.78 857.96 594.77 999.65 569.64 1011.00
0054 0.3397709131240845 561.27 804.34 581.30 800.06 617.43 968.98 597.40 973.26
0054 0.15250059962272644 844.65 784.03 873.43 784.28 872.13 932.28 843.35 932.03
0054 0.1367274820804596 390.93 282.87 413.30 273.66 472.77 418.24 450.40 427.44
0054 0.0909935012459755 607.76 815.88 623.96 824.30 535.90 993.64 519.71 985.22
0059 0.5365609526634216 253.41 339.25 277.27 338.85 279.51 474.32 255.65 474.71
0059 0.24957558512687683 588.39 309.60 612.18 293.09 684.70 397.55 660.91 414.07
0059 0.09885358065366745 357.77 855.02 387.46 840.61 480.28 1031.89 450.60 1046.30
0059 0.08136700838804245 28.93 95.39 57.00 90.03 83.95 231.37 55.87 236.73
0059 0.06383462995290756 334.91 53.04 466.85 -16.07 476.50 2.35 344.56 71.46
0059 0.06064385548233986 361.31 596.14 627.79 419.30 654.71 459.88 388.23 636.71
0034 0.252034455537796 80.25 126.43 207.70 48.39 218.86 66.60 91.40 144.64
0034 0.1303848773241043 790.43 811.59 815.19 821.72 754.36 970.38 729.60 960.25
0027 0.1483936905860901 921.23 149.48 1011.06 202.46 999.94 221.32 910.11 168.34
0027 0.14173820614814758 709.69 406.84 853.05 279.09 870.18 298.30 726.81 426.06
0027 0.06488262116909027 726.28 198.28 803.25 132.76 817.22 149.18 740.25 214.69
0092 0.12140917032957077 208.69 606.22 382.34 549.05 390.64 574.28 217.00 631.45
0060 0.3018043637275696 172.94 379.84 196.32 382.14 178.51 562.44 155.14 560.13
0060 0.15622545778751373 129.83 439.17 151.16 438.07 158.65 583.39 137.32 584.49
0060 0.07094097882509232 658.14 77.48 750.90 52.83 756.46 73.74 663.69 98.39
0055 0.6873021721839905 94.13 865.33 117.68 851.39 203.13 995.78 179.57 1009.72
0055 0.465378075838089 193.78 790.11 215.17 787.28 237.36 955.30 215.97 958.13
0055 0.1384933590888977 159.87 812.87 184.79 810.39 204.11 1005.09 179.19 1007.56
0055 0.08685935288667679 608.01 363.09 726.10 399.75 716.69 430.07 598.60 393.41
0055 0.07951768487691879 228.93 827.33 248.70 846.64 103.66 995.11 83.89 975.80
0055 0.06955856829881668 6.91 294.86 31.38 288.02 69.99 426.33 45.51 433.16
0035 0.14011438190937042 975.69 41.71 997.57 57.55 909.37 179.36 887.50 163.52
0159 0.10635887086391449 837.66 782.48 1029.86 906.56 1015.07 929.46 822.88 805.38
0159 0.06965920329093933 795.92 380.32 884.01 405.95 878.85 423.69 790.76 398.05
0062 0.07692056894302368 241.17 335.13 387.03 361.62 382.09 388.81 236.23 362.31
0061 0.08605650812387466 853.62 278.94 985.93 319.89 977.93 345.74 845.62 304.80
0061 0.06715801358222961 816.46 661.97 901.86 706.08 890.87 727.34 805.48 683.23
0056 0.4833289086818695 61.20 407.87 94.56 416.82 51.02 579.06 17.67 570.12
0056 0.21398420631885529 736.59 203.33 759.89 189.36 836.59 317.30 813.28 331.27
0056 0.17800872027873993 851.49 175.92 869.44 180.13 835.67 324.21 817.72 320.00
0056 0.10325092077255249 260.95 85.36 341.99 46.11 351.72 66.21 270.68 105.45
0056 0.05059211701154709 20.48 383.61 49.09 384.58 44.20 528.52 15.59 527.55
0154 0.22262509167194366 865.85 419.12 985.08 443.25 980.30 466.88 861.07 442.75
0154 0.09763365983963013 884.40 404.53 995.80 425.88 992.05 445.44 880.65 424.10
0154 0.07686508446931839 691.59 415.40 799.55 397.23 802.95 417.43 694.99 435.59
0067 0.2128840982913971 855.00 106.72 880.01 92.11 942.24 198.69 917.22 213.30
0067 0.08978823572397232 552.54 177.63 582.07 174.67 601.46 368.11 571.94 371.07
0049 0.051722414791584015 420.46 738.43 616.76 599.55 630.94 619.59 434.64 758.47
0049 0.05077867954969406 831.13 640.91 855.62 628.60 945.00 806.45 920.51 818.76
0093 0.19105948507785797 33.15 139.08 266.39 118.34 268.85 146.04 35.62 166.79
0077 0.18845096230506897 635.58 33.33 664.01 37.17 645.86 171.58 617.44 167.74
0077 0.050664063543081284 674.04 52.32 687.86 54.98 665.38 172.06 651.56 169.40
0063 0.4701228439807892 886.54 881.10 911.12 877.33 930.53 1003.88 905.95 1007.65
0063 0.2457195669412613 15.31 232.34 115.72 151.51 136.33 177.11 35.92 257.94
0063 0.22238264977931976 786.08 535.99 809.66 517.87 924.31 667.07 900.72 685.19
0063 0.09527319669723511 37.21 237.30 124.01 204.63 135.08 234.05 48.28 266.71
0063 0.0532643124461174 756.05 157.36 990.55 93.33 999.08 124.55 764.57 188.58
0082 0.31592655181884766 219.76 186.70 240.66 166.97 351.67 284.57 330.76 304.31
0082 0.15238215029239655 238.88 -44.53 264.52 -52.97 327.43 138.31 301.79 146.74
0117 0.6191700100898743 801.96 21.42 953.82 21.70 953.77 48.19 801.91 47.91
0117 0.05168277770280838 635.81 -15.74 767.33 19.79 761.87 39.98 630.35 4.46
0122 0.4323011338710785 109.90 591.39 131.36 583.99 187.54 747.04 166.08 754.44
0122 0.36760666966438293 259.33 613.55 281.83 607.03 346.83 831.27 324.34 837.79
0122 0.23994669318199158 298.60 599.24 323.40 589.47 388.34 754.24 363.54 764.01
0122 0.18460039794445038 579.15 295.50 685.77 247.89 697.98 275.25 591.36 322.85
0122 0.14230561256408691 289.22 358.89 317.67 349.82 385.47 562.55 357.02 571.61
0122 0.06615428626537323 5.59 244.03 26.60 232.92 103.00 377.35 81.99 388.47
0122 0.054165396839380264 218.67 726.88 385.14 638.26 398.64 663.63 232.17 752.25
0068 0.057749975472688675 560.68 467.72 657.34 512.37 647.97 532.66 551.31 488.02
0127 0.3609738349914551 833.94 627.47 853.34 608.76 954.24 713.37 934.84 732.08
0127 0.34837883710861206 593.16 179.85 621.15 166.46 680.88 291.36 652.90 304.75
0127 0.19211992621421814 774.69 313.19 790.28 302.65 874.05 426.54 858.46 437.08
0127 0.10571660101413727 732.44 170.61 834.30 144.65 839.13 163.59 737.26 189.55
0127 0.09367601573467255 78.42 184.35 93.04 170.33 207.19 289.42 192.57 303.43
0127 0.08739306777715683 675.38 202.08 692.00 193.52 744.09 294.62 727.46 303.18
0127 0.058617375791072845 615.70 169.56 636.70 159.04 710.00 305.40 689.00 315.92
0132 0.43419796228408813 763.09 531.49 912.26 619.44 901.45 637.77 752.29 549.82
0132 0.3121805787086487 30.40 856.70 134.14 809.32 147.95 839.55 44.20 886.93
0132 0.10890746116638184 313.90 822.23 438.14 759.50 449.39 781.77 325.15 844.51
0132 0.07394826412200928 436.52 774.01 525.82 693.60 540.18 709.55 450.88 789.96
0132 0.061580508947372437 166.77 758.92 199.81 752.82 228.74 909.55 195.69 915.65
0073 0.6404171586036682 16.13 181.61 138.33 257.97 128.30 274.03 6.09 197.66
0073 0.5638707280158997 529.49 644.21 554.72 653.04 497.91 815.42 472.67 806.59
0073 0.1409052014350891 -13.42 254.67 130.33 249.74 131.32 278.58 -12.43 283.51
0073 0.09638673812150955 901.69 -22.16 924.69 -38.15 1023.97 104.67 1000.98 120.65
0073 0.09173305332660675 395.12 337.21 559.57 368.05 553.90 398.25 389.45 367.40
0073 0.0859265923500061 449.54 124.03 592.85 198.25 571.98 238.54 428.68 164.32
0064 0.49640047550201416 86.14 868.74 108.80 863.15 145.14 1010.37 122.48 1015.96
0064 0.3703833818435669 4.61 576.37 23.09 567.18 79.97 681.56 61.48 690.75
0064 0.15998800098896027 -8.13 536.93 17.79 520.01 119.70 676.14 93.78 693.06
0064 0.0841137021780014 39.55 113.78 234.83 79.33 240.49 111.40 45.20 145.86
0064 0.06996509432792664 834.06 -14.15 879.58 -5.06 843.13 177.41 797.62 168.32
0064 0.06734739243984222 41.92 901.55 68.60 886.90 133.27 1004.64 106.59 1019.30
0083 0.0940554141998291 511.96 50.69 627.69 122.57 612.29 147.37 496.56 75.49
0083 0.06821978092193604 77.38 351.98 100.25 342.89 169.34 516.67 146.46 525.77
0051 0.3594556748867035 613.04 15.63 776.26 2.94 778.73 34.76 615.52 47.45
0118 0.12002608180046082 174.14 633.99 334.65 580.87 345.18 612.69 184.67 665.81
0069 0.24640274047851562 207.29 693.55 424.66 797.78 414.84 818.26 197.47 714.02
0069 0.23426729440689087 -29.91 907.53 180.46 966.64 172.23 995.95 -38.15 936.84
0069 0.11147509515285492 206.09 672.60 431.06 758.64 420.32 786.71 195.36 700.67
0069 0.0853867456316948 12.77 889.65 201.40 971.25 193.45 989.65 4.81 908.04
0123 0.47880175709724426 696.52 359.35 881.84 289.48 893.05 319.21 707.73 389.08
0133 0.08147310465574265 634.15 211.77 730.17 304.93 711.62 324.05 615.60 230.89
0074 0.3659956157207489 277.25 387.94 414.78 275.82 427.98 292.01 290.44 404.12
0074 0.08242283016443253 262.00 284.92 377.37 264.81 381.26 287.15 265.89 307.26
0074 0.07863575220108032 344.46 204.18 366.80 208.08 329.86 419.97 307.52 416.07
0065 0.4591110944747925 854.40 480.42 875.63 471.42 936.88 615.93 915.66 624.93
0065 0.244922935962677 798.06 120.17 828.80 105.66 913.88 285.98 883.14 300.49
0065 0.12438786774873734 891.72 477.92 909.39 472.85 945.03 597.29 927.36 602.35
0070 0.10383960604667664 558.61 59.39 660.19 109.37 646.30 137.59 544.72 87.61
0124 0.3984295725822449 572.57 534.89 708.95 601.63 700.89 618.09 564.51 551.36
0124 0.21575996279716492 279.39 40.86 396.95 127.61 385.60 142.98 268.04 56.24
0124 0.18155966699123383 362.87 491.14 500.37 556.42 487.03 584.52 349.53 519.24
0124 0.09858564287424088 673.36 731.25 700.72 733.37 692.29 842.41 664.93 840.29
0080 0.26545631885528564 709.65 690.25 890.25 640.33 898.58 670.45 717.98 720.37
0080 0.23631727695465088 727.92 505.61 831.55 473.87 838.03 495.04 734.41 526.78
0080 0.1965596079826355 630.52 257.19 837.25 197.23 846.74 229.98 640.01 289.93
0080 0.0814669206738472 404.48 251.30 428.05 249.82 436.90 391.40 413.34 392.88
0119 0.12938430905342102 659.11 775.39 831.60 751.26 836.10 783.38 663.60 807.50
0066 0.06798326969146729 424.38 183.26 449.69 165.03 519.18 261.53 493.87 279.76
0085 0.12956847250461578 83.75 686.59 107.11 698.48 32.55 844.95 9.19 833.06
0135 0.14484842121601105 74.95 215.38 211.71 346.65 191.77 367.43 55.01 236.16
0135 0.11414777487516403 723.90 6.91 769.66 37.42 726.68 101.88 680.92 71.38
0125 0.34165331721305847 561.13 136.76 709.37 202.08 699.82 223.75 551.59 158.43
0125 0.28729426860809326 365.71 94.13 494.36 147.20 481.72 177.82 353.08 124.75
0125 0.13440701365470886 870.11 29.52 886.29 14.71 1012.15 152.19 995.97 167.00
0125 0.10237889736890793 190.37 486.85 346.43 406.36 357.86 428.52 201.80 509.01
0125 0.058625172823667526 673.33 336.50 701.06 338.23 694.85 437.95 667.12 436.23
0071 0.11761875450611115 590.62 275.40 718.40 324.73 709.91 346.71 582.14 297.38
0071 0.08151596039533615 -36.80 493.20 236.86 588.25 223.61 626.39 -50.05 531.34
0071 0.05553903803229332 721.07 476.95 826.32 477.09 826.29 502.55 721.04 502.41
0076 0.09788301587104797 312.08 510.22 417.35 504.50 418.34 522.79 313.08 528.52
0120 0.05973564460873604 348.04 351.03 490.22 321.16 494.11 339.68 351.93 369.56
0130 0.05059009790420532 783.54 218.55 818.36 205.27 917.31 464.59 882.48 477.88
0142 0.15909473598003387 424.80 597.00 443.78 585.91 503.62 688.22 484.65 699.32
0142 0.13737882673740387 471.83 883.55 635.02 810.07 646.05 834.58 482.87 908.06
0142 0.09319598227739334 706.75 336.18 867.39 270.13 880.59 302.23 719.95 368.28
0136 0.32522422075271606 820.08 288.41 840.23 279.36 893.82 398.70 873.67 407.75
0126 0.16205477714538574 619.68 66.90 643.01 67.79 635.87 255.13 612.54 254.24
0126 0.1405266374349594 544.90 -2.76 568.96 -6.94 583.90 79.00 559.85 83.18
0086 0.195254847407341 465.64 297.69 492.26 307.70 440.03 446.57 413.40 436.55
0046 0.0976155698299408 580.15 361.84 756.30 448.19 744.04 473.19 567.90 386.84
0121 0.40076419711112976 170.32 454.26 305.60 449.16 306.76 480.13 171.49 485.23
0147 0.13040533661842346 538.02 866.83 566.26 851.93 645.25 1001.68 617.01 1016.57
0143 0.11321141570806503 123.78 337.54 144.11 332.50 174.35 454.55 154.03 459.58
0143 0.09591224044561386 906.16 159.78 937.85 149.03 983.63 284.09 951.94 294.84
0143 0.06927089393138885 330.98 87.73 451.84 38.61 461.18 61.60 340.32 110.71
0140 0.15447963774204254 727.89 748.88 823.05 668.43 837.12 685.07 741.96 765.52
0177 0.6634281277656555 582.81 655.89 610.59 643.17 692.05 821.16 664.27 833.88
0177 0.3063008785247803 605.30 654.58 619.59 645.05 717.53 791.94 703.24 801.47
0177 0.1378670334815979 660.01 675.62 679.20 688.65 593.19 815.33 574.00 802.29
0163 0.30384454131126404 227.78 670.00 359.43 716.13 349.81 743.58 218.16 697.44
0163 0.25507861375808716 257.64 642.62 350.87 708.78 339.17 725.26 245.94 659.11
0163 0.22538216412067413 471.26 625.28 615.61 720.86 599.42 745.32 455.06 649.74
0163 0.10832376778125763 414.25 862.09 444.65 874.87 401.25 978.04 370.85 965.26
0109 0.14611925184726715 59.59 163.56 82.93 142.81 176.47 248.02 153.13 268.77
0109 0.1196620762348175 767.50 879.23 919.03 853.29 923.04 876.70 771.51 902.65
0109 0.07983926683664322 164.86 595.66 300.54 600.06 299.89 620.01 164.22 615.61
0148 0.41754859685897827 169.19 755.13 407.13 643.72 425.47 682.88 187.52 794.29
0148 0.21513471007347107 144.16 449.52 249.43 549.09 232.13 567.38 126.86 467.81
0148 0.058094572275877 935.21 657.05 954.61 643.75 1023.31 744.00 1003.91 757.30
0114 0.4497815668582916 522.28 369.22 646.50 441.45 636.92 457.93 512.70 385.70
0114 0.42027541995048523 617.16 775.06 780.12 802.68 776.55 823.73 613.59 796.11
0114 0.22348743677139282 576.20 317.38 597.54 306.36 679.62 465.26 658.28 476.29
0114 0.21302436292171478 847.60 784.60 979.23 845.88 966.25 873.77 834.62 812.50
0144 0.215027317404747 71.60 71.22 208.20 22.36 217.74 49.03 81.14 97.89
0141 0.0586915984749794 167.09 548.44 196.48 559.29 135.92 723.33 106.53 712.48
0168 0.05326121672987938 5.64 313.68 112.99 285.20 121.82 318.48 14.47 346.96
0178 0.4391395151615143 879.85 886.08 990.08 944.23 977.44 968.18 867.21 910.04
0178 0.07994695752859116 363.56 975.27 485.21 999.84 480.34 1023.98 358.69 999.41
0164 0.676394522190094 898.39 125.83 988.13 207.80 964.96 233.18 875.22 151.21
0164 0.3813078999519348 52.53 602.85 76.70 611.47 24.49 757.82 0.33 749.20
0164 0.18928496539592743 160.79 610.10 263.78 655.03 254.79 675.64 151.80 630.71
0164 0.1710682362318039 930.14 118.10 949.74 107.00 1000.82 197.19 981.23 208.29
0164 0.11393188685178757 895.90 349.97 931.88 332.16 973.35 415.90 937.37 433.72
0103 0.1420065462589264 775.30 98.74 796.09 92.95 830.91 217.95 810.13 223.74
0174 0.05509268492460251 133.57 542.02 156.29 540.23 164.68 646.63 141.96 648.42
0145 0.056486211717128754 313.05 210.69 460.49 190.51 465.14 224.48 317.69 244.65
0106 0.06303898990154266 81.97 61.49 114.38 77.84 41.50 222.30 9.10 205.95
0106 0.05595998466014862 568.43 63.63 588.21 61.72 598.33 166.78 578.55 168.69
0165 0.32996630668640137 248.88 699.17 274.84 707.79 214.45 889.58 188.49 880.96
0165 0.3065967261791229 208.77 309.69 329.28 405.41 313.21 425.64 192.70 329.92
0165 0.29284340143203735 397.76 822.83 427.26 841.55 333.10 989.94 303.59 971.22
0165 0.17302648723125458 316.63 666.40 481.09 740.00 466.68 772.18 302.23 698.58
0165 0.14919494092464447 404.75 115.99 432.33 101.30 486.62 203.19 459.05 217.88
0165 0.14514786005020142 950.07 140.59 991.68 162.28 954.32 233.95 912.71 212.25
0165 0.13983066380023956 1032.67 181.50 1050.39 198.62 942.10 310.69 924.39 293.57
0165 0.10224194824695587 822.20 64.87 850.05 85.05 777.39 185.34 749.54 165.16
0165 0.08296096324920654 165.14 311.51 192.81 292.76 305.92 459.73 278.25 478.48
0165 0.06169950217008591 703.97 468.16 888.75 565.75 873.82 594.03 689.04 496.44
0017 0.2926604449748993 743.60 608.07 766.04 591.66 852.28 709.58 829.83 725.99
0017 0.15589672327041626 35.17 440.95 163.91 482.54 154.77 510.84 26.03 469.24
0017 0.11080247163772583 616.61 65.53 646.63 44.46 707.99 131.89 677.97 152.96
0017 0.07421354949474335 689.51 932.79 811.25 981.79 800.52 1008.45 678.78 959.45
0017 0.06551086157560349 588.58 71.71 661.31 110.14 647.98 135.38 575.24 96.95
0017 0.05537959560751915 279.81 469.17 495.34 495.72 491.55 526.52 276.01 499.97
0150 0.0754757896065712 472.12 895.25 588.02 852.20 595.11 871.29 479.21 914.34
0110 0.14112956821918488 151.55 202.65 289.70 188.02 292.07 210.40 153.92 225.03
0110 0.09727603942155838 771.84 471.17 915.31 461.34 916.79 482.92 773.32 492.75
0110 0.09626691788434982 342.11 211.28 477.16 215.18 476.10 251.84 341.05 247.94
0170 0.11962368339300156 333.05 -18.02 351.44 -2.39 241.37 127.14 222.98 111.51
0170 0.052819184958934784 383.53 139.19 558.38 213.39 543.81 247.72 368.96 173.53
0116 0.40051278471946716 218.75 362.93 366.12 392.42 361.10 417.50 213.73 388.01
0116 0.11164401471614838 423.64 405.88 541.68 430.14 535.81 458.73 417.77 434.47
0107 0.7065219283103943 915.87 722.58 941.47 713.73 988.41 849.46 962.82 858.31
0107 0.6598203778266907 858.65 741.27 876.90 733.27 931.21 857.25 912.96 865.24
0107 0.576184093952179 641.03 748.01 663.10 739.57 727.75 908.63 705.68 917.07
0107 0.5113071203231812 690.20 704.87 715.30 697.90 776.38 917.78 751.28 924.75
0107 0.11771398037672043 774.41 289.68 793.43 280.58 864.19 428.40 845.17 437.51
0107 0.06866014003753662 581.75 821.30 796.64 815.04 797.34 838.88 582.44 845.14
0107 0.05606677755713463 833.77 770.86 964.40 801.38 960.45 818.25 829.83 787.74
0107 0.05305670201778412 0.27 545.79 144.87 665.44 127.26 686.72 -17.34 567.07
0107 0.05077405646443367 761.76 727.46 782.09 737.29 693.17 921.17 672.84 911.34
0022 0.13772155344486237 624.47 134.38 651.87 142.30 593.22 345.42 565.81 337.51
0108 0.4771437644958496 893.19 213.59 916.96 194.99 990.95 289.57 967.18 308.17
0108 0.09396807849407196 425.29 180.97 443.73 166.77 523.93 270.94 505.49 285.13
0029 0.1829051524400711 817.59 940.91 1037.29 899.32 1043.75 933.44 824.05 975.03
0029 0.0549808107316494 789.72 604.35 938.74 747.13 918.20 768.57 769.18 625.79
0016 0.10228398442268372 835.50 137.53 855.47 155.43 770.51 250.22 750.54 232.32
0112 0.15354974567890167 823.90 492.69 977.46 479.35 979.57 503.61 826.01 516.95
0112 0.06766673177480698 88.35 739.59 111.15 760.99 16.01 862.41 -6.79 841.01
0030 0.15618662536144257 870.18 853.11 891.42 842.41 957.97 974.49 936.74 985.19
0030 0.1484028548002243 821.28 575.12 1015.71 486.75 1029.95 518.07 835.52 606.45
0030 0.1097564771771431 761.69 61.57 1035.02 61.76 1034.99 98.36 761.66 98.17
