0005 0.15310072898864746 5.19 253.01 177.33 213.19 183.41 239.50 11.28 279.33
0187 0.15390144288539886 685.62 782.87 753.26 842.52 640.59 970.29 572.95 910.64
0097 0.0539611279964447 541.64 454.10 656.46 504.47 643.93 533.04 529.11 482.67
0193 0.11691402643918991 70.95 -48.62 101.42 -43.03 59.83 183.74 29.36 178.15
0006 0.10500556975603104 132.78 15.41 280.18 123.91 253.22 160.55 105.81 52.05
0183 0.11699633300304413 392.80 702.92 544.21 785.40 530.59 810.40 379.18 727.91
0183 0.1056138351559639 49.23 564.16 144.15 658.66 80.93 722.15 -13.99 627.65
0183 0.0760902613401413 921.69 393.43 1038.32 496.13 1014.12 523.61 897.49 420.91
0183 0.053194329142570496 390.70 515.09 650.91 573.71 637.46 633.42 377.25 574.80
0001 0.055796511471271515 551.00 656.13 702.67 775.31 684.60 798.30 532.93 679.12
0188 0.11755070835351944 656.90 378.02 705.06 356.45 748.34 453.10 700.18 474.66
0188 0.09908366948366165 728.22 3.21 852.39 91.88 840.37 108.71 716.20 20.05
0188 0.06341635435819626 428.27 534.30 595.92 419.42 618.70 452.65 451.05 567.54
0179 0.33636006712913513 467.19 709.13 662.82 596.22 685.21 635.03 489.59 747.93
0185 0.1539764553308487 822.39 57.41 866.66 38.95 964.59 273.81 920.33 292.27
0185 0.09911800920963287 720.88 420.62 741.17 400.47 823.21 483.09 802.92 503.23
0196 0.05750706419348717 792.32 267.40 841.35 246.14 869.43 310.90 820.39 332.16
0003 0.07566741853952408 969.34 763.57 998.58 774.86 954.03 890.23 924.79 878.94
0037 0.11837048083543777 367.18 988.39 584.48 913.78 598.68 955.13 381.38 1029.74
0037 0.06421560794115067 763.36 891.27 786.35 871.80 904.39 1011.20 881.41 1030.67
0186 0.08134789764881134 957.76 642.17 990.58 643.77 981.99 820.53 949.17 818.94
0009 0.07589233666658401 669.85 172.42 834.12 268.28 820.10 292.30 655.83 196.45
0010 0.11123954504728317 533.93 -7.04 564.41 23.16 471.53 116.91 441.05 86.71
0028 0.06840097159147263 512.58 505.41 704.15 510.31 703.36 540.94 511.80 536.04
0028 0.05925741046667099 404.77 434.66 513.81 534.13 486.13 564.48 377.08 465.01
0024 0.06128890439867973 217.02 72.91 244.61 47.23 369.62 181.55 342.03 207.23
0155 0.11033149063587189 49.29 650.97 305.58 585.38 316.68 628.76 60.40 694.35
0151 0.0506768561899662 595.43 898.86 624.64 896.21 639.32 1057.67 610.11 1060.33
0025 0.22211770713329315 20.71 734.79 253.66 843.98 231.76 890.71 -1.19 781.52
0161 0.12371601164340973 687.08 557.61 908.14 729.31 878.30 767.74 657.23 596.04
0161 0.08822152763605118 405.37 402.51 685.20 536.45 669.67 568.91 389.83 434.97
0152 0.10907772928476334 567.97 512.99 599.06 499.93 673.18 676.29 642.08 689.36
0152 0.09180010855197906 218.64 95.38 246.96 84.23 321.58 273.70 293.27 284.85
0053 0.357839971780777 361.55 984.38 611.85 846.72 633.65 886.35 383.34 1024.00
0053 0.17472584545612335 314.56 380.79 595.27 337.83 604.41 397.50 323.70 440.46
0026 0.09291473031044006 365.25 150.41 387.76 136.90 464.13 264.09 441.63 277.60
0026 0.06269658356904984 -2.56 777.73 141.83 647.85 164.30 672.83 19.91 802.71
0026 0.05944955348968506 345.34 196.52 377.60 197.98 372.07 320.95 339.81 319.50
0162 0.08630576729774475 913.06 516.26 1018.70 582.31 981.76 641.40 876.12 575.35
0162 0.05569513142108917 815.75 905.76 849.33 901.75 860.57 995.95 826.99 999.96
0020 0.13966532051563263 717.38 84.23 754.59 113.31 584.34 331.15 547.13 302.07
0054 0.05536175146698952 396.21 274.28 423.99 267.40 473.10 465.71 445.31 472.59
0059 0.3070334792137146 377.57 542.78 631.03 473.32 643.72 519.62 390.26 589.08
0059 0.1154305562376976 340.88 861.04 371.88 840.13 494.04 1021.33 463.03 1042.23
0059 0.06736799329519272 272.67 329.03 297.47 334.36 266.90 476.75 242.10 471.42
0048 0.23307424783706665 719.85 806.00 1014.04 726.01 1027.35 774.96 733.16 854.95
0027 0.15221044421195984 679.86 347.59 949.89 293.97 958.12 335.41 688.09 389.04
0092 0.05290323123335838 177.24 612.75 382.56 539.01 392.96 567.97 187.64 641.71
0060 0.09909909218549728 112.55 418.97 134.60 407.60 207.96 549.82 185.91 561.19
0159 0.05980178341269493 844.08 785.55 1005.66 900.58 987.51 926.08 825.93 811.06
0056 0.0621575303375721 62.52 414.15 96.67 424.51 52.75 569.23 18.61 558.87
0067 0.05408767983317375 571.53 173.68 609.30 179.89 575.35 386.43 537.59 380.23
0049 0.14783179759979248 306.59 840.49 589.91 724.36 606.24 764.20 322.92 880.33
0093 0.1106618121266365 22.60 140.63 261.11 121.92 263.91 157.61 25.39 176.31
0063 0.19694317877292633 764.18 158.30 1054.05 55.45 1071.15 103.65 781.28 206.50
0063 0.13927561044692993 758.56 509.89 802.56 474.38 940.00 644.69 896.01 680.19
0082 0.11403954774141312 248.66 160.27 280.58 153.97 314.12 323.97 282.20 330.27
0082 0.0869244709610939 884.36 753.84 922.72 745.02 975.42 974.26 937.06 983.08
0082 0.06155231595039368 214.43 -5.08 241.62 -25.51 355.58 126.14 328.39 146.57
0117 0.14114154875278473 789.57 31.03 990.67 7.17 995.69 49.48 794.59 73.34
0122 0.21489813923835754 290.85 590.39 330.90 591.17 326.42 822.73 286.37 821.96
0122 0.1414712369441986 322.78 582.56 348.38 580.52 363.74 773.56 338.13 775.59
0122 0.0813957154750824 135.47 587.42 160.18 587.13 162.21 756.79 137.49 757.08
0122 0.07565928995609283 576.73 285.08 692.87 259.22 700.60 293.90 584.45 319.76
0122 0.05407135933637619 279.82 346.37 313.67 336.67 376.96 557.55 343.11 567.25
0132 0.12283047288656235 764.66 531.45 779.36 516.77 896.41 634.07 881.71 648.74
0073 0.13140703737735748 457.21 122.54 497.07 95.28 610.51 261.15 570.65 288.41
0073 0.08877038210630417 13.39 165.91 152.72 251.84 127.37 292.96 -11.97 207.02
0073 0.06407711654901505 905.57 -17.31 1044.94 101.05 1025.53 123.91 886.15 5.55
0073 0.06318365782499313 415.90 295.97 546.38 390.71 524.88 420.33 394.39 325.59
0073 0.06282180547714233 553.85 640.39 574.26 656.70 467.87 789.86 447.46 773.56
0073 0.058186035603284836 434.73 634.95 576.49 770.74 558.75 789.26 416.99 653.47
0064 0.24804840981960297 -18.51 138.69 254.67 51.64 270.34 100.82 -2.84 187.87
0064 0.07456163316965103 -20.27 555.67 4.08 532.01 120.39 651.75 96.03 675.41
0051 0.1390833556652069 625.30 0.71 791.99 27.30 787.25 57.04 620.55 30.45
0118 0.1704387068748474 218.71 661.76 511.84 626.70 516.66 667.06 223.53 702.11
0069 0.23270641267299652 202.00 693.34 423.27 762.46 412.00 798.54 190.73 729.42
0069 0.15578919649124146 -3.74 886.41 173.76 993.11 155.74 1023.08 -21.75 916.38
0123 0.1306736171245575 697.27 344.85 882.80 299.26 890.94 332.38 705.41 377.97
0123 0.08220745623111725 -14.19 6.90 189.78 80.01 173.80 124.61 -30.18 51.50
0074 0.0830114558339119 370.66 253.91 393.36 261.57 340.58 417.91 317.88 410.25
0065 0.12167771905660629 753.10 98.08 807.27 70.31 917.41 285.14 863.24 312.91
0124 0.11254437267780304 523.67 511.99 735.59 600.21 718.06 642.32 506.14 554.10
0080 0.1240236759185791 627.24 266.33 840.89 179.82 854.80 214.16 641.15 300.68
0080 0.08451415598392487 731.55 722.00 890.58 609.95 908.50 635.38 749.47 747.43
0119 0.06954246014356613 646.36 764.40 835.96 753.98 838.31 796.70 648.71 807.12
0085 0.051916588097810745 45.09 691.14 71.80 690.75 74.02 845.58 47.30 845.96
0135 0.07126884907484055 74.13 234.56 96.08 218.22 198.01 355.16 176.05 371.50
0135 0.0640581026673317 686.49 6.23 726.54 -9.41 776.52 118.60 736.47 134.24
0125 0.11041302233934402 561.29 132.65 711.97 191.36 699.46 223.48 548.77 164.77
0125 0.08087851852178574 365.15 92.43 496.34 139.36 484.22 173.24 353.03 126.31
0071 0.15766410529613495 -17.58 479.86 250.16 621.06 229.94 659.40 -37.80 518.21
0071 0.0790284276008606 124.93 808.45 156.74 781.94 341.46 1003.67 309.64 1030.18
0142 0.17997857928276062 686.42 301.36 900.38 298.28 900.85 331.49 686.90 334.57
0142 0.0762670710682869 473.89 883.98 642.66 799.50 656.70 827.55 487.94 912.03
0142 0.05009444057941437 453.77 418.87 693.05 317.99 709.52 357.05 470.24 457.93
0126 0.0726170688867569 587.30 71.88 609.43 64.70 667.45 243.52 645.31 250.70
0046 0.21505576372146606 560.72 349.70 780.11 447.22 765.56 479.95 546.17 382.43
0121 0.1049426794052124 164.76 432.94 306.34 470.11 298.85 498.63 157.27 461.46
0147 0.059152573347091675 558.34 858.37 591.11 851.36 625.69 1012.91 592.92 1019.93
0167 0.16813871264457703 384.32 167.86 430.05 183.57 345.62 429.41 299.89 413.70
0177 0.1595647782087326 589.56 662.89 658.51 632.47 739.17 815.31 670.22 845.73
0163 0.17096009850502014 481.09 619.25 607.46 726.41 587.05 750.49 460.67 643.33
0163 0.10602842271327972 459.90 -5.91 508.92 -30.00 602.80 160.96 553.78 185.06
0148 0.20583440363407135 176.52 720.28 374.29 660.40 392.21 719.60 194.44 779.47
0114 0.08928265422582626 631.65 755.93 776.24 801.75 765.14 836.77 620.55 790.94
0114 0.07593951374292374 826.99 835.39 975.33 799.34 984.22 835.96 835.89 872.01
0173 0.08775097876787186 457.84 754.54 500.71 775.95 387.63 1002.32 344.77 980.91
0144 0.14916718006134033 75.92 94.37 219.06 -13.42 240.77 15.41 97.63 123.20
0168 0.06634138524532318 783.97 517.82 964.93 631.71 943.00 666.56 762.04 552.67
0164 0.09622946381568909 883.77 144.30 913.04 125.66 974.19 221.67 944.92 240.32
0165 0.26633551716804504 285.29 639.44 505.15 768.19 480.02 811.11 260.16 682.35
0165 0.14383985102176666 383.85 822.36 414.19 835.17 350.72 985.55 320.37 972.74
0165 0.06537074595689774 267.57 728.84 288.05 747.26 150.75 899.88 130.27 881.46
0165 0.06231332942843437 444.05 882.47 471.21 898.84 391.84 1030.53 364.68 1014.16
0165 0.053513165563344955 210.23 306.99 330.65 409.81 313.48 429.91 193.07 327.10
0017 0.19884617626667023 333.03 421.84 469.36 556.50 448.84 577.27 312.51 442.62
0017 0.07679398357868195 696.65 917.73 723.14 902.24 791.54 1019.22 765.05 1034.71
0017 0.062374547123909 759.42 610.99 858.26 686.66 841.43 708.65 742.59 632.98
0017 0.05664217099547386 4.08 388.95 39.18 368.71 133.08 531.53 97.98 551.77
0170 0.18662129342556 386.87 135.89 566.94 222.77 549.51 258.88 369.44 172.00
0116 0.17389364540576935 222.50 365.32 372.57 396.21 365.21 431.97 215.14 401.09
0107 0.05670005828142166 71.83 902.83 273.35 716.64 304.09 749.91 102.56 936.10
0022 0.09266185015439987 610.24 446.57 679.08 413.73 748.49 559.18 679.65 592.02
0022 0.0674157366156578 663.93 133.10 691.93 152.44 558.73 345.30 530.74 325.96
0108 0.0753553956747055 889.04 190.54 918.91 173.44 989.04 295.88 959.18 312.98
0108 0.0520043671131134 432.12 417.80 688.30 410.91 689.39 451.14 433.20 458.04
0029 0.26834365725517273 826.06 970.64 1015.17 867.39 1034.39 902.59 845.29 1005.85
0029 0.05990081652998924 778.10 516.90 1004.89 414.99 1023.62 456.68 796.83 558.58
0112 0.0938199833035469 767.15 533.78 990.08 443.81 1001.68 472.55 778.75 562.52
0030 0.26413169503211975 833.69 546.36 1034.59 487.72 1045.51 525.11 844.60 583.74
0030 0.23235444724559784 748.63 121.74 1038.62 0.97 1054.58 39.28 764.58 160.05
