0005 0.051738638430833817 635.96 845.74 749.23 922.26 733.27 945.89 619.99 869.37
0044 0.16680651903152466 785.72 79.39 807.60 68.00 878.35 203.89 856.47 215.28
0044 0.14390350878238678 913.00 570.87 940.44 562.56 979.80 692.57 952.37 700.88
0044 0.11903362721204758 15.80 286.15 42.63 273.70 87.54 370.47 60.71 382.92
0044 0.09317617118358612 774.36 95.42 800.21 85.19 852.36 216.94 826.51 227.17
0044 0.061789676547050476 941.79 563.29 967.22 558.21 991.72 681.07 966.29 686.14
0044 0.051570430397987366 256.33 447.93 285.81 456.82 247.18 584.86 217.70 575.96
0013 0.1517610102891922 803.43 35.64 944.38 125.53 926.72 153.22 785.77 63.33
0097 0.1848651021718979 224.71 391.52 386.46 474.34 371.37 503.81 209.62 420.99
0097 0.15486569702625275 379.16 304.78 548.40 385.84 534.19 415.52 364.95 334.46
0097 0.14388877153396606 520.36 433.02 635.75 528.73 621.23 546.24 505.83 450.53
0097 0.1190880537033081 552.17 420.12 670.75 494.58 656.96 516.54 538.38 442.07
0097 0.10178890079259872 351.68 359.81 515.71 386.03 511.73 410.97 347.69 384.74
0045 0.18575046956539154 423.85 500.67 445.31 492.22 495.51 619.73 474.05 628.18
0045 0.11855442821979523 404.85 496.08 427.81 489.30 469.49 630.38 446.52 637.16
0045 0.10226760059595108 318.74 518.93 342.75 514.30 369.37 652.39 345.36 657.02
0045 0.09868669509887695 384.54 495.74 406.95 490.36 441.85 635.56 419.44 640.94
0045 0.0957525447010994 350.57 517.73 372.31 514.34 393.22 648.46 371.48 651.85
0045 0.06863487511873245 358.52 526.89 380.91 517.17 440.04 653.38 417.64 663.10
0006 0.11840540170669556 116.86 21.58 141.66 1.08 241.79 122.21 216.99 142.71
0006 0.0643739402294159 92.92 35.79 124.52 14.66 223.12 162.06 191.52 183.20
0006 0.05603339523077011 446.30 822.56 578.32 905.43 561.61 932.07 429.58 849.20
0183 0.33616238832473755 313.43 776.80 446.80 894.75 424.86 919.55 291.50 801.61
0183 0.12425515800714493 16.25 593.52 129.36 705.43 107.47 727.55 -5.64 615.65
0183 0.11767705529928207 29.76 589.43 154.02 660.65 142.44 680.85 18.18 609.63
0183 0.09606018662452698 154.38 742.25 242.09 805.85 231.36 820.65 143.65 757.05
0183 0.07545849680900574 37.03 887.20 123.35 952.47 106.99 974.10 20.68 908.83
0183 0.07503589242696762 167.30 710.75 259.18 793.77 242.81 811.88 150.94 728.86
0183 0.06939169764518738 388.69 695.97 521.18 783.56 501.97 812.62 369.48 725.02
0183 0.05831608176231384 -19.72 610.57 130.38 729.23 107.91 757.66 -42.20 639.01
0001 0.16704079508781433 659.71 791.21 773.07 879.13 760.55 895.27 647.20 807.35
0001 0.13460087776184082 667.60 782.60 791.24 858.71 779.34 878.06 655.69 801.95
0001 0.07818131893873215 499.87 640.17 537.72 603.81 699.90 772.63 662.04 808.99
0188 0.12095195055007935 744.73 -3.07 859.09 97.06 836.88 122.43 722.51 22.30
0040 0.13945719599723816 785.96 481.09 808.85 469.39 873.43 595.70 850.54 607.41
0040 0.06425528973340988 769.62 497.33 801.05 485.94 853.64 631.03 822.22 642.42
0094 0.09813087433576584 787.32 468.13 810.10 484.89 733.17 589.51 710.38 572.75
0094 0.0555226132273674 -13.34 549.65 122.86 475.56 139.07 505.35 2.87 579.45
0002 0.06113016605377197 927.24 87.76 958.93 91.29 944.75 218.35 913.05 214.81
0099 0.1511528491973877 107.87 28.55 251.18 109.21 238.12 132.42 94.80 51.76
0099 0.11033622175455093 139.27 23.59 270.49 89.82 258.62 113.34 127.40 47.11
0099 0.06095325946807861 305.47 80.33 427.53 181.70 406.82 206.64 284.76 105.28
0007 0.07264001667499542 -25.34 871.83 80.41 943.99 64.25 967.67 -41.50 895.50
0185 0.30112069845199585 716.90 387.07 853.19 500.68 834.38 523.24 698.09 409.64
0185 0.2814490497112274 385.42 187.51 517.35 305.41 497.97 327.10 366.04 209.20
0185 0.16508661210536957 425.24 176.89 555.34 260.16 543.50 278.65 413.40 195.38
0185 0.15228088200092316 333.70 809.07 356.06 789.08 455.80 900.62 433.44 920.61
0185 0.11163586378097534 563.56 318.78 673.58 388.96 660.36 409.68 550.34 339.50
0185 0.10580631345510483 395.37 176.34 545.05 281.54 529.59 303.54 379.91 198.34
0185 0.10528936237096786 551.24 328.00 661.77 415.50 646.74 434.49 536.20 347.00
0185 0.09692101925611496 313.26 584.41 414.52 667.77 396.16 690.07 294.90 606.71
0185 0.050767019391059875 807.51 96.87 838.86 69.10 998.00 248.78 966.65 276.55
0191 0.05738454684615135 929.08 576.16 949.56 558.45 1049.17 673.63 1028.69 691.33
0196 0.05937997251749039 899.67 30.32 926.55 39.84 882.69 163.64 855.81 154.11
0037 0.1766420155763626 783.92 874.57 808.71 863.00 875.30 1005.70 850.51 1017.27
0037 0.053402092307806015 762.95 915.13 786.70 898.73 866.49 1014.25 842.73 1030.66
0186 0.05507815256714821 1024.04 624.21 1055.70 648.66 938.98 799.74 907.32 775.28
0042 0.1725044697523117 446.02 762.04 574.86 781.84 571.34 804.73 442.50 784.93
0096 0.17582307755947113 302.30 875.48 431.22 982.70 409.88 1008.36 280.96 901.14
0096 0.16062267124652863 -6.78 691.57 134.06 799.60 118.89 819.37 -21.94 711.35
0096 0.155985489487648 117.76 837.00 270.90 878.21 263.22 906.75 110.08 865.54
0096 0.11142637580633163 102.75 843.44 239.38 919.96 229.13 938.27 92.49 861.75
0096 0.09825413674116135 -40.52 730.53 115.15 795.21 104.79 820.14 -50.88 755.46
0015 0.22016899287700653 767.23 334.38 896.32 433.40 881.12 453.21 752.04 354.19
0015 0.2114826887845993 599.46 420.68 728.71 533.79 710.89 554.15 581.64 441.03
0015 0.19139094650745392 35.84 808.64 134.47 880.95 114.23 908.57 15.60 836.25
0015 0.09673580527305603 574.86 457.82 659.37 527.59 646.23 543.51 561.72 473.75
0038 0.06338798254728317 31.49 907.01 59.09 898.75 92.47 1010.21 64.87 1018.47
0028 0.2935023605823517 532.73 503.06 679.60 532.75 675.53 552.90 528.66 523.20
0028 0.14983509480953217 368.21 464.23 522.01 518.45 514.26 540.44 360.46 486.22
0036 0.09166855365037918 478.87 118.84 616.02 51.08 631.33 82.06 494.18 149.82
0024 0.17877379059791565 791.85 610.52 933.41 725.79 913.48 750.26 771.93 634.99
0024 0.0524095743894577 686.41 532.87 703.97 515.73 783.61 597.36 766.05 614.50
0160 0.1690298467874527 879.81 900.75 1023.92 967.86 1013.16 990.98 869.05 923.87
0160 0.13309606909751892 863.27 920.74 982.26 1006.77 966.86 1028.07 847.87 942.04
0089 0.20115910470485687 645.01 561.04 662.00 547.04 750.41 654.37 733.42 668.36
0089 0.14602653682231903 39.82 460.99 67.11 455.08 94.06 579.65 66.78 585.56
0089 0.12714260816574097 91.28 627.78 116.52 622.71 142.10 750.06 116.85 755.12
0089 0.07680390775203705 536.82 427.45 550.90 414.63 630.77 502.29 616.69 515.12
0089 0.06368847191333771 13.42 326.23 44.53 326.92 42.35 424.80 11.24 424.11
0089 0.05213190242648125 516.56 779.52 540.19 764.79 617.87 889.33 594.25 904.07
0151 0.14977188408374786 625.09 903.80 649.54 896.46 688.15 1025.03 663.70 1032.37
0151 0.10520970821380615 372.81 915.45 399.33 910.55 424.33 1045.74 397.81 1050.64
0151 0.09412205219268799 429.26 918.41 453.49 909.30 497.86 1027.22 473.64 1036.33
0151 0.08458098024129868 589.48 911.81 611.67 902.61 667.02 1035.97 644.84 1045.17
0151 0.07419605553150177 217.90 500.26 254.91 485.60 320.53 651.36 283.52 666.02
0151 0.05896074324846268 397.68 918.66 420.08 907.48 481.23 1030.00 458.83 1041.18
0057 0.21648246049880981 438.31 677.88 585.55 720.17 579.34 741.79 432.10 699.50
0057 0.1424575299024582 623.12 735.64 803.15 765.69 798.48 793.66 618.45 763.61
0057 0.06252101063728333 430.55 162.18 471.77 162.97 468.48 334.91 427.25 334.12
0032 0.1930064558982849 783.14 207.04 807.24 216.15 748.60 371.30 724.50 362.19
0032 0.11511746793985367 762.52 198.57 784.29 206.12 733.72 351.97 711.95 344.42
0052 0.11201174557209015 818.90 502.42 846.31 493.76 889.31 629.90 861.89 638.56
0161 0.12395432591438293 68.48 925.55 189.47 1017.90 174.70 1037.24 53.72 944.89
0161 0.10537745803594589 101.76 913.34 225.09 992.27 211.11 1014.11 87.78 935.19
0090 0.19637219607830048 114.43 380.71 136.75 364.40 236.53 500.91 214.21 517.23
0090 0.16806446015834808 136.11 22.47 152.39 8.48 238.60 108.80 222.32 122.79
0090 0.12939001619815826 243.90 158.47 261.87 143.35 349.95 247.99 331.98 263.11
0090 0.10443960875272751 141.99 376.90 162.32 361.83 248.38 477.93 228.04 493.00
0090 0.07753245532512665 176.08 373.06 192.29 364.70 240.44 457.97 224.23 466.34
0152 0.16720888018608093 617.56 500.56 641.57 492.32 691.78 638.57 667.78 646.82
0152 0.13549278676509857 439.79 521.57 462.05 514.93 497.71 634.46 475.45 641.10
0152 0.12838326394557953 597.10 505.88 638.80 501.59 658.26 691.01 616.57 695.30
0033 0.1879916936159134 752.09 30.05 769.86 12.56 884.55 129.05 866.78 146.54
0033 0.09508632868528366 300.24 9.72 324.21 4.73 352.99 143.04 329.02 148.03
0053 0.2213471680879593 243.12 722.39 270.80 719.60 286.05 871.27 258.37 874.06
0053 0.14401879906654358 14.83 503.52 43.59 493.53 90.51 628.61 61.76 638.60
0053 0.12584923207759857 913.14 862.99 938.62 854.10 986.49 991.37 961.01 1000.26
0053 0.11062954366207123 938.47 813.82 968.66 801.15 1042.22 976.36 1012.04 989.03
0053 0.09808187186717987 930.29 839.60 959.74 830.23 1008.24 982.66 978.80 992.03
0058 0.08504527062177658 805.97 119.32 831.68 105.56 893.79 221.61 868.08 235.38
0026 0.2609035074710846 520.52 603.23 544.12 597.06 582.32 743.26 558.72 749.43
0026 0.214517742395401 471.66 613.57 496.29 609.01 520.94 742.10 496.31 746.66
0026 0.1607886105775833 299.86 196.99 330.12 178.82 421.18 330.46 390.91 348.63
0026 0.15554110705852509 509.33 609.96 532.24 606.62 551.45 738.32 528.53 741.66
0026 0.1317618191242218 728.37 614.86 749.85 607.99 791.87 739.39 770.39 746.26
0026 0.0996348187327385 707.06 613.69 734.88 613.51 735.87 774.90 708.06 775.07
0162 0.2545609474182129 857.05 514.55 997.64 626.20 980.47 647.81 839.88 536.16
0162 0.25410622358322144 727.25 593.13 881.81 705.30 865.30 728.05 710.74 615.89
0162 0.23552319407463074 887.17 503.32 1033.50 584.38 1022.49 604.24 876.17 523.18
0162 0.2251090109348297 693.50 633.95 864.28 715.99 851.49 742.60 680.72 660.56
0162 0.1598183512687683 868.00 743.03 886.51 725.13 977.26 819.01 958.75 836.90
0162 0.14433202147483826 795.87 905.54 892.12 992.26 879.49 1006.28 783.24 919.56
0162 0.0544213242828846 714.78 549.70 976.06 669.21 959.19 706.10 697.91 586.58
0157 0.06456415355205536 733.31 731.65 765.12 736.79 747.98 842.78 716.17 837.63
0091 0.062317296862602234 382.50 522.44 428.12 514.42 464.15 719.34 418.53 727.36
0020 0.08883165568113327 237.66 497.36 278.17 514.58 197.62 704.10 157.12 686.88
0054 0.2692258656024933 820.05 771.93 841.77 763.28 901.83 914.08 880.10 922.74
0054 0.18044835329055786 803.58 774.34 825.98 766.48 882.07 926.18 859.67 934.05
0054 0.16662222146987915 409.59 285.16 435.09 279.96 463.27 418.16 437.77 423.36
0054 0.165873184800148 512.48 862.88 534.85 854.61 589.47 1002.28 567.11 1010.55
0054 0.13420934975147247 554.60 818.05 589.61 815.73 601.54 996.24 566.53 998.55
0054 0.13258926570415497 784.76 774.45 808.48 768.42 850.59 934.13 826.87 940.15
0054 0.1112295389175415 701.05 797.93 724.71 787.87 792.35 946.97 768.69 957.03
0054 0.09469963610172272 770.34 784.64 790.99 779.63 828.49 934.01 807.85 939.03
0054 0.09365493059158325 605.75 813.72 634.92 814.87 627.28 1008.23 598.10 1007.07
0054 0.08738597482442856 735.59 790.27 757.48 783.28 807.77 940.91 785.87 947.89
0059 0.28247228264808655 235.20 325.01 261.78 318.92 295.67 466.82 269.08 472.91
0059 0.1963239312171936 910.35 469.06 931.00 459.72 998.02 607.79 977.37 617.13
0059 0.13529063761234283 10.29 106.98 36.48 96.09 90.76 226.67 64.57 237.56
0059 0.11757160723209381 928.77 450.85 950.54 442.64 1006.32 590.38 984.55 598.60
0059 0.09245351701974869 354.99 866.47 391.25 844.84 488.57 1007.96 452.32 1029.59
0059 0.08313177525997162 958.52 453.18 981.97 446.69 1022.58 593.55 999.13 600.04
0034 0.07167865335941315 83.33 124.42 204.60 50.33 221.05 77.26 99.78 151.35
0158 0.0817314013838768 358.62 72.91 482.82 104.41 476.56 129.07 352.37 97.57
0158 0.05082954093813896 929.13 277.29 1023.65 338.58 1008.27 362.29 913.76 301.00
0027 0.06051098555326462 925.09 149.13 949.90 136.18 1000.27 232.69 975.46 245.64
0027 0.060270704329013824 694.42 674.47 725.93 665.79 759.18 786.54 727.68 795.22
0027 0.05746079608798027 602.28 228.52 702.90 302.36 682.54 330.11 581.91 256.26
0092 0.0985880121588707 238.46 571.48 405.87 571.38 405.89 596.48 238.47 596.58
0092 0.05604315921664238 649.42 544.18 678.02 540.16 692.83 645.45 664.23 649.47
0060 0.19151635468006134 419.75 382.38 443.28 371.09 508.46 506.86 484.93 518.16
0060 0.15708371996879578 167.71 390.93 200.50 400.30 150.47 575.42 117.68 566.05
0060 0.10871010273694992 195.87 407.50 223.75 405.16 236.43 556.43 208.55 558.77
0060 0.08466808497905731 172.58 425.85 198.07 425.16 202.48 587.28 176.99 587.97
0060 0.07252911478281021 109.40 466.69 123.41 457.79 200.90 579.80 186.89 588.70
0055 0.19768095016479492 414.64 774.78 436.27 766.02 498.28 919.16 476.65 927.92
0055 0.1590445637702942 185.91 799.59 219.17 804.99 189.11 990.26 155.85 984.86
0055 0.15296244621276855 298.43 792.20 324.11 784.44 370.56 938.25 344.89 946.01
0055 0.14477035403251648 114.47 859.97 138.18 852.37 182.49 990.51 158.78 998.12
0055 0.1046709269285202 398.98 779.49 420.17 772.51 473.31 933.83 452.12 940.81
0055 0.10068397969007492 321.09 789.63 343.83 782.59 390.31 932.72 367.58 939.76
0055 0.09532608836889267 200.70 807.93 228.91 807.66 230.85 1005.67 202.65 1005.95
0055 0.09408335387706757 381.56 775.53 403.44 769.24 451.09 935.05 429.22 941.33
0055 0.07960821688175201 355.95 788.41 378.95 782.94 416.38 940.49 393.37 945.95
0035 0.07956802845001221 881.13 120.18 1012.19 47.32 1027.52 74.90 896.46 147.76
0088 0.11370811611413956 939.02 829.15 956.09 814.49 1029.81 900.29 1012.75 914.95
0062 0.10127412527799606 228.03 334.38 413.46 364.40 407.90 398.77 222.46 368.75
0061 0.2151426523923874 848.81 284.31 982.75 315.30 978.16 335.17 844.21 304.19
0056 0.24739743769168854 17.77 382.22 39.74 372.25 109.06 525.01 87.08 534.98
0056 0.10138443112373352 -0.12 382.46 27.65 376.80 59.97 535.18 32.19 540.85
0056 0.05516625940799713 853.55 683.65 1036.59 703.59 1032.74 738.95 849.70 719.02
0154 0.1360119730234146 858.71 423.13 1010.20 448.28 1006.60 469.96 855.11 444.81
0154 0.11583103984594345 855.97 403.66 1010.34 427.78 1007.01 449.10 852.64 424.97
0154 0.0977502316236496 661.92 370.59 803.07 423.49 794.26 446.98 653.12 394.08
0067 0.24419847130775452 890.40 60.01 922.47 60.42 920.20 238.35 888.14 237.94
0049 0.11016173660755157 785.22 686.65 815.20 671.29 890.43 818.08 860.44 833.44
0049 0.07617058604955673 14.79 906.49 46.50 895.37 86.00 1007.98 54.29 1019.10
0093 0.15385104715824127 40.95 131.36 270.94 121.47 272.51 157.90 42.52 167.80
0077 0.07792294025421143 693.89 39.81 717.09 52.00 656.95 166.48 633.75 154.30
0077 0.05476044490933418 658.83 32.12 687.48 42.63 643.69 162.04 615.04 151.53
0063 0.09697645902633667 867.73 867.09 902.05 858.37 943.03 1019.67 908.71 1028.39
0082 0.2923988699913025 246.42 176.61 268.98 166.46 329.97 302.00 307.41 312.15
0050 0.07237926870584488 26.74 699.42 61.60 706.03 36.49 838.60 1.62 832.00
0117 0.08449249714612961 608.49 -1.49 746.67 -0.07 746.43 22.95 608.25 21.53
0117 0.08447106927633286 809.19 6.88 984.69 53.14 977.58 80.08 802.09 33.82
0122 0.30995866656303406 117.68 601.32 142.35 595.99 175.24 748.02 150.58 753.35
0122 0.2703527808189392 332.77 591.81 353.17 587.21 389.84 750.03 369.44 754.63
0122 0.1932266801595688 289.70 601.69 309.27 594.38 368.86 753.86 349.29 761.17
0122 0.17749108374118805 255.61 611.48 279.08 599.99 363.70 772.88 340.23 784.37
0122 0.08041951060295105 203.41 613.41 245.92 590.56 360.51 803.76 318.00 826.61
0122 0.06455666571855545 356.59 595.02 379.35 591.36 400.90 725.48 378.14 729.14
0132 0.06310954689979553 35.79 604.65 78.58 599.69 99.65 781.56 56.87 786.51
0073 0.16325853765010834 30.27 179.26 161.29 264.32 149.04 283.19 18.02 198.12
0073 0.14916904270648956 23.65 471.90 124.07 567.94 104.57 588.32 4.15 492.29
0073 0.1330956667661667 -4.04 209.10 21.79 187.64 126.24 313.36 100.40 334.82
0073 0.11600478738546371 350.20 412.97 446.74 492.79 428.30 515.09 331.76 435.27
0073 0.11383754760026932 156.71 311.64 268.40 390.87 251.83 414.23 140.14 335.00
0073 0.0941956415772438 398.09 297.46 540.89 400.12 521.64 426.89 378.85 324.22
0073 0.055140748620033264 22.24 202.59 134.24 266.70 127.09 279.20 15.08 215.09
0073 0.05365656316280365 428.02 77.43 606.48 241.64 576.04 274.72 397.58 110.51
0064 0.2012363076210022 509.84 66.42 531.14 55.94 599.91 195.64 578.62 206.12
0064 0.12174944579601288 585.68 12.48 622.49 12.93 620.19 202.38 583.38 201.94
0064 0.11087225377559662 73.02 847.50 112.23 843.32 132.05 1029.18 92.84 1033.36
0064 0.10643591731786728 809.24 -22.17 833.33 -33.16 900.04 113.03 875.94 124.02
0064 0.08823485672473907 4.10 548.56 39.86 530.47 112.18 673.47 76.41 691.56
0064 0.06920775771141052 739.07 -3.32 771.94 -8.60 798.52 157.03 765.65 162.30
0064 0.06707588583230972 791.92 -12.93 817.74 -23.09 880.98 137.74 855.16 147.89
0064 0.060898829251527786 761.78 6.35 790.73 -3.56 843.36 150.11 814.40 160.03
0083 0.05681566894054413 518.98 73.18 641.44 117.27 631.92 143.71 509.46 99.61
0051 0.09007576107978821 629.48 -4.90 780.18 30.64 774.00 56.86 623.29 21.32
0069 0.06929785758256912 18.10 896.88 175.62 1003.04 154.68 1034.12 -2.84 927.96
0069 0.05244451388716698 333.25 638.57 369.06 623.53 429.16 766.60 393.35 781.64
0123 0.11776557564735413 644.65 664.50 678.67 643.92 777.08 806.55 743.06 827.13
0123 0.10461470484733582 655.02 51.23 683.16 42.77 715.99 151.93 687.86 160.40
0065 0.16294275224208832 887.42 464.36 918.15 461.85 932.20 633.88 901.47 636.39
0124 0.19378621876239777 348.62 499.37 514.94 539.37 508.50 566.14 342.18 526.14
0124 0.16613973677158356 561.73 537.29 697.47 597.04 689.16 615.92 553.42 556.18
0080 0.11140138655900955 684.34 516.99 853.03 461.44 862.76 490.97 694.07 546.53
0080 0.06996684521436691 634.09 724.06 842.17 607.94 864.92 648.71 656.84 764.84
0119 0.12748487293720245 647.91 807.54 826.09 728.58 839.09 757.93 660.91 836.89
0066 0.19896022975444794 493.92 466.73 527.59 467.44 523.92 640.71 490.25 640.00
0085 0.20162728428840637 36.74 673.76 67.04 670.65 84.06 836.76 53.76 839.86
0135 0.08201045542955399 664.77 2.62 696.94 -23.91 802.45 104.02 770.28 130.55
0125 0.20429787039756775 566.73 137.53 695.85 198.48 687.65 215.85 558.54 154.90
0125 0.16518595814704895 356.29 102.78 513.61 159.40 505.13 182.95 347.81 126.34
0125 0.06700371950864792 376.93 80.58 507.62 144.19 497.40 165.19 366.71 101.58
0125 0.05663146823644638 531.96 138.56 698.90 223.37 683.54 253.62 516.60 168.81
0071 0.06446438282728195 21.44 489.79 217.74 625.17 191.59 663.09 -4.71 527.71
0076 0.06288468092679977 277.74 520.18 421.26 493.51 425.54 516.53 282.02 543.21
0081 0.05341097339987755 -13.53 324.53 7.66 305.47 94.80 402.34 73.61 421.39
0142 0.11585655808448792 457.04 867.03 652.86 794.42 666.46 831.10 470.64 903.71
0142 0.11451704055070877 348.20 657.25 377.91 655.34 386.50 788.63 356.80 790.55
0142 0.11334780603647232 725.32 320.25 890.98 274.20 898.94 302.83 733.28 348.88
0142 0.052266184240579605 878.32 329.10 991.39 435.59 969.50 458.84 856.43 352.35
0139 0.0543794184923172 467.72 204.95 487.72 218.93 423.79 310.36 403.80 296.38
0086 0.13484768569469452 435.85 266.67 464.24 263.49 481.94 421.80 453.55 424.98
0046 0.16415387392044067 615.26 402.19 769.80 423.27 766.53 447.21 612.00 426.13
0121 0.1862764060497284 159.00 435.65 312.47 476.29 306.82 497.62 153.35 456.99
0121 0.12934544682502747 -33.80 402.92 122.89 428.32 118.99 452.42 -37.71 427.02
0143 0.11473258584737778 118.19 327.31 144.60 322.01 171.28 455.06 144.87 460.36
0143 0.10359664261341095 928.98 598.90 1050.23 647.88 1043.57 664.37 922.32 615.39
0167 0.09273675829172134 369.68 207.97 412.92 226.76 327.08 424.27 283.84 405.48
0177 0.08822933584451675 562.25 687.23 585.54 672.26 666.95 798.88 643.66 813.86
0177 0.07201258838176727 650.14 650.14 680.19 652.16 670.77 791.86 640.72 789.84
0163 0.18329259753227234 482.05 618.76 605.92 722.18 586.75 745.16 462.87 641.73
0163 0.149410218000412 64.09 543.48 84.92 522.95 194.39 634.02 173.55 654.55
0163 0.13147136569023132 247.21 621.66 345.99 716.57 329.22 734.01 230.45 639.11
0163 0.11178673058748245 218.88 643.35 350.49 735.51 336.02 756.18 204.40 664.03
0163 0.07564049959182739 92.88 735.35 175.66 800.89 158.22 822.91 75.44 757.38
0163 0.06924597173929214 97.43 523.66 220.62 593.12 206.12 618.84 82.93 549.37
0109 0.05852384865283966 155.42 566.24 300.23 607.07 291.80 636.98 146.99 596.14
0148 0.1337103694677353 949.96 633.42 974.81 624.14 1024.34 756.78 999.49 766.06
0148 0.08650334179401398 172.27 773.04 396.31 638.34 420.01 677.77 195.98 812.47
0148 0.06760702282190323 75.90 544.24 102.90 540.72 119.42 667.67 92.42 671.19
0148 0.05375991016626358 965.54 631.46 988.39 620.11 1047.90 739.91 1025.05 751.26
0114 0.1241629496216774 609.14 766.20 771.98 800.38 766.46 826.66 603.62 792.48
0114 0.10363220423460007 811.10 819.45 1002.26 828.71 1000.59 863.19 809.43 853.93
0144 0.06845130026340485 59.76 64.82 264.14 2.97 275.72 41.25 71.34 103.10
0168 0.088271863758564 438.07 683.37 509.24 748.45 488.27 771.38 417.10 706.30
0164 0.27219444513320923 856.23 118.45 878.49 99.56 996.28 238.39 974.02 257.28
0164 0.18128632009029388 887.10 92.60 1030.31 202.49 1014.50 223.09 871.29 113.21
0164 0.09859897196292877 882.77 335.30 897.62 324.29 966.89 417.68 952.04 428.69
0164 0.05387454107403755 798.82 501.72 891.03 591.95 871.30 612.12 779.09 521.89
0165 0.10692038387060165 393.95 102.69 497.01 193.37 477.88 215.11 374.81 124.44
0165 0.0949937179684639 392.46 819.92 427.79 838.40 352.30 982.66 316.97 964.17
0017 0.20494578778743744 745.22 598.18 866.79 692.47 849.21 715.13 727.64 620.84
0017 0.16081225872039795 26.24 412.41 148.82 488.89 132.51 515.02 9.94 438.54
0017 0.1548870950937271 596.67 35.12 616.01 18.69 715.77 136.18 696.42 152.61
0017 0.08357378095388412 567.40 66.18 581.85 52.90 654.17 131.62 639.73 144.89
0017 0.05959499627351761 573.74 40.05 594.38 23.07 691.49 141.14 670.85 158.12
0150 0.06568178534507751 618.62 904.17 650.97 892.10 703.16 1031.96 670.81 1044.03
0110 0.06675349920988083 347.74 213.34 482.21 236.46 477.62 263.12 343.16 240.00
0170 0.10399612039327621 13.67 298.37 36.23 276.43 109.26 351.55 86.71 373.49
0116 0.15996643900871277 407.17 401.57 550.21 456.02 542.43 476.46 399.39 422.01
0116 0.14211124181747437 213.73 373.73 368.54 393.51 365.09 420.47 210.28 400.69
0116 0.05041029304265976 418.96 382.07 560.79 440.67 551.80 462.42 409.97 403.82
0107 0.2331486940383911 859.42 721.64 883.12 714.51 923.76 849.50 900.06 856.63
0107 0.2265246957540512 917.14 709.25 938.29 700.38 998.21 843.27 977.05 852.14
0107 0.16688790917396545 643.50 721.16 672.16 714.30 716.76 900.69 688.09 907.54
0107 0.16527293622493744 714.90 717.75 739.85 715.79 753.16 885.22 728.21 887.18
0107 0.15545424818992615 883.13 716.24 905.48 710.33 942.33 849.79 919.98 855.69
0107 0.1524559110403061 902.15 705.40 925.82 699.03 965.80 847.50 942.13 853.88
0107 0.1028665155172348 688.64 713.24 717.28 710.59 735.37 906.33 706.73 908.98
0022 0.12560437619686127 648.75 106.97 675.68 126.67 556.20 289.96 529.27 270.26
0108 0.0953979641199112 714.79 238.33 738.22 231.64 768.26 336.95 744.83 343.64
0029 0.05608462169766426 780.35 491.55 1034.38 414.93 1047.98 459.99 793.94 536.61
0112 0.08686346560716629 792.51 499.41 981.36 466.40 987.08 499.15 798.24 532.16
0030 0.09563927352428436 794.29 112.14 990.37 2.51 1010.69 38.86 814.61 148.49
