0192 0.07405402511358261 646.49 748.95 669.15 766.13 593.90 865.40 571.24 848.22
0005 0.14784663915634155 635.96 845.74 749.23 922.26 733.27 945.89 619.99 869.37
0044 0.4832334518432617 913.00 570.87 940.44 562.56 979.80 692.57 952.37 700.88
0044 0.39220625162124634 782.82 91.01 803.15 75.73 888.81 189.71 868.48 204.99
0044 0.333965927362442 15.80 286.15 42.63 273.70 87.54 370.47 60.71 382.92
0044 0.214279443025589 774.36 95.42 800.21 85.19 852.36 216.94 826.51 227.17
0044 0.14494584500789642 941.79 563.29 967.22 558.21 991.72 681.07 966.29 686.14
0044 0.12875141203403473 256.33 447.93 285.81 456.82 247.18 584.86 217.70 575.96
0044 0.0986592099070549 599.87 439.88 624.77 427.57 675.49 530.19 650.59 542.50
0044 0.05555496737360954 950.70 551.93 973.44 542.95 1019.30 659.06 996.56 668.04
0044 0.05164644494652748 967.89 529.58 992.51 520.52 1038.52 645.62 1013.90 654.67
0013 0.23988933861255646 805.93 32.80 945.44 123.99 927.32 151.71 787.81 60.52
0018 0.08230236917734146 840.15 47.28 862.51 65.67 780.10 165.84 757.75 147.45
0039 0.05547371879220009 801.86 689.32 830.19 671.04 889.69 763.24 861.35 781.53
0097 0.3739597499370575 513.87 434.82 633.00 523.22 618.97 542.14 499.84 453.74
0097 0.28394025564193726 560.32 418.58 670.24 492.90 656.98 512.52 547.06 438.20
0097 0.251819908618927 360.18 330.74 485.47 407.36 473.81 426.42 348.52 349.80
0097 0.2382218837738037 542.94 425.92 652.55 520.22 636.82 538.50 527.21 444.20
0097 0.21932391822338104 374.52 311.92 547.64 385.31 536.15 412.43 363.03 339.04
0097 0.19532054662704468 224.71 391.52 386.46 474.34 371.37 503.81 209.62 420.99
0097 0.10298171639442444 788.32 391.61 874.92 459.08 856.14 483.19 769.53 415.72
0097 0.09037983417510986 208.02 411.76 288.96 478.26 273.24 497.39 192.30 430.89
0045 0.512485921382904 423.85 500.67 445.31 492.22 495.51 619.73 474.05 628.18
0045 0.33334487676620483 318.74 518.93 342.75 514.30 369.37 652.39 345.36 657.02
0045 0.29584795236587524 404.85 496.08 427.81 489.30 469.49 630.38 446.52 637.16
0045 0.28200793266296387 350.57 517.73 372.31 514.34 393.22 648.46 371.48 651.85
0045 0.25357145071029663 371.56 501.11 392.06 495.76 429.91 640.92 409.41 646.26
0045 0.05980328842997551 434.16 495.31 455.48 483.50 516.11 593.03 494.78 604.84
0006 0.20626762509346008 122.84 18.65 149.08 -0.24 236.47 121.15 210.22 140.05
0006 0.10644211620092392 446.30 822.56 578.32 905.43 561.61 932.07 429.58 849.20
0006 0.09313046932220459 84.35 56.98 104.44 38.29 209.86 151.66 189.77 170.35
0006 0.05170676112174988 115.57 -20.37 147.61 -47.06 288.37 121.92 256.33 148.61
0183 0.3517267405986786 29.76 589.43 154.02 660.65 142.44 680.85 18.18 609.63
0183 0.31866246461868286 313.75 780.26 446.99 890.39 424.86 917.16 291.63 807.03
0183 0.26718249917030334 150.61 736.28 242.91 814.10 230.41 828.92 138.11 751.10
0183 0.24100862443447113 6.50 617.56 123.49 708.77 108.33 728.21 -8.65 637.00
0183 0.22733256220817566 167.30 710.75 259.18 793.77 242.81 811.88 150.94 728.86
0183 0.1949288696050644 37.03 887.20 123.35 952.47 106.99 974.10 20.68 908.83
0183 0.153069406747818 25.35 602.33 136.71 698.35 120.76 716.85 9.40 620.83
0183 0.05943154916167259 394.79 697.25 515.79 787.89 496.00 814.31 375.00 723.68
0001 0.46930819749832153 659.71 791.21 773.07 879.13 760.55 895.27 647.20 807.35
0001 0.3593358099460602 667.60 782.60 791.24 858.71 779.34 878.06 655.69 801.95
0001 0.05460694432258606 528.26 632.20 672.32 758.90 645.22 789.71 501.16 663.01
0188 0.3214147388935089 744.73 -3.07 859.09 97.06 836.88 122.43 722.51 22.30
0198 0.11541111767292023 657.32 784.05 681.06 795.86 603.49 951.73 579.74 939.91
0040 0.36472374200820923 785.96 481.09 808.85 469.39 873.43 595.70 850.54 607.41
0040 0.1503530889749527 771.58 499.45 799.14 488.97 848.87 619.83 821.32 630.30
0040 0.10259009897708893 19.88 693.72 48.39 681.39 87.27 771.27 58.77 783.60
0040 0.08883070945739746 585.95 847.09 611.24 828.24 682.08 923.27 656.79 942.12
0094 0.2742505669593811 787.32 468.13 810.10 484.89 733.17 589.51 710.38 572.75
0094 0.0869884341955185 -13.34 549.65 122.86 475.56 139.07 505.35 2.87 579.45
0094 0.050049152225255966 268.61 892.00 291.27 887.54 311.71 991.42 289.05 995.88
0002 0.15875452756881714 952.38 90.30 981.16 103.82 928.43 216.05 899.66 202.53
0002 0.05475343391299248 419.40 784.87 437.48 771.02 494.52 845.48 476.43 859.33
0002 0.0511489175260067 986.92 715.77 1018.60 711.08 1035.88 827.93 1004.20 832.61
0099 0.36406320333480835 106.78 35.92 246.82 109.08 234.19 133.25 94.15 60.09
0099 0.27119922637939453 139.27 23.59 270.49 89.82 258.62 113.34 127.40 47.11
0007 0.19129382073879242 -31.49 870.86 81.28 943.65 66.63 966.34 -46.13 893.55
0185 0.4507085978984833 426.85 170.61 553.61 267.70 538.43 287.50 411.68 190.42
0185 0.37906351685523987 333.70 809.07 356.06 789.08 455.80 900.62 433.44 920.61
0185 0.3561168313026428 371.35 191.39 520.05 301.00 501.71 325.87 353.02 216.26
0185 0.3231543004512787 558.93 318.59 667.88 392.45 653.12 414.21 544.17 340.35
0185 0.27467647194862366 728.73 388.81 848.89 501.61 829.19 522.59 709.03 409.79
0185 0.2642732262611389 546.47 333.77 658.82 420.00 645.30 437.61 532.95 351.38
0185 0.23107966780662537 396.04 167.30 541.44 287.55 520.11 313.34 374.71 193.10
0185 0.22803838551044464 310.44 576.79 409.83 670.69 391.22 690.39 291.82 596.49
0185 0.050768911838531494 875.01 625.43 895.01 631.21 874.90 700.81 854.90 695.03
0041 0.15051187574863434 426.38 910.13 449.21 899.31 497.60 1001.38 474.78 1012.20
0191 0.09125367552042007 929.08 576.16 949.56 558.45 1049.17 673.63 1028.69 691.33
0181 0.06127104535698891 947.05 459.59 978.23 459.03 979.98 556.97 948.80 557.53
0181 0.0513698048889637 411.93 979.39 520.89 1015.77 511.74 1043.20 402.78 1006.81
0200 0.09760591387748718 551.20 610.13 581.02 619.23 543.74 741.47 513.91 732.37
0196 0.11923476308584213 899.67 30.32 926.55 39.84 882.69 163.64 855.81 154.11
0196 0.056033797562122345 777.99 231.56 810.15 215.56 859.66 315.05 827.50 331.05
0037 0.40609511733055115 783.92 874.57 808.71 863.00 875.30 1005.70 850.51 1017.27
0037 0.1007470041513443 762.95 915.13 786.70 898.73 866.49 1014.25 842.73 1030.66
0186 0.06819706410169601 1025.67 636.89 1057.49 664.38 934.67 806.55 902.85 779.06
0042 0.25093886256217957 446.02 762.04 574.86 781.84 571.34 804.73 442.50 784.93
0096 0.3441508412361145 111.54 838.54 246.20 905.41 233.99 930.01 99.33 863.15
0096 0.3032424747943878 134.99 829.80 268.27 884.22 257.77 909.92 124.50 855.49
0096 0.2468050718307495 -19.06 693.02 135.08 789.03 120.72 812.08 -33.42 716.07
0096 0.16229529678821564 -40.52 730.53 115.15 795.21 104.79 820.14 -50.88 755.46
0096 0.11894739419221878 314.67 872.71 430.72 986.56 408.17 1009.54 292.12 895.70
0096 0.11154793202877045 374.52 807.30 397.15 789.07 455.06 860.98 432.43 879.21
0096 0.05144111067056656 846.95 -65.60 878.74 -59.90 856.25 65.60 824.45 59.90
0015 0.5947472453117371 767.23 334.38 896.32 433.40 881.12 453.21 752.04 354.19
0015 0.5044213533401489 599.46 420.68 728.71 533.79 710.89 554.15 581.64 441.03
0015 0.25209489464759827 574.86 457.82 659.37 527.59 646.23 543.51 561.72 473.75
0015 0.2339629828929901 37.32 810.53 136.87 883.20 117.67 909.50 18.12 836.82
0015 0.1269308179616928 813.50 663.58 838.79 639.18 917.27 720.50 891.98 744.91
0015 0.05233680084347725 736.92 329.70 883.33 462.53 858.10 490.34 711.69 357.51
0009 0.11293118447065353 22.76 494.98 87.91 540.43 71.41 564.08 6.27 518.62
0023 0.05581415817141533 995.45 -12.75 1018.89 0.30 970.83 86.67 947.39 73.63
0038 0.2054436206817627 31.49 907.01 59.09 898.75 92.47 1010.21 64.87 1018.47
0028 0.5458853244781494 532.73 503.06 679.60 532.75 675.53 552.90 528.66 523.20
0028 0.4011786878108978 373.74 462.84 518.91 513.42 511.64 534.27 366.48 483.68
0028 0.08187729865312576 552.72 473.96 573.31 466.23 625.29 604.76 604.70 612.49
0028 0.0667290985584259 475.10 513.88 662.04 544.60 657.81 570.35 470.86 539.63
0028 0.05579914525151253 406.49 442.58 530.12 497.65 520.62 518.97 397.00 463.89
0036 0.2096177339553833 478.87 118.84 616.02 51.08 631.33 82.06 494.18 149.82
0024 0.1894599050283432 792.68 611.75 907.56 704.77 884.87 732.79 770.00 639.76
0024 0.1340179592370987 704.54 517.39 781.34 594.10 765.20 610.26 688.40 533.55
0160 0.35758182406425476 863.27 920.74 982.26 1006.77 966.86 1028.07 847.87 942.04
0160 0.24980565905570984 879.81 900.75 1023.92 967.86 1013.16 990.98 869.05 923.87
0089 0.5772431492805481 646.98 551.72 663.33 539.45 749.30 653.99 732.96 666.26
0089 0.47855010628700256 39.82 460.99 67.11 455.08 94.06 579.65 66.78 585.56
0089 0.4516342580318451 91.28 627.78 116.52 622.71 142.10 750.06 116.85 755.12
0089 0.2253149300813675 537.95 428.85 558.57 412.05 634.79 505.61 614.17 522.41
0089 0.160697340965271 10.40 330.62 40.28 328.99 45.33 421.73 15.45 423.36
0089 0.12832285463809967 516.56 779.52 540.19 764.79 617.87 889.33 594.25 904.07
0089 0.08325919508934021 638.83 560.15 659.45 549.05 731.32 682.54 710.69 693.65
0089 0.06618694961071014 663.84 547.62 682.71 532.27 766.28 635.03 747.42 650.37
0089 0.05484885349869728 548.30 769.88 573.67 756.81 624.06 854.71 598.69 867.77
0011 0.1296483427286148 321.48 706.82 343.73 717.21 294.58 822.52 272.32 812.13
0151 0.438892662525177 625.09 903.80 649.54 896.46 688.15 1025.03 663.70 1032.37
0151 0.30418652296066284 429.26 918.41 453.49 909.30 497.86 1027.22 473.64 1036.33
0151 0.301266074180603 373.17 916.09 398.17 910.99 425.32 1044.08 400.32 1049.18
0151 0.16720841825008392 589.48 911.81 611.67 902.61 667.02 1035.97 644.84 1045.17
0151 0.10891229659318924 397.68 918.66 420.08 907.48 481.23 1030.00 458.83 1041.18
0151 0.09545732289552689 558.55 939.52 580.09 924.52 656.33 1034.00 634.79 1049.00
0151 0.05258423462510109 217.90 500.26 254.91 485.60 320.53 651.36 283.52 666.02
0057 0.35711637139320374 438.86 679.23 577.76 721.01 571.58 741.58 432.67 699.80
0057 0.19476789236068726 631.30 721.48 776.68 769.25 767.21 798.06 621.83 750.29
0057 0.05902398005127907 468.38 665.96 608.62 712.86 600.92 735.89 460.67 688.99
0057 0.05792338401079178 595.48 184.00 616.13 164.98 664.17 217.13 643.51 236.15
0057 0.050990134477615356 421.62 166.14 465.24 164.11 473.30 336.83 429.68 338.86
0032 0.47098052501678467 783.14 207.04 807.24 216.15 748.60 371.30 724.50 362.19
0032 0.2715910077095032 762.52 198.57 784.29 206.12 733.72 351.97 711.95 344.42
0032 0.053034886717796326 732.54 209.06 758.72 218.09 713.16 350.23 686.99 341.21
0052 0.2645416855812073 818.90 502.42 846.31 493.76 889.31 629.90 861.89 638.56
0047 0.08903361856937408 806.45 912.44 837.61 897.04 888.70 1000.40 857.53 1015.80
0161 0.3497675359249115 68.48 925.55 189.47 1017.90 174.70 1037.24 53.72 944.89
0161 0.24347367882728577 101.76 913.34 225.09 992.27 211.11 1014.11 87.78 935.19
0161 0.07390624284744263 56.09 940.96 174.15 1032.26 160.25 1050.23 42.19 958.93
0090 0.4814210534095764 243.90 158.47 261.87 143.35 349.95 247.99 331.98 263.11
0090 0.4702017605304718 114.43 380.71 136.75 364.40 236.53 500.91 214.21 517.23
0090 0.44110581278800964 128.03 18.22 147.41 2.11 236.16 108.89 216.78 125.00
0090 0.25561338663101196 141.99 376.90 162.32 361.83 248.38 477.93 228.04 493.00
0090 0.247244194149971 176.08 373.06 192.29 364.70 240.44 457.97 224.23 466.34
0090 0.061853740364313126 228.32 172.24 245.23 157.33 336.81 261.18 319.90 276.10
0152 0.42625364661216736 432.63 527.90 455.73 517.50 505.79 628.70 482.69 639.10
0152 0.33559650182724 617.18 503.23 640.34 494.75 691.93 635.60 668.77 644.09
0152 0.1620323807001114 565.68 535.65 592.26 521.96 667.94 668.88 641.37 682.57
0152 0.1319694072008133 587.16 513.01 608.97 503.39 671.12 644.26 649.32 653.88
0033 0.33509644865989685 752.09 30.05 769.86 12.56 884.55 129.05 866.78 146.54
0033 0.2875175178050995 300.24 9.72 324.21 4.73 352.99 143.04 329.02 148.03
0033 0.08959756046533585 333.86 -0.07 359.19 -1.11 365.14 143.41 339.81 144.45
0053 0.5201735496520996 236.02 721.48 260.84 716.60 289.34 861.67 264.52 866.54
0053 0.38432222604751587 913.14 862.99 938.62 854.10 986.49 991.37 961.01 1000.26
0053 0.24902735650539398 20.22 505.44 49.41 497.45 86.20 631.69 57.01 639.69
0053 0.18905408680438995 936.27 819.57 966.10 804.99 1041.93 960.16 1012.10 974.74
0053 0.17615334689617157 930.29 839.60 959.74 830.23 1008.24 982.66 978.80 992.03
0053 0.10929202288389206 596.73 706.88 621.85 693.88 679.32 804.92 654.20 817.92
0053 0.07614106684923172 965.43 801.56 991.52 787.81 1059.42 916.66 1033.33 930.40
0053 0.05186396464705467 254.09 720.75 281.46 712.43 321.17 843.05 293.80 851.37
0058 0.22668565809726715 810.07 122.86 837.43 109.87 890.95 222.63 863.58 235.62
0026 0.6354618668556213 472.98 611.42 498.33 607.38 519.82 742.40 494.47 746.43
0026 0.5925291180610657 520.52 603.23 544.12 597.06 582.32 743.26 558.72 749.43
0026 0.442121297121048 734.26 613.85 755.81 608.03 792.02 742.09 770.48 747.91
0026 0.31564825773239136 512.57 610.12 536.25 609.02 542.34 740.52 518.66 741.62
0026 0.2666117548942566 725.42 605.10 751.29 606.41 743.23 766.05 717.37 764.74
0026 0.12231169641017914 122.86 545.74 147.99 531.72 201.14 627.02 176.02 641.04
0026 0.1062089204788208 671.82 627.92 697.74 620.33 739.16 761.73 713.25 769.32
0026 0.10320322215557098 321.29 194.76 355.92 185.03 401.67 347.82 367.04 357.55
0026 0.10220245271921158 301.07 524.76 324.46 507.92 383.02 589.24 359.63 606.08
0162 0.44049394130706787 889.23 727.08 983.83 815.01 967.52 832.56 872.92 744.62
0162 0.42298731207847595 868.39 507.00 997.17 632.42 976.98 653.16 848.19 527.73
0162 0.3246680498123169 731.03 593.70 884.10 696.61 868.95 719.15 715.88 616.24
0162 0.3143436014652252 701.01 626.76 826.54 732.75 811.73 750.29 686.21 644.29
0162 0.31208330392837524 795.62 906.28 895.49 993.54 882.72 1008.16 782.85 920.89
0162 0.3108362853527069 887.17 503.32 1033.50 584.38 1022.49 604.24 876.17 523.18
0162 0.19288088381290436 706.98 610.63 870.73 720.13 855.74 742.56 691.98 633.06
0162 0.05956614762544632 770.42 921.39 789.71 907.17 883.04 1033.78 863.75 1048.00
0157 0.20115871727466583 733.31 731.65 765.12 736.79 747.98 842.78 716.17 837.63
0091 0.060587331652641296 361.09 498.26 394.67 490.62 414.69 578.61 381.11 586.25
0020 0.08185801655054092 237.66 497.36 278.17 514.58 197.62 704.10 157.12 686.88
0054 0.5943623781204224 820.05 771.93 841.77 763.28 901.83 914.08 880.10 922.74
0054 0.4813288152217865 512.48 862.88 534.85 854.61 589.47 1002.28 567.11 1010.55
0054 0.4305906295776367 803.58 774.34 825.98 766.48 882.07 926.18 859.67 934.05
0054 0.35452911257743835 784.76 774.45 808.48 768.42 850.59 934.13 826.87 940.15
0054 0.33941754698753357 409.59 285.16 435.09 279.96 463.27 418.16 437.77 423.36
0054 0.32757487893104553 701.05 797.93 724.71 787.87 792.35 946.97 768.69 957.03
0054 0.29629313945770264 536.45 847.13 559.90 839.88 608.06 995.61 584.62 1002.86
0054 0.2570135295391083 605.75 813.72 634.92 814.87 627.28 1008.23 598.10 1007.07
0054 0.247191920876503 770.34 784.64 790.99 779.63 828.49 934.01 807.85 939.03
0054 0.20106834173202515 735.59 790.27 757.48 783.28 807.77 940.91 785.87 947.89
0054 0.06587139517068863 362.40 607.43 450.21 585.94 457.45 615.52 369.64 637.01
0054 0.05470212921500206 484.24 934.43 502.04 918.39 609.42 1037.63 591.61 1053.66
0054 0.0533645860850811 210.30 704.22 238.30 697.86 266.03 819.96 238.03 826.32
0054 0.05173880234360695 684.42 830.25 706.91 818.13 771.93 938.76 749.44 950.88
0054 0.05017704889178276 834.58 762.70 857.04 752.06 917.18 878.99 894.72 889.63
0059 0.5211870074272156 910.35 469.06 931.00 459.72 998.02 607.79 977.37 617.13
0059 0.5207455158233643 230.19 321.54 256.16 313.70 301.77 464.78 275.79 472.62
0059 0.2847279906272888 10.29 106.98 36.48 96.09 90.76 226.67 64.57 237.56
0059 0.2677892744541168 928.77 450.85 950.54 442.64 1006.32 590.38 984.55 598.60
0059 0.1555337756872177 958.52 453.18 981.97 446.69 1022.58 593.55 999.13 600.04
0059 0.0834299772977829 978.02 404.63 1006.51 400.49 1028.40 551.11 999.91 555.25
0059 0.07613915205001831 594.61 293.15 626.61 282.21 671.69 414.07 639.69 425.01
0059 0.06189989298582077 368.59 855.67 407.25 842.37 468.59 1020.67 429.93 1033.97
0059 0.05012974143028259 248.18 320.64 273.59 310.04 327.49 439.23 302.08 449.83
0034 0.17906348407268524 83.33 124.42 204.60 50.33 221.05 77.26 99.78 151.35
0048 0.05193505808711052 399.39 917.82 426.78 899.19 495.19 999.72 467.80 1018.35
0158 0.11233309656381607 357.57 69.60 488.20 104.87 481.33 130.31 350.70 95.04
0158 0.08688453584909439 929.13 277.29 1023.65 338.58 1008.27 362.29 913.76 301.00
0027 0.15241993963718414 925.09 149.13 949.90 136.18 1000.27 232.69 975.46 245.64
0027 0.1451665312051773 598.27 232.62 715.82 305.84 698.88 333.03 581.33 259.82
0027 0.08671510964632034 694.42 674.47 725.93 665.79 759.18 786.54 727.68 795.22
0092 0.15412068367004395 649.42 544.18 678.02 540.16 692.83 645.45 664.23 649.47
0092 0.11688653379678726 238.46 571.48 405.87 571.38 405.89 596.48 238.47 596.58
0060 0.4663550853729248 419.75 382.38 443.28 371.09 508.46 506.86 484.93 518.16
0060 0.37809428572654724 126.62 458.91 150.74 454.53 176.45 596.20 152.33 600.58
0060 0.3138163983821869 142.85 424.38 168.64 420.18 196.36 590.20 170.57 594.40
0060 0.27954620122909546 195.87 407.50 223.75 405.16 236.43 556.43 208.55 558.77
0060 0.06498244404792786 434.80 371.03 458.51 358.25 524.47 480.63 500.76 493.41
0060 0.057423293590545654 402.04 396.17 433.22 386.78 479.55 540.65 448.37 550.04
0055 0.48953139781951904 414.64 774.78 436.27 766.02 498.28 919.16 476.65 927.92
0055 0.3986629843711853 114.47 859.97 138.18 852.37 182.49 990.51 158.78 998.12
0055 0.3678175210952759 189.98 803.40 214.62 797.56 253.37 960.95 228.73 966.79
0055 0.3418179154396057 293.49 795.23 318.57 785.87 373.63 933.34 348.55 942.70
0055 0.27459225058555603 140.33 832.10 167.93 825.98 205.50 995.62 177.91 1001.73
0055 0.25568556785583496 383.97 777.26 404.94 771.76 448.68 938.45 427.71 943.95
0055 0.24151363968849182 398.98 779.49 420.17 772.51 473.31 933.83 452.12 940.81
0055 0.21674278378486633 321.09 789.63 343.83 782.59 390.31 932.72 367.58 939.76
0055 0.21176359057426453 158.95 804.79 184.73 798.57 227.15 974.38 201.38 980.60
0055 0.18682073056697845 359.54 784.47 381.49 780.16 412.07 935.82 390.12 940.14
0055 0.06273354589939117 421.69 773.85 443.60 756.59 531.48 868.19 509.57 885.45
0055 0.050596557557582855 100.91 931.56 120.22 916.36 223.07 1047.05 203.76 1062.25
0035 0.18686296045780182 881.13 120.18 1012.19 47.32 1027.52 74.90 896.46 147.76
0088 0.2704741358757019 937.79 824.60 955.36 810.36 1029.60 901.94 1012.03 916.18
0088 0.12721015512943268 411.18 724.15 442.40 725.23 439.17 818.30 407.95 817.22
0088 0.05492840334773064 356.99 567.11 382.18 561.84 404.08 666.66 378.89 671.92
0062 0.18078520894050598 228.03 328.01 380.58 368.40 373.39 395.55 220.84 355.16
0061 0.38012391328811646 843.54 282.94 986.07 310.37 981.63 333.46 839.10 306.02
0061 0.06219945102930069 28.17 5.06 62.98 -3.10 93.50 127.12 58.69 135.28
0056 0.6191433072090149 24.76 380.11 47.91 371.52 102.99 519.90 79.84 528.49
0056 0.22840382158756256 4.56 383.54 32.84 380.65 48.50 533.91 20.22 536.80
0154 0.38205254077911377 858.71 423.13 1010.20 448.28 1006.60 469.96 855.11 444.81
0154 0.3244076371192932 855.97 403.66 1010.34 427.78 1007.01 449.10 852.64 424.97
0154 0.20382694900035858 661.92 370.59 803.07 423.49 794.26 446.98 653.12 394.08
0154 0.06131310760974884 601.57 649.50 681.77 630.06 686.91 651.27 606.72 670.72
0154 0.05166991427540779 901.37 370.56 1052.98 431.61 1042.49 457.65 890.88 396.60
0067 0.4374781548976898 890.40 60.01 922.47 60.42 920.20 238.35 888.14 237.94
0067 0.053778186440467834 900.77 406.48 930.20 413.70 900.68 534.09 871.25 526.87
0049 0.16453154385089874 14.79 906.49 46.50 895.37 86.00 1007.98 54.29 1019.10
0049 0.1567605584859848 783.83 688.73 808.58 672.91 891.35 802.38 866.60 818.20
0093 0.13582611083984375 43.92 147.16 275.38 102.58 282.08 137.37 50.62 181.95
0077 0.19493348896503448 685.60 37.05 709.96 46.76 662.13 166.63 637.77 156.91
0077 0.1161346584558487 654.45 26.97 683.19 35.71 643.03 167.75 614.29 159.00
0077 0.08215934038162231 121.44 670.64 205.48 624.47 220.19 651.24 136.15 697.42
0063 0.20206135511398315 871.17 865.45 900.69 856.72 947.76 1015.90 918.24 1024.63
0082 0.5636069178581238 246.42 176.61 268.98 166.46 329.97 302.00 307.41 312.15
0082 0.06859613955020905 232.04 195.52 256.64 186.36 308.44 325.42 283.85 334.58
0082 0.06820709258317947 272.36 177.37 293.72 168.49 344.42 290.55 323.06 299.42
0082 0.05091789737343788 85.10 180.42 111.27 171.46 157.89 307.56 131.72 316.52
0050 0.06728201359510422 2.35 702.79 39.65 695.59 66.87 836.67 29.57 843.87
0117 0.23323337733745575 803.28 19.61 944.52 50.70 940.03 71.09 798.79 39.99
0117 0.1526377648115158 608.49 -1.49 746.67 -0.07 746.43 22.95 608.25 21.53
0117 0.14028924703598022 809.39 1.89 977.20 37.65 972.60 59.26 804.79 23.49
0122 0.5260851979255676 106.28 600.33 131.94 592.39 179.41 745.60 153.76 753.55
0122 0.4979628324508667 329.41 595.07 350.93 587.12 404.94 733.38 383.42 741.33
0122 0.3147446811199188 311.16 592.99 330.61 586.87 379.80 743.03 360.35 749.15
0122 0.2156856805086136 289.70 601.69 309.27 594.38 368.86 753.86 349.29 761.17
0122 0.14875777065753937 255.61 611.48 279.08 599.99 363.70 772.88 340.23 784.37
0122 0.13220268487930298 136.67 610.11 161.29 604.07 195.51 743.57 170.89 749.61
0122 0.06367696076631546 203.41 613.41 245.92 590.56 360.51 803.76 318.00 826.61
0068 0.09086102247238159 558.64 464.11 576.98 448.32 645.89 528.33 627.55 544.12
0127 0.10583909600973129 704.41 200.63 725.60 202.31 717.36 306.33 696.16 304.65
0073 0.48581406474113464 30.27 179.26 161.29 264.32 149.04 283.19 18.02 198.12
0073 0.3513301908969879 23.65 471.90 124.07 567.94 104.57 588.32 4.15 492.29
0073 0.35020923614501953 11.44 220.37 116.47 316.60 99.74 334.86 -5.29 238.64
0073 0.3266201317310333 156.71 311.64 268.40 390.87 251.83 414.23 140.14 335.00
0073 0.3198266923427582 22.88 188.63 137.20 287.30 122.39 304.47 8.07 205.79
0073 0.17034754157066345 350.20 412.97 446.74 492.79 428.30 515.09 331.76 435.27
0073 0.1653958112001419 13.19 215.60 124.20 292.90 115.54 305.33 4.53 228.04
0073 0.11875728517770767 145.83 335.79 257.62 411.27 243.72 431.84 131.94 356.36
0073 0.07122994214296341 400.33 301.00 537.08 402.70 517.95 428.42 381.21 326.71
0064 0.5244715213775635 515.21 60.36 538.39 52.96 586.34 203.21 563.16 210.60
0064 0.28786805272102356 807.15 -21.96 829.25 -33.44 904.98 112.34 882.89 123.82
0064 0.2802172303199768 600.35 14.39 631.71 14.71 629.85 201.32 598.49 201.01
0064 0.2541344463825226 530.08 43.65 553.20 35.66 605.86 188.15 582.75 196.13
0064 0.2092037796974182 76.16 851.99 107.78 847.26 134.47 1025.60 102.85 1030.33
0064 0.15501250326633453 791.92 -12.93 817.74 -23.09 880.98 137.74 855.16 147.89
0064 0.14469830691814423 739.07 -3.32 771.94 -8.60 798.52 157.03 765.65 162.30
0064 0.13929659128189087 761.78 6.35 790.73 -3.56 843.36 150.11 814.40 160.03
0064 0.09616154432296753 -2.51 560.74 31.88 541.74 106.80 677.31 72.41 696.31
0083 0.15184035897254944 507.97 69.79 638.52 121.00 628.90 145.53 498.35 94.31
0083 0.09179305285215378 101.11 370.63 129.68 372.12 124.78 466.28 96.21 464.79
0051 0.19435377418994904 629.48 -4.90 780.18 30.64 774.00 56.86 623.29 21.32
0069 0.0796303004026413 18.10 896.88 175.62 1003.04 154.68 1034.12 -2.84 927.96
0069 0.06404317915439606 254.35 -3.05 286.24 4.61 260.22 113.03 228.33 105.38
0069 0.056984420865774155 322.18 644.97 357.26 625.83 435.86 769.81 400.78 788.95
0123 0.2392638623714447 653.38 53.13 680.54 43.34 718.97 149.92 691.80 159.71
0123 0.10941335558891296 644.65 664.50 678.67 643.92 777.08 806.55 743.06 827.13
0133 0.050843220204114914 634.25 224.68 727.81 284.71 712.07 309.25 618.50 249.22
0065 0.32876789569854736 887.42 464.36 918.15 461.85 932.20 633.88 901.47 636.39
0084 0.11045554280281067 927.88 591.22 955.54 594.35 942.76 707.32 915.10 704.19
0084 0.09259738773107529 937.34 754.58 968.61 758.98 950.05 890.97 918.78 886.57
0070 0.05993123725056648 553.27 64.64 570.72 48.67 646.69 131.71 629.23 147.68
0134 0.0614437535405159 497.38 673.31 519.15 654.34 589.13 734.64 567.37 753.61
0124 0.40981900691986084 566.83 535.35 699.24 593.74 690.96 612.50 558.56 554.11
0124 0.3445470333099365 348.62 499.37 514.94 539.37 508.50 566.14 342.18 526.14
0124 0.160441592335701 553.47 554.53 680.80 601.43 673.57 621.07 546.24 574.17
0080 0.16714201867580414 689.96 520.60 860.12 458.40 871.97 490.82 701.80 553.01
0119 0.09394339472055435 654.46 799.20 830.17 733.78 840.73 762.15 665.02 827.57
0066 0.21023093163967133 488.35 463.62 524.14 463.27 525.83 636.56 490.03 636.91
0085 0.49965739250183105 36.74 673.76 67.04 670.65 84.06 836.76 53.76 839.86
0085 0.07269174605607986 -1.73 709.22 23.88 700.19 73.77 841.60 48.15 850.64
0135 0.10557126253843307 664.77 2.62 696.94 -23.91 802.45 104.02 770.28 130.55
0125 0.5074913501739502 566.73 137.53 695.85 198.48 687.65 215.85 558.54 154.90
0125 0.3834865093231201 353.81 111.74 506.93 145.06 502.04 167.51 348.93 134.19
0125 0.09659719467163086 376.73 86.93 515.38 134.46 507.65 156.98 369.01 109.45
0125 0.07802840322256088 551.25 167.74 675.54 203.34 669.63 223.96 545.35 188.36
0125 0.06409969180822372 598.00 117.69 705.96 189.55 694.24 207.16 586.28 135.30
0076 0.09188012033700943 277.74 520.18 421.26 493.51 425.54 516.53 282.02 543.21
0081 0.12378287315368652 -18.45 317.76 5.01 297.73 95.97 404.24 72.51 424.27
0142 0.2850293517112732 342.15 661.87 370.65 657.02 392.31 784.21 363.81 789.07
0142 0.12413937598466873 725.32 320.25 890.98 274.20 898.94 302.83 733.28 348.88
0142 0.1194772720336914 433.63 615.23 458.50 601.60 500.10 677.49 475.24 691.12
0142 0.11231284588575363 457.04 867.03 652.86 794.42 666.46 831.10 470.64 903.71
0142 0.07257004827260971 869.12 635.94 891.23 616.29 960.13 693.81 938.02 713.46
0142 0.054398324340581894 874.45 340.03 902.14 320.32 993.44 448.66 965.74 468.36
0139 0.16982045769691467 467.72 204.95 487.72 218.93 423.79 310.36 403.80 296.38
0086 0.39992332458496094 435.85 266.67 464.24 263.49 481.94 421.80 453.55 424.98
0086 0.07362410426139832 461.22 253.34 491.24 251.12 502.34 400.79 472.32 403.02
0046 0.3381074368953705 619.37 401.62 774.76 423.88 771.12 449.33 615.72 427.07
0121 0.4004635214805603 158.26 433.75 306.57 471.77 300.44 495.70 152.12 457.69
0121 0.2478664070367813 -33.80 402.92 122.89 428.32 118.99 452.42 -37.71 427.02
0143 0.3771090805530548 118.19 327.31 144.60 322.01 171.28 455.06 144.87 460.36
0143 0.2265625298023224 918.37 597.32 1051.45 639.54 1045.32 658.87 912.23 616.65
0140 0.05538491904735565 854.31 808.71 1022.52 765.63 1031.25 799.74 863.04 842.81
0167 0.061688199639320374 369.68 207.97 412.92 226.76 327.08 424.27 283.84 405.48
0177 0.2462145984172821 562.25 687.23 585.54 672.26 666.95 798.88 643.66 813.86
0177 0.15623873472213745 615.36 655.34 640.15 642.40 704.68 766.01 679.89 778.95
0177 0.09828857332468033 600.44 652.45 628.85 643.87 674.52 795.05 646.10 803.63
0163 0.38002458214759827 247.21 621.66 345.99 716.57 329.22 734.01 230.45 639.11
0163 0.289559006690979 220.26 644.62 332.76 727.42 319.32 745.69 206.82 662.89
0163 0.2501477003097534 482.05 618.76 605.92 722.18 586.75 745.16 462.87 641.73
0163 0.22076594829559326 65.11 538.88 86.22 520.03 194.65 641.48 173.54 660.33
0163 0.20915812253952026 95.10 733.94 176.54 802.70 159.87 822.44 78.43 753.68
0163 0.12094347923994064 116.62 514.61 232.02 588.59 218.37 609.87 102.98 535.89
0163 0.10517080873250961 0.33 936.35 21.39 915.38 95.58 989.89 74.52 1010.86
0109 0.12206809222698212 148.52 573.71 292.43 602.52 286.35 632.90 142.44 604.08
0109 0.05208491533994675 51.74 862.70 144.83 836.08 150.52 855.99 57.43 882.60
0148 0.2791276276111603 959.88 625.28 987.68 621.35 1008.17 766.09 980.37 770.02
0148 0.1145319789648056 75.90 544.24 102.90 540.72 119.42 667.67 92.42 671.19
0148 0.0862092450261116 966.26 625.53 988.07 611.73 1059.44 724.48 1037.63 738.28
0148 0.06419843435287476 618.11 508.40 644.49 495.07 699.58 604.10 673.20 617.43
0114 0.2575858533382416 619.98 760.55 771.76 810.90 763.67 835.28 611.90 784.92
0114 0.2446587085723877 812.63 808.65 957.37 847.37 951.45 869.50 806.71 830.78
0144 0.06225660815834999 63.48 59.20 266.04 9.98 275.13 47.41 72.57 96.62
0168 0.2470993846654892 438.07 683.37 509.24 748.45 488.27 771.38 417.10 706.30
0168 0.05534107983112335 11.45 229.96 52.72 225.42 66.42 349.78 25.15 354.33
0178 0.050033088773489 697.29 743.45 718.97 754.16 685.69 821.53 664.01 810.82
0164 0.3183096647262573 856.23 118.45 878.49 99.56 996.28 238.39 974.02 257.28
0164 0.31026604771614075 895.73 335.85 977.43 405.14 962.07 423.24 880.38 353.95
0164 0.17892909049987793 883.64 96.26 1032.91 189.45 1019.60 210.78 870.33 117.59
0164 0.10454783588647842 798.82 501.72 891.03 591.95 871.30 612.12 779.09 521.89
0164 0.08683570474386215 869.18 344.78 966.64 418.50 952.10 437.72 854.65 363.99
0145 0.07801610231399536 356.97 141.36 388.96 148.80 358.30 280.56 326.31 273.12
0115 0.057765863835811615 972.82 4.26 1035.55 65.63 1018.38 83.19 955.64 21.82
0165 0.2867375612258911 397.73 101.46 499.29 191.70 480.50 212.85 378.94 122.61
0165 0.14688555896282196 392.46 819.92 427.79 838.40 352.30 982.66 316.97 964.17
0165 0.09969138354063034 542.37 417.97 607.76 473.65 589.27 495.36 523.88 439.69
0017 0.4573623836040497 745.22 598.18 866.79 692.47 849.21 715.13 727.64 620.84
0017 0.42313358187675476 596.67 35.12 616.01 18.69 715.77 136.18 696.42 152.61
0017 0.25674211978912354 40.47 432.56 147.33 479.62 135.62 506.22 28.75 459.17
0017 0.23034514486789703 570.09 55.54 667.33 133.79 653.80 150.61 556.55 72.36
0017 0.1299906224012375 573.74 40.05 594.38 23.07 691.49 141.14 670.85 158.12
0150 0.07256043702363968 618.62 904.17 650.97 892.10 703.16 1031.96 670.81 1044.03
0110 0.15177752077579498 346.68 222.08 471.70 242.14 468.08 264.66 343.07 244.60
0170 0.20756691694259644 13.67 298.37 36.23 276.43 109.26 351.55 86.71 373.49
0116 0.42708587646484375 401.36 407.67 548.78 448.78 542.98 469.60 395.56 428.49
0116 0.2938983738422394 213.73 373.73 368.54 393.51 365.09 420.47 210.28 400.69
0116 0.12511344254016876 418.96 382.07 560.79 440.67 551.80 462.42 409.97 403.82
0116 0.05412795767188072 394.75 412.26 537.05 480.02 527.82 499.40 385.52 431.64
0107 0.5786838531494141 855.38 728.18 876.55 719.38 931.16 850.77 909.99 859.57
0107 0.5084731578826904 917.14 709.25 938.29 700.38 998.21 843.27 977.05 852.14
0107 0.3690508306026459 699.29 721.43 720.98 713.52 772.47 854.79 750.78 862.70
0107 0.33153825998306274 643.37 726.33 669.16 717.80 727.97 895.65 702.18 904.18
0107 0.3074401617050171 883.13 716.24 905.48 710.33 942.33 849.79 919.98 855.69
0107 0.2840732932090759 902.15 705.40 925.82 699.03 965.80 847.50 942.13 853.88
0107 0.19041547179222107 677.82 721.23 698.08 713.92 755.86 874.07 735.61 881.38
0107 0.10499294847249985 486.53 609.33 514.09 593.93 570.67 695.15 543.11 710.55
0107 0.07694657891988754 309.61 641.62 337.13 632.54 375.47 748.72 347.95 757.80
0107 0.05393919348716736 900.37 668.43 936.96 644.16 1052.08 817.75 1015.49 842.02
0107 0.053862616419792175 32.41 578.24 64.09 565.56 105.48 668.96 73.79 681.64
0022 0.15687638521194458 648.75 106.97 675.68 126.67 556.20 289.96 529.27 270.26
0108 0.3319520354270935 714.79 238.33 738.22 231.64 768.26 336.95 744.83 343.64
0108 0.1245945617556572 889.04 208.67 912.17 193.65 985.54 306.65 962.41 321.67
0112 0.05848481506109238 792.51 499.41 981.36 466.40 987.08 499.15 798.24 532.16
0030 0.06965884566307068 794.29 112.14 990.37 2.51 1010.69 38.86 814.61 148.49
