0192 0.678720235824585 652.54 746.45 676.83 768.52 584.13 870.53 559.84 848.46
0182 0.8149036765098572 692.47 869.04 751.31 850.16 756.80 867.28 697.96 886.16
0182 0.5619099140167236 967.20 56.93 1043.83 120.85 1028.92 138.72 952.29 74.80
0005 0.11427881568670273 44.08 395.32 89.75 352.44 258.54 532.22 212.87 575.09
0013 0.11522791534662247 165.97 693.81 226.85 652.71 380.24 879.93 319.36 921.03
0018 0.33610862493515015 617.97 695.79 675.52 732.24 666.03 747.21 608.49 710.76
0018 0.13031962513923645 545.58 392.54 577.93 413.35 491.36 547.90 459.01 527.08
0187 0.796561598777771 692.17 70.44 751.63 51.96 756.54 67.77 697.09 86.25
0197 0.5938413143157959 761.00 249.42 787.12 241.56 809.33 315.35 783.21 323.21
0197 0.5192312598228455 331.92 563.31 360.42 557.21 380.95 653.08 352.45 659.18
0097 0.24609515070915222 771.77 12.49 1013.10 14.22 1012.76 63.01 771.42 61.28
0097 0.10299775004386902 855.06 248.46 897.69 210.16 1064.77 396.16 1022.15 434.45
0097 0.09390605986118317 552.78 92.07 578.11 75.77 614.87 132.88 589.54 149.18
0097 0.08015117049217224 379.16 304.78 548.40 385.84 534.19 415.52 364.95 334.46
0097 0.07874150574207306 797.60 390.17 879.17 465.02 857.35 488.80 775.77 413.95
0097 0.07583670318126678 767.49 28.02 930.80 87.21 919.08 119.55 755.77 60.36
0097 0.07395921647548676 224.71 391.52 386.46 474.34 371.37 503.81 209.62 420.99
0097 0.060509685426950455 198.26 416.27 284.23 465.62 271.04 488.60 185.07 439.25
0193 0.24748383462429047 846.19 30.37 877.83 42.08 827.87 177.01 796.23 165.29
0019 0.4343331456184387 1008.65 764.84 1031.82 779.21 967.07 883.57 943.90 869.20
0006 0.12253836542367935 115.63 22.39 142.42 -0.74 252.28 126.49 225.50 149.62
0006 0.11653105169534683 626.49 820.17 765.85 739.54 785.18 772.96 645.83 853.59
0183 0.6707865595817566 825.46 -5.18 877.60 37.35 863.01 55.23 810.87 12.70
0183 0.344553142786026 423.95 484.43 612.35 635.88 582.19 673.39 393.80 521.95
0183 0.3296625316143036 342.76 128.16 595.70 355.86 542.56 414.89 289.62 187.19
0183 0.12227952480316162 98.46 352.20 195.13 326.68 201.55 351.00 104.88 376.52
0183 0.0917716845870018 310.22 778.49 441.64 891.68 422.17 914.29 290.75 801.11
0183 0.07263869047164917 1.72 637.31 20.52 618.88 113.14 713.37 94.35 731.79
0183 0.06995958089828491 160.01 738.43 235.88 805.76 224.38 818.72 148.51 751.38
0001 0.18062956631183624 97.78 41.60 160.79 33.66 163.69 56.68 100.68 64.62
0001 0.1180005893111229 957.14 135.35 1017.14 125.33 1040.38 264.46 980.38 274.48
0001 0.07892525941133499 482.99 610.64 721.65 726.62 693.63 784.28 454.97 668.29
0001 0.07239054143428802 820.50 320.21 839.96 301.33 886.83 349.65 867.37 368.53
0188 0.10878918319940567 732.00 1.75 759.42 -19.59 859.06 108.49 831.64 129.82
0098 0.8036502599716187 695.51 904.89 722.85 902.66 729.98 990.14 702.64 992.37
0098 0.0775519609451294 663.02 958.91 681.69 944.22 760.56 1044.53 741.88 1059.21
0040 0.05075071379542351 590.32 848.51 615.34 831.30 674.54 917.35 649.51 934.57
0094 0.7328833937644958 266.57 899.19 291.88 893.28 312.89 983.19 287.59 989.11
0094 0.09082051366567612 787.32 468.13 810.10 484.89 733.17 589.51 710.38 572.75
0094 0.0722680613398552 289.99 478.99 376.27 505.50 366.26 538.07 279.98 511.56
0179 0.055178090929985046 732.10 834.32 804.99 890.31 784.55 916.91 711.67 860.93
0194 0.8752094507217407 45.55 791.26 127.39 794.19 126.60 816.18 44.76 813.25
0189 0.46456992626190186 657.67 295.87 696.02 266.17 811.71 415.58 773.37 445.27
0184 0.885186493396759 655.58 582.37 681.60 590.40 653.15 682.54 627.12 674.51
0002 0.23341883718967438 419.06 780.49 446.42 762.08 494.61 833.72 467.24 852.13
0002 0.17336639761924744 562.45 574.63 599.57 540.27 759.19 712.77 722.07 747.12
0002 0.06123034283518791 518.46 628.77 576.66 585.03 771.45 844.24 713.25 887.97
0007 0.06432034075260162 -31.49 870.86 81.28 943.65 66.63 966.34 -46.13 893.55
0199 0.4029451608657837 788.06 763.21 853.84 729.04 863.49 747.63 797.72 781.80
0195 0.8815088868141174 821.91 501.58 845.74 493.54 870.54 567.03 846.71 575.07
0180 0.23850613832473755 710.26 957.88 868.63 954.47 869.53 996.40 711.16 999.81
0180 0.06521350145339966 714.23 977.14 857.12 1020.93 848.43 1049.26 705.55 1005.47
0185 0.4094015061855316 821.99 92.23 1019.18 237.00 992.52 273.31 795.33 128.54
0185 0.3429219126701355 459.96 508.51 516.81 555.86 504.11 571.11 447.26 523.75
0185 0.21178796887397766 313.26 584.41 414.52 667.77 396.16 690.07 294.90 606.71
0185 0.08599241822957993 334.61 809.15 356.82 789.56 455.76 901.75 433.55 921.34
0185 0.059911247342824936 364.05 200.07 387.29 178.87 507.54 310.72 484.30 331.92
0185 0.052646487951278687 706.33 392.12 731.58 371.93 842.80 510.94 817.55 531.14
0095 0.4608181416988373 865.87 748.37 1040.49 866.19 1016.51 901.73 841.88 783.91
0095 0.2360852062702179 781.04 750.75 1041.63 891.19 1004.58 959.93 743.99 819.50
0095 0.06178462132811546 569.84 885.14 623.53 930.45 605.41 951.93 551.71 906.62
0095 0.05678795650601387 689.65 770.04 1065.77 1001.30 1017.60 1079.63 641.48 848.37
0095 0.05632774904370308 747.42 610.86 1141.22 774.63 1105.15 861.35 711.35 697.59
0095 0.05374151095747948 988.01 249.48 1062.65 271.23 1056.95 290.80 982.30 269.05
0181 0.32364338636398315 727.11 546.16 953.22 712.33 917.30 761.21 691.19 595.04
0181 0.10073024779558182 712.37 556.90 869.42 547.36 871.71 585.11 714.67 594.65
0181 0.06012948602437973 501.75 747.01 603.59 735.67 606.11 758.21 504.26 769.56
0200 0.2994917333126068 553.25 609.17 581.35 619.30 541.99 728.45 513.89 718.32
0196 0.35551637411117554 781.96 226.65 868.85 295.22 850.84 318.05 763.95 249.47
0037 0.1319284439086914 371.05 971.37 584.89 931.29 593.69 978.25 379.85 1018.32
0186 0.5285583734512329 1025.67 636.89 1057.49 664.38 934.67 806.55 902.85 779.06
0042 0.3262631893157959 614.24 323.55 661.17 370.44 646.21 385.41 599.28 338.52
0042 0.05317698046565056 444.50 766.02 572.78 777.81 570.64 801.10 442.36 789.31
0042 0.05283572897315025 721.34 992.27 837.78 1020.78 831.05 1048.25 714.61 1019.74
0096 0.26358383893966675 458.70 341.94 634.06 469.37 608.56 504.46 433.20 377.03
0096 0.12537890672683716 477.83 631.69 745.39 803.24 706.40 864.05 438.84 692.49
0096 0.10302625596523285 393.97 359.08 586.73 522.11 551.73 563.49 358.97 400.46
0096 0.08512633293867111 273.98 885.61 299.79 860.10 444.32 1006.39 418.51 1031.89
0015 0.18637672066688538 682.64 734.73 755.47 772.63 741.86 798.79 669.03 760.88
0015 0.09352746605873108 567.14 467.36 581.53 453.91 652.24 529.58 637.85 543.03
0009 0.06897414475679398 22.76 494.98 87.91 540.43 71.41 564.08 6.27 518.62
0010 0.34734678268432617 728.42 624.40 987.18 790.11 954.42 841.26 695.66 675.55
0010 0.09876537322998047 960.40 171.13 981.55 153.49 1028.76 210.13 1007.61 227.76
0010 0.0862479880452156 660.34 199.55 742.16 232.65 731.69 258.52 649.87 225.43
0010 0.07993429899215698 663.18 683.52 1019.32 834.60 984.68 916.27 628.54 765.19
0023 0.1633562594652176 991.58 -18.24 1016.09 -6.54 970.81 88.29 946.31 76.59
0004 0.6973995566368103 975.04 546.67 1004.31 557.05 973.38 644.25 944.12 633.88
0024 0.24122124910354614 171.92 -47.15 404.43 184.56 350.33 238.85 117.81 7.15
0024 0.1454104334115982 690.11 522.30 712.51 506.72 775.72 597.65 753.31 613.22
0024 0.06241109222173691 828.04 607.68 1129.06 841.18 1071.89 914.88 770.88 681.38
0155 0.8595463037490845 58.11 629.52 395.21 612.14 398.80 681.71 61.70 699.08
0160 0.05887604504823685 887.73 891.33 1038.56 1022.64 1013.18 1051.79 862.35 920.48
0089 0.07058501988649368 10.40 330.62 40.28 328.99 45.33 421.73 15.45 423.36
0089 0.06503939628601074 548.91 413.96 633.14 496.19 617.08 512.63 532.85 430.40
0151 0.05114135891199112 215.90 499.87 252.20 485.49 319.38 655.03 283.08 669.41
0057 0.3215703070163727 594.94 183.29 613.53 164.99 666.51 218.80 647.93 237.10
0057 0.10629021376371384 620.33 719.78 778.66 759.96 770.32 792.80 611.99 752.62
0057 0.09258132427930832 421.62 166.14 465.24 164.11 473.30 336.83 429.68 338.86
0047 0.05933625251054764 808.69 915.07 840.07 900.18 886.59 998.21 855.21 1013.10
0025 0.12730525434017181 667.86 704.38 908.83 611.50 928.57 662.70 687.60 755.59
0161 0.20784428715705872 388.09 439.24 686.36 491.30 672.48 570.82 374.22 518.76
0161 0.1563526690006256 365.03 464.48 647.33 607.10 612.99 675.07 330.69 532.45
0161 0.09061706811189651 99.27 911.24 238.07 1027.29 214.38 1055.63 75.57 939.58
0161 0.07062344998121262 601.59 438.41 665.72 419.94 673.39 446.58 609.27 465.05
0161 0.06330102682113647 449.47 850.81 846.37 962.52 821.16 1052.09 424.26 940.37
0012 0.3657844662666321 745.87 1005.62 838.12 945.61 855.32 972.03 763.07 1032.05
0090 0.07658319920301437 251.91 162.54 270.77 149.00 338.27 243.06 319.41 256.60
0090 0.05462224408984184 136.11 22.47 152.39 8.48 238.60 108.80 222.32 122.79
0152 0.06896800547838211 600.89 500.06 644.60 498.35 652.32 695.39 608.60 697.10
0053 0.7666343450546265 336.76 410.98 584.29 329.05 599.55 375.15 352.02 457.08
0053 0.700599730014801 370.09 961.32 606.35 855.56 625.24 897.77 388.98 1003.53
0053 0.06158417463302612 932.49 816.97 969.31 810.87 996.24 973.59 959.41 979.68
0053 0.05303703248500824 951.74 811.28 981.86 799.42 1045.87 961.99 1015.75 973.85
0026 0.18045568466186523 125.19 546.19 147.56 533.08 203.60 628.71 181.23 641.82
0026 0.09698263555765152 325.73 205.64 363.14 195.63 401.39 338.62 363.98 348.63
0026 0.07698249071836472 8.15 718.85 138.33 681.70 149.13 719.55 18.95 756.70
0026 0.06270452588796616 301.07 524.76 324.46 507.92 383.02 589.24 359.63 606.08
0162 0.08425720781087875 786.18 914.28 905.79 980.84 893.42 1003.07 773.82 936.51
0162 0.05445489659905434 888.44 499.75 1014.51 623.66 991.66 646.91 865.59 523.00
0157 0.5090739727020264 678.22 668.03 738.94 703.43 728.99 720.49 668.27 685.09
0091 0.4485684037208557 360.56 522.18 407.40 503.60 491.69 716.09 444.85 734.68
0020 0.1913754642009735 179.17 786.70 406.81 953.43 361.32 1015.54 133.68 848.81
0020 0.05460537597537041 237.66 497.36 278.17 514.58 197.62 704.10 157.12 686.88
0054 0.05738769471645355 362.40 607.43 450.21 585.94 457.45 615.52 369.64 637.01
0059 0.8809399604797363 372.48 554.84 616.21 458.71 634.48 505.03 390.75 601.16
0059 0.29896628856658936 355.39 868.03 401.44 844.35 488.91 1014.40 442.86 1038.09
0059 0.26275819540023804 339.22 3.83 542.00 -34.64 550.24 8.81 347.46 47.27
0048 0.7791357040405273 732.00 814.05 976.59 730.32 992.17 775.84 747.58 859.57
0158 0.177067831158638 947.97 293.94 1014.31 343.84 1001.66 360.66 935.32 310.76
0027 0.5044631958007812 701.30 367.36 926.33 261.16 947.58 306.19 722.55 412.39
0027 0.08601728826761246 930.39 140.65 957.54 130.93 994.35 233.79 967.19 243.51
0027 0.08517912030220032 722.36 172.76 807.81 139.05 817.69 164.08 732.23 197.80
0021 0.4737701416015625 564.92 867.66 617.95 850.66 623.15 866.87 570.12 883.87
0021 0.38126909732818604 111.82 246.63 138.72 253.59 111.68 358.17 84.78 351.21
0021 0.14679060876369476 985.76 916.69 1044.22 898.82 1049.71 916.78 991.24 934.64
0092 0.05137038603425026 655.52 542.52 684.86 542.43 685.20 648.34 655.86 648.43
0055 0.0504055917263031 222.65 778.30 541.60 867.55 517.24 954.63 198.29 865.38
0159 0.3732309639453888 843.03 800.95 1056.08 927.15 1031.19 969.17 818.14 842.96
0159 0.16648732125759125 720.65 852.90 1084.87 944.43 1063.41 1029.85 699.18 938.31
0088 0.0602712482213974 936.82 817.90 1044.21 875.65 1031.11 900.01 923.72 842.27
0062 0.10246735066175461 221.28 323.92 388.02 362.10 380.52 394.86 213.78 356.68
0061 0.0624280646443367 854.65 275.82 990.11 325.57 981.10 350.10 845.64 300.35
0154 0.18755966424942017 470.65 687.94 561.89 654.64 569.44 675.34 478.21 708.64
0154 0.06810823082923889 603.91 650.99 685.41 632.49 689.63 651.07 608.13 669.57
0067 0.1112145185470581 879.10 70.88 913.31 66.32 935.88 235.42 901.67 239.98
0049 0.7928231358528137 332.66 809.52 582.21 728.47 597.05 774.16 347.50 855.20
0093 0.13756589591503143 36.53 125.91 245.87 138.41 243.81 172.84 34.48 160.33
0072 0.6895265579223633 263.66 579.86 286.38 589.09 248.86 681.47 226.14 672.24
0077 0.26121652126312256 361.07 400.26 381.92 414.49 338.15 478.63 317.29 464.40
0077 0.14522907137870789 118.67 672.48 203.31 629.76 218.01 658.87 133.37 701.60
0077 0.062156327068805695 740.32 138.88 756.60 144.73 735.43 203.65 719.16 197.81
0063 0.6641345620155334 775.35 146.45 1026.48 64.75 1041.00 109.38 789.87 191.07
0063 0.6574853658676147 757.60 471.15 804.46 447.51 910.60 657.91 863.75 681.55
0063 0.11840306222438812 859.67 869.69 896.52 857.23 951.25 1019.09 914.41 1031.55
0082 0.08880794048309326 894.37 767.85 954.17 761.68 979.20 1004.25 919.39 1010.42
0117 0.1908044070005417 127.80 910.84 198.16 866.47 215.61 894.13 145.25 938.50
0117 0.13192257285118103 807.10 0.74 1011.80 45.28 1004.18 80.29 799.48 35.75
0117 0.11101697385311127 617.51 -10.52 752.15 3.30 749.99 24.32 615.36 10.50
0117 0.057125192135572433 981.26 1012.70 1050.70 1013.37 1050.53 1031.20 981.09 1030.53
0117 0.052407003939151764 943.61 215.56 1001.96 203.27 1005.72 221.14 947.37 233.44
0122 0.17804256081581116 276.94 609.16 322.41 604.94 341.91 815.00 296.43 819.22
0122 0.1522211879491806 264.71 292.21 328.49 281.96 371.57 550.12 307.79 560.36
0068 0.3780481517314911 567.81 457.81 652.13 523.57 636.90 543.10 552.58 477.33
0132 0.45823967456817627 377.08 237.11 445.31 242.96 443.88 259.59 375.66 253.75
0078 0.9496614933013916 661.86 120.63 762.47 107.67 764.98 127.15 664.37 140.11
0073 0.4764748811721802 428.96 80.44 611.87 244.15 580.39 279.32 397.48 115.60
0073 0.08895549178123474 826.52 -29.97 1091.11 39.41 1071.90 112.68 807.30 43.30
0073 0.06404737383127213 12.26 486.94 126.77 549.16 114.73 571.32 0.22 509.10
0064 0.5837148427963257 9.68 149.00 212.76 62.32 230.82 104.62 27.74 191.30
0064 0.2566912770271301 -8.77 560.10 22.30 538.12 113.63 667.21 82.56 689.19
0064 0.176082044839859 59.16 864.36 93.50 851.08 154.94 1009.94 120.59 1023.23
0064 0.05837191268801689 810.65 -56.06 847.17 -68.24 907.46 112.55 870.94 124.73
0083 0.12499064207077026 95.54 369.26 123.46 367.24 130.51 464.89 102.60 466.91
0083 0.050917837768793106 524.50 81.21 641.08 113.44 633.55 140.66 516.97 108.42
0051 0.2989771068096161 241.29 648.10 284.59 638.77 319.32 799.99 276.03 809.32
0051 0.0688374862074852 629.31 -2.55 767.92 22.96 763.36 47.76 624.75 22.26
0051 0.05019579082727432 560.94 878.83 589.94 861.09 645.85 952.52 616.85 970.25
0118 0.08323672413825989 179.43 606.30 477.11 625.49 472.59 695.54 174.92 676.35
0069 0.6797155141830444 424.87 395.22 478.14 433.82 464.67 452.42 411.40 413.81
0069 0.4287397861480713 317.55 658.86 352.63 630.13 449.40 748.30 414.32 777.02
0069 0.17611251771450043 39.74 888.79 196.58 1017.32 167.22 1053.15 10.38 924.62
0069 0.07867524772882462 559.69 248.90 590.71 266.70 550.69 336.47 519.66 318.67
0069 0.06746996939182281 7.13 593.43 235.32 748.72 188.98 816.82 -39.21 661.53
0123 0.23214662075042725 640.60 663.23 673.01 644.48 775.37 821.48 742.96 840.23
0123 0.06477802246809006 655.02 51.23 683.16 42.77 715.99 151.93 687.86 160.40
0123 0.06455796211957932 -62.96 -21.30 276.51 66.68 254.22 152.69 -85.25 64.71
0123 0.0563085675239563 647.01 322.73 921.85 264.62 937.88 340.47 663.05 398.58
0133 0.5980550050735474 642.30 220.53 724.74 291.70 705.44 314.07 622.99 242.89
0079 0.7455800771713257 530.89 69.23 599.16 88.68 593.13 109.84 524.86 90.39
0065 0.6369714736938477 751.81 67.82 801.98 44.46 908.59 273.40 858.42 296.76
0065 0.06770897656679153 899.03 471.48 935.49 475.67 915.75 647.58 879.30 643.39
0084 0.11441827565431595 925.96 588.06 955.00 591.89 939.63 708.51 910.59 704.68
0137 0.859287440776825 557.41 549.71 585.61 545.68 596.93 624.83 568.73 628.86
0137 0.7167097926139832 312.01 604.86 341.14 597.71 360.63 677.18 331.50 684.32
0137 0.6820682883262634 183.24 950.28 218.79 943.13 236.76 1032.50 201.21 1039.65
0070 0.7694268226623535 289.88 874.60 351.26 848.85 358.04 865.02 296.67 890.76
0070 0.5510082244873047 572.25 56.73 649.24 124.45 630.74 145.49 553.75 77.77
0134 0.5066923499107361 500.14 672.20 522.30 655.02 587.64 739.23 565.48 756.42
0124 0.20439788699150085 164.02 864.73 268.82 841.93 275.28 871.64 170.49 894.44
0124 0.051202841103076935 -120.96 10.02 215.85 10.34 215.77 89.18 -121.04 88.86
0080 0.17457051575183868 634.09 724.06 842.17 607.94 864.92 648.71 656.84 764.84
0080 0.14038629829883575 680.20 533.36 845.39 448.72 860.62 478.44 695.42 563.07
0080 0.08674401789903641 609.55 248.30 850.69 153.26 871.18 205.24 630.04 300.28
0119 0.28124675154685974 650.62 793.77 824.07 735.85 834.36 766.65 660.90 824.57
0066 0.4978189766407013 360.35 76.53 410.01 51.93 516.35 266.61 466.69 291.21
0066 0.062517911195755 487.66 467.91 526.16 466.89 530.85 643.86 492.34 644.88
0085 0.11618297547101974 33.32 689.29 70.62 688.83 72.63 852.13 35.34 852.59
0135 0.7236056923866272 106.11 271.02 131.22 256.28 179.58 338.62 154.47 353.37
0135 0.509742021560669 2.04 683.18 28.10 666.79 90.34 765.69 64.29 782.09
0135 0.4624474346637726 689.38 -10.99 797.17 95.78 767.84 125.39 660.05 18.62
0125 0.2611444294452667 173.73 474.33 269.25 439.24 278.12 463.40 182.60 498.49
0125 0.10393808037042618 212.70 850.41 261.53 847.96 271.54 1048.09 222.71 1050.53
0071 0.6773528456687927 422.34 -5.73 480.15 33.97 465.74 54.96 407.92 15.26
0071 0.3336349129676819 38.17 493.79 216.06 638.59 185.48 676.16 7.59 531.36
0071 0.0879116803407669 -9.00 185.98 228.87 321.59 187.68 393.84 -50.19 258.23
0076 0.1284669041633606 277.22 525.57 374.85 506.82 378.20 524.25 280.57 543.00
0120 0.7270245552062988 339.24 360.73 475.50 319.64 483.56 346.38 347.30 387.46
0130 0.6137819886207581 796.30 268.09 839.23 249.25 920.03 433.42 877.09 452.26
0142 0.15048418939113617 457.04 867.03 652.86 794.42 666.46 831.10 470.64 903.71
0142 0.09956302493810654 450.06 434.23 642.07 317.96 667.67 360.24 475.66 476.51
0142 0.06269539892673492 727.79 329.10 878.99 267.38 890.74 296.16 739.54 357.87
0142 0.06010981276631355 870.91 619.18 895.35 603.52 955.38 697.22 930.94 712.88
0139 0.28294453024864197 400.73 277.90 479.94 212.29 495.10 230.59 415.89 296.20
0136 0.8171371817588806 820.54 280.28 848.02 271.44 883.37 381.32 855.89 390.16
0126 0.305527925491333 704.67 581.61 759.45 537.83 772.19 553.77 717.41 597.55
0126 0.22397281229496002 595.18 0.93 653.78 -4.70 676.91 235.91 618.31 241.54
0126 0.08647017925977707 48.72 528.28 83.82 538.62 48.63 658.00 13.53 647.66
0126 0.08314571529626846 292.72 410.48 381.57 372.70 394.34 402.74 305.49 440.52
0086 0.18110622465610504 31.14 627.90 116.95 629.48 116.44 657.49 30.62 655.92
0086 0.11881309002637863 451.26 262.27 485.00 266.01 465.92 438.02 432.18 434.28
0131 0.6812430024147034 776.37 634.27 844.69 647.53 841.56 663.65 773.24 650.39
0131 0.05872447416186333 981.80 943.54 994.76 931.95 1041.23 983.87 1028.27 995.47
0101 0.6314876675605774 303.60 508.81 328.86 510.43 323.64 591.31 298.39 589.68
0101 0.07383016496896744 995.96 413.53 1011.62 398.13 1050.04 437.19 1034.38 452.59
0101 0.0521879643201828 998.48 482.60 1012.67 472.39 1047.52 520.86 1033.33 531.07
0147 0.21586202085018158 555.76 688.93 823.31 610.67 836.93 657.25 569.39 735.51
0140 0.19563060998916626 846.96 825.88 1030.39 746.35 1044.98 780.00 861.55 859.53
0172 0.5344268679618835 174.38 792.30 191.76 800.25 162.76 863.67 145.37 855.72
0167 0.4831279218196869 367.21 220.17 411.77 239.18 335.22 418.63 290.66 399.63
0177 0.1503683179616928 600.47 667.43 619.84 648.80 712.59 745.22 693.22 763.85
0102 0.05976215377449989 814.74 615.44 1118.76 811.01 1070.18 886.52 766.17 690.95
0163 0.23905041813850403 7.06 934.59 31.38 916.42 94.21 1000.49 69.89 1018.67
0163 0.21190939843654633 396.11 48.90 634.43 250.98 582.76 311.91 344.44 109.82
0163 0.14759528636932373 444.72 -4.07 694.42 149.04 667.53 192.89 417.84 39.78
0163 0.06825230270624161 471.09 615.61 625.21 724.05 604.25 753.85 450.12 645.42
0109 0.5484681725502014 56.32 859.07 147.40 837.66 151.71 856.01 60.63 877.42
0148 0.4136812090873718 153.80 300.59 405.92 194.95 423.86 237.78 171.75 343.42
0148 0.23282615840435028 172.27 773.04 396.31 638.34 420.01 677.77 195.98 812.47
0114 0.1683705598115921 954.75 1007.32 1015.18 1003.28 1016.34 1020.70 955.91 1024.73
0114 0.1247769147157669 811.64 778.30 1032.52 844.44 1020.27 885.34 799.39 819.20
0173 0.7151013612747192 465.96 767.95 501.88 791.28 400.66 947.10 364.75 923.78
0144 0.08746559917926788 47.00 77.64 265.20 4.50 276.18 37.24 57.98 110.39
0168 0.09179159998893738 9.79 223.53 50.33 217.72 69.96 354.85 29.41 360.66
0168 0.05522498860955238 438.07 683.37 509.24 748.45 488.27 771.38 417.10 706.30
0178 0.16595539450645447 701.51 747.27 719.92 759.99 679.39 818.64 660.98 805.92
0164 0.33878853917121887 799.97 512.11 894.77 587.55 876.00 611.14 781.20 535.71
0164 0.1301933079957962 949.16 824.34 1013.40 862.81 997.95 888.62 933.70 850.14
0164 0.06497404724359512 863.15 106.92 1020.61 221.49 1000.18 249.56 842.73 135.00
0103 0.6190666556358337 815.71 107.73 841.35 117.30 803.56 218.47 777.92 208.90
0149 0.41242560744285583 54.14 552.31 116.42 576.60 109.54 594.23 47.26 569.94
0149 0.07469707727432251 648.37 956.68 751.58 1004.76 738.10 1033.70 634.88 985.62
0174 0.8393218517303467 139.21 540.13 162.49 539.87 163.48 628.34 140.20 628.60
0174 0.7812650203704834 681.80 393.68 704.57 391.28 712.63 467.85 689.87 470.25
0169 0.8804827332496643 949.34 140.24 974.84 141.30 971.01 232.89 945.52 231.82
0169 0.06827066838741302 944.60 110.36 1024.01 181.54 1008.81 198.51 929.39 127.32
0115 0.19519971311092377 542.43 519.96 583.12 494.25 699.81 678.93 659.11 704.64
0115 0.1317981630563736 959.05 17.62 977.40 1.50 1035.93 68.17 1017.58 84.28
0106 0.6164469122886658 569.03 79.69 595.18 78.23 599.17 149.88 573.01 151.33
0165 0.22191742062568665 544.54 417.46 604.98 474.62 585.65 495.06 525.21 437.91
0165 0.11325453966856003 397.73 101.46 499.29 191.70 480.50 212.85 378.94 122.61
0165 0.06805820018053055 392.46 819.92 427.79 838.40 352.30 982.66 316.97 964.17
0017 0.11855079978704453 50.78 420.31 135.01 488.89 120.57 506.62 36.35 438.03
0017 0.06835825741291046 737.48 588.59 867.58 693.23 846.90 718.94 716.80 614.30
0017 0.05813295766711235 576.10 55.36 658.27 131.06 643.02 147.61 560.85 71.92
0175 0.4454541802406311 941.26 135.47 966.42 133.87 971.88 219.60 946.72 221.20
0110 0.5496158003807068 57.37 460.94 140.18 435.15 146.26 454.69 63.45 480.48
0170 0.13704204559326172 176.03 804.97 235.82 812.46 232.73 837.14 172.94 829.65
0116 0.06267305463552475 185.58 330.24 254.83 298.26 266.26 323.02 197.01 355.00
0116 0.057311899960041046 115.90 -54.88 147.49 -72.53 222.07 60.94 190.48 78.59
0107 0.4477100968360901 57.79 841.28 341.70 743.99 358.73 793.66 74.81 890.96
0107 0.061676304787397385 657.68 730.89 690.81 724.56 724.98 903.40 691.85 909.73
0166 0.9022101163864136 551.36 938.26 575.30 940.16 568.07 1031.54 544.12 1029.65
0166 0.0515362024307251 499.94 941.80 521.15 932.06 575.07 1049.51 553.85 1059.25
0022 0.3451436460018158 535.26 388.20 592.09 341.72 786.33 579.23 729.50 625.71
0022 0.050172071903944016 648.75 106.97 675.68 126.67 556.20 289.96 529.27 270.26
0176 0.27288761734962463 782.65 362.57 851.88 331.72 860.49 351.04 791.26 381.89
0105 0.6568458080291748 168.33 873.13 194.10 870.55 202.15 951.09 176.39 953.67
0014 0.8081182241439819 631.41 191.86 656.57 188.53 666.86 266.22 641.70 269.56
0171 0.0631764680147171 527.60 164.62 544.67 158.08 565.87 213.49 548.80 220.02
0108 0.2598392069339752 452.81 440.87 733.91 340.59 752.51 392.73 471.41 493.02
0029 0.553575873374939 825.61 943.80 1061.18 874.75 1074.17 919.04 838.59 988.09
0029 0.3616442084312439 780.35 491.55 1034.38 414.93 1047.98 459.99 793.94 536.61
0029 0.05946699157357216 774.22 908.74 1003.74 1022.56 983.25 1063.90 753.73 950.08
0016 0.6998928785324097 740.50 213.56 840.52 148.62 857.30 174.47 757.28 239.41
0112 0.06475745886564255 665.99 992.42 807.85 987.09 809.04 1018.66 667.18 1023.99
0030 0.564702570438385 829.37 533.98 1067.96 480.59 1077.99 525.40 839.40 578.80
0030 0.20980508625507355 794.29 112.14 990.37 2.51 1010.69 38.86 814.61 148.49
