0192 0.28597962856292725 652.54 746.45 676.83 768.52 584.13 870.53 559.84 848.46
0182 0.2584407329559326 970.72 60.98 1045.12 117.71 1029.24 138.54 954.84 81.82
0182 0.061541277915239334 692.47 869.04 751.31 850.16 756.80 867.28 697.96 886.16
0005 0.06779836118221283 632.68 846.85 744.61 917.82 730.87 939.48 618.95 868.51
0044 0.0950193703174591 15.80 286.15 42.63 273.70 87.54 370.47 60.71 382.92
0044 0.09263250231742859 913.00 570.87 940.44 562.56 979.80 692.57 952.37 700.88
0044 0.07728403061628342 783.77 88.41 814.19 77.63 868.59 231.17 838.18 241.95
0044 0.058828361332416534 599.87 439.88 624.77 427.57 675.49 530.19 650.59 542.50
0013 0.11399254947900772 818.36 48.02 942.39 118.28 925.77 147.63 801.74 77.37
0018 0.07111561298370361 617.97 695.79 675.52 732.24 666.03 747.21 608.49 710.76
0187 0.07657404989004135 690.72 64.03 755.64 49.45 760.69 71.90 695.76 86.48
0197 0.12933287024497986 767.72 243.00 795.77 240.40 803.35 322.27 775.30 324.87
0097 0.2963450849056244 379.16 304.78 548.40 385.84 534.19 415.52 364.95 334.46
0097 0.25587746500968933 788.32 391.61 874.92 459.08 856.14 483.19 769.53 415.72
0097 0.24302420020103455 224.71 391.52 386.46 474.34 371.37 503.81 209.62 420.99
0097 0.19916892051696777 360.18 330.74 485.47 407.36 473.81 426.42 348.52 349.80
0097 0.18446797132492065 863.76 -30.55 1022.67 39.91 1008.39 72.11 849.48 1.65
0097 0.17660106718540192 203.75 417.52 286.89 474.65 272.95 494.94 189.80 437.82
0097 0.1282319277524948 514.55 434.96 631.41 519.14 616.65 539.63 499.79 455.45
0097 0.1036386713385582 791.45 4.61 957.93 97.11 939.08 131.04 772.60 38.54
0097 0.09037947654724121 836.09 -4.80 992.28 65.59 978.17 96.90 821.98 26.52
0097 0.051442936062812805 557.70 405.78 663.67 501.38 644.87 522.22 538.90 426.62
0193 0.13711830973625183 846.19 30.37 877.83 42.08 827.87 177.01 796.23 165.29
0019 0.21550105512142181 1008.65 764.84 1031.82 779.21 967.07 883.57 943.90 869.20
0045 0.10080127418041229 319.69 518.68 344.88 514.67 367.02 653.77 341.82 657.78
0045 0.093241848051548 406.37 508.78 429.97 495.95 499.50 623.86 475.90 636.69
0045 0.08172295987606049 342.79 525.76 366.62 519.89 400.22 656.47 376.38 662.33
0045 0.057597286999225616 378.37 520.27 398.93 505.80 487.96 632.29 467.41 646.76
0045 0.052970122545957565 358.52 526.89 380.91 517.17 440.04 653.38 417.64 663.10
0006 0.3748108744621277 118.36 20.32 143.79 -0.82 244.56 120.47 219.13 141.60
0006 0.11938966065645218 637.89 820.51 771.52 745.51 789.30 777.19 655.67 852.20
0006 0.07404923439025879 92.92 35.79 124.52 14.66 223.12 162.06 191.52 183.20
0006 0.057792626321315765 132.82 -8.16 151.70 -23.68 257.55 105.10 238.67 120.62
0183 0.5366442203521729 10.14 628.73 114.92 704.79 101.31 723.54 -3.47 647.49
0183 0.4436374306678772 154.07 740.50 242.75 805.47 231.29 821.12 142.60 756.15
0183 0.3410325050354004 32.81 574.75 153.73 665.05 137.71 686.50 16.79 596.19
0183 0.2928319573402405 321.82 778.04 443.25 892.51 421.23 915.88 299.80 801.41
0183 0.19608528912067413 37.03 887.20 123.35 952.47 106.99 974.10 20.68 908.83
0183 0.19556206464767456 427.76 479.84 612.29 649.00 581.49 682.59 396.96 513.43
0183 0.18303810060024261 14.71 602.83 136.70 686.71 122.04 708.03 0.05 624.15
0183 0.16825518012046814 98.46 352.20 195.13 326.68 201.55 351.00 104.88 376.52
0183 0.15154285728931427 160.81 710.87 254.02 773.86 241.95 791.71 148.75 728.72
0183 0.14085856080055237 826.33 -9.66 876.71 37.95 860.05 55.58 809.67 7.97
0183 0.07618352025747299 304.78 167.28 462.45 145.82 468.54 190.55 310.86 212.01
0183 0.05833085626363754 -18.98 642.57 -0.72 626.53 95.69 736.33 77.43 752.36
0001 0.1430395245552063 660.88 791.38 781.89 872.23 769.44 890.86 648.44 810.01
0001 0.07479280978441238 499.87 640.17 537.72 603.81 699.90 772.63 662.04 808.99
0001 0.06832095235586166 943.96 125.56 988.18 106.60 1062.96 280.99 1018.74 299.95
0001 0.05949517339468002 820.50 320.21 839.96 301.33 886.83 349.65 867.37 368.53
0001 0.05072001367807388 97.78 41.60 160.79 33.66 163.69 56.68 100.68 64.62
0188 0.5622195601463318 744.73 -3.07 859.09 97.06 836.88 122.43 722.51 22.30
0098 0.10864267498254776 692.77 897.08 718.11 893.08 733.06 988.05 707.73 992.04
0040 0.141660675406456 590.32 848.51 615.34 831.30 674.54 917.35 649.51 934.57
0040 0.10416301339864731 790.92 476.11 817.76 467.45 866.01 616.87 839.17 625.53
0094 0.3683323264122009 258.34 903.81 279.21 894.59 317.07 980.22 296.20 989.45
0094 0.2597046494483948 787.32 468.13 810.10 484.89 733.17 589.51 710.38 572.75
0094 0.07182509452104568 -13.34 549.65 122.86 475.56 139.07 505.35 2.87 579.45
0179 0.08955435454845428 732.10 834.32 804.99 890.31 784.55 916.91 711.67 860.93
0194 0.13578961789608002 36.54 793.93 125.16 786.93 127.04 810.75 38.42 817.74
0189 0.10622949153184891 657.67 295.87 696.02 266.17 811.71 415.58 773.37 445.27
0184 0.12856492400169373 655.58 582.37 681.60 590.40 653.15 682.54 627.12 674.51
0002 0.26175978779792786 417.95 786.02 439.79 770.81 488.65 840.97 466.81 856.18
0002 0.06824607402086258 927.24 87.76 958.93 91.29 944.75 218.35 913.05 214.81
0002 0.06471164524555206 574.42 563.43 610.22 536.21 743.08 710.90 707.29 738.12
0099 0.11992719769477844 106.78 35.92 246.82 109.08 234.19 133.25 94.15 60.09
0099 0.08127009123563766 130.39 24.18 266.69 89.99 254.79 114.65 118.48 48.84
0099 0.06527936458587646 397.54 -4.68 465.00 57.57 444.65 79.63 377.19 17.37
0007 0.26163792610168457 -25.34 871.83 80.41 943.99 64.25 967.67 -41.50 895.50
0199 0.06968210637569427 788.06 763.21 853.84 729.04 863.49 747.63 797.72 781.80
0195 0.13446317613124847 825.23 498.60 852.29 493.65 865.62 566.53 838.56 571.48
0180 0.09109384566545486 710.24 932.74 894.12 1013.88 877.48 1051.60 693.59 970.46
0180 0.053606897592544556 709.55 978.31 842.77 1036.42 831.50 1062.26 698.28 1004.15
0185 0.6395779252052307 313.26 584.41 414.52 667.77 396.16 690.07 294.90 606.71
0185 0.5489985346794128 333.70 809.07 356.06 789.08 455.80 900.62 433.44 920.61
0185 0.3078254163265228 375.12 187.38 530.05 309.09 510.27 334.27 355.33 212.57
0185 0.289732962846756 456.91 508.23 518.58 554.04 505.01 572.31 443.34 526.49
0185 0.22924113273620605 824.86 82.80 1014.93 238.70 984.33 276.00 794.26 120.11
0185 0.15958130359649658 728.56 382.00 855.63 506.30 832.90 529.53 705.84 405.23
0185 0.14172105491161346 420.18 174.49 557.20 265.64 543.43 286.34 406.41 195.19
0185 0.07264339178800583 552.84 346.40 647.97 411.88 637.66 426.86 542.53 361.37
0185 0.05651596188545227 558.93 318.59 667.88 392.45 653.12 414.21 544.17 340.35
0185 0.05413060262799263 875.01 625.43 895.01 631.21 874.90 700.81 854.90 695.03
0095 0.24785810708999634 870.87 742.89 1036.64 876.13 1011.78 907.06 846.01 773.82
0041 0.08822379261255264 419.11 907.00 441.10 894.86 497.71 997.36 475.73 1009.50
0181 0.10046947747468948 712.37 556.90 869.42 547.36 871.71 585.11 714.67 594.65
0181 0.07866857200860977 411.93 979.39 520.89 1015.77 511.74 1043.20 402.78 1006.81
0181 0.06957598030567169 500.73 747.38 606.35 752.68 605.17 776.27 499.55 770.97
0181 0.05540706217288971 947.05 459.59 978.23 459.03 979.98 556.97 948.80 557.53
0181 0.051584064960479736 495.33 719.69 602.86 727.85 601.10 751.05 493.57 742.90
0200 0.30260488390922546 551.55 607.74 580.05 616.75 541.74 737.82 513.25 728.80
0196 0.44687968492507935 781.96 226.65 868.85 295.22 850.84 318.05 763.95 249.47
0196 0.06102559715509415 216.87 995.71 363.62 997.47 363.23 1030.10 216.47 1028.33
0196 0.05647308751940727 899.67 30.32 926.55 39.84 882.69 163.64 855.81 154.11
0003 0.053723327815532684 718.74 107.01 784.06 158.30 765.69 181.70 700.37 130.40
0037 0.07986431568861008 783.92 874.57 808.71 863.00 875.30 1005.70 850.51 1017.27
0037 0.05295060575008392 766.56 913.91 789.18 899.00 886.05 1045.92 863.44 1060.83
0186 0.36183977127075195 1025.67 636.89 1057.49 664.38 934.67 806.55 902.85 779.06
0042 0.24669526517391205 444.50 766.02 572.78 777.81 570.64 801.10 442.36 789.31
0042 0.1004994809627533 614.24 323.55 661.17 370.44 646.21 385.41 599.28 338.52
0096 0.2101162225008011 314.67 872.71 430.72 986.56 408.17 1009.54 292.12 895.70
0096 0.15071992576122284 458.70 341.94 634.06 469.37 608.56 504.46 433.20 377.03
0096 0.14445245265960693 370.96 812.54 391.09 793.84 453.10 860.62 432.97 879.32
0096 0.10092339664697647 -73.96 712.14 130.47 773.20 118.33 813.86 -86.10 752.81
0096 0.09823965281248093 111.54 838.54 246.20 905.41 233.99 930.01 99.33 863.15
0096 0.08541886508464813 147.59 823.14 269.17 878.53 257.77 903.56 136.19 848.17
0096 0.07121314853429794 273.02 893.03 475.80 1045.29 449.22 1080.70 246.43 928.43
0015 0.4329603612422943 567.14 467.36 581.53 453.91 652.24 529.58 637.85 543.03
0015 0.2950095534324646 763.90 338.37 897.58 427.96 884.46 447.54 750.77 357.96
0015 0.2568824887275696 682.64 734.73 755.47 772.63 741.86 798.79 669.03 760.88
0015 0.17791849374771118 593.37 425.79 733.65 524.10 720.37 543.04 580.09 444.74
0015 0.1655699461698532 37.32 810.53 136.87 883.20 117.67 909.50 18.12 836.82
0015 0.08554168790578842 813.50 663.58 838.79 639.18 917.27 720.50 891.98 744.91
0009 0.23230737447738647 22.76 494.98 87.91 540.43 71.41 564.08 6.27 518.62
0009 0.05214507505297661 27.57 713.74 108.00 763.08 90.15 792.18 9.72 742.84
0010 0.09013737738132477 735.19 610.25 973.68 816.16 935.70 860.16 697.20 654.24
0010 0.057351332157850266 653.82 199.26 741.25 231.00 732.09 256.25 644.65 224.52
0010 0.05305381119251251 25.46 127.09 89.72 185.48 74.31 202.44 10.05 144.06
0023 0.232357457280159 995.45 -12.75 1018.89 0.30 970.83 86.67 947.39 73.63
0038 0.10111596435308456 31.49 907.01 59.09 898.75 92.47 1010.21 64.87 1018.47
0004 0.14845095574855804 963.59 546.44 993.08 551.35 976.61 650.29 947.12 645.38
0028 0.2913944125175476 376.99 467.86 516.87 502.76 510.79 527.13 370.91 492.24
0028 0.23257885873317719 501.03 503.59 702.17 519.29 699.71 550.70 498.58 535.00
0036 0.10871344804763794 478.87 118.84 616.02 51.08 631.33 82.06 494.18 149.82
0024 0.4687730669975281 689.69 532.91 709.64 515.24 782.13 597.13 762.18 614.80
0024 0.1134316697716713 792.68 611.75 907.56 704.77 884.87 732.79 770.00 639.76
0155 0.08864880353212357 53.62 637.06 385.89 602.14 393.15 671.23 60.88 706.16
0160 0.21242007613182068 863.27 920.74 982.26 1006.77 966.86 1028.07 847.87 942.04
0160 0.194676011800766 887.73 891.33 1038.56 1022.64 1013.18 1051.79 862.35 920.48
0160 0.054827768355607986 870.47 860.41 1087.85 974.09 1067.18 1013.62 849.80 899.94
0089 0.44073420763015747 95.74 625.20 118.12 621.93 136.78 749.62 114.40 752.89
0089 0.4146766662597656 537.95 428.85 558.57 412.05 634.79 505.61 614.17 522.41
0089 0.3181547224521637 37.05 464.60 60.48 455.98 105.08 577.13 81.64 585.76
0089 0.24201394617557526 13.42 326.23 44.53 326.92 42.35 424.80 11.24 424.11
0089 0.20086246728897095 645.14 548.23 665.75 535.69 744.07 664.43 723.46 676.97
0089 0.06594355404376984 616.48 694.82 689.80 761.49 671.11 782.04 597.79 715.38
0151 0.14092940092086792 435.67 916.34 461.10 909.44 494.25 1031.70 468.82 1038.60
0151 0.10989649593830109 372.81 915.45 399.33 910.55 424.33 1045.74 397.81 1050.64
0151 0.09004885703325272 638.68 892.77 664.11 890.74 675.32 1031.33 649.89 1033.35
0151 0.07706139981746674 573.57 911.45 612.51 894.81 697.68 1093.99 658.75 1110.64
0151 0.06179817020893097 215.90 499.87 252.20 485.49 319.38 655.03 283.08 669.41
0151 0.05450792983174324 381.56 920.07 419.28 900.71 515.90 1089.00 478.18 1108.36
0057 0.6363898515701294 634.25 724.30 782.69 771.69 774.24 798.15 625.80 750.76
0057 0.36150649189949036 595.48 184.00 616.13 164.98 664.17 217.13 643.51 236.15
0057 0.28393852710723877 442.12 694.00 586.97 708.54 584.70 731.09 439.86 716.55
0057 0.10228107124567032 421.62 166.14 465.24 164.11 473.30 336.83 429.68 338.86
0057 0.05443224310874939 359.49 229.04 392.49 214.36 440.40 322.04 407.40 336.72
0032 0.15838828682899475 763.57 214.68 790.22 220.80 756.68 366.95 730.03 360.84
0052 0.12501496076583862 821.95 506.29 851.18 498.56 885.25 627.43 856.02 635.15
0047 0.10336440056562424 808.69 915.07 840.07 900.18 886.59 998.21 855.21 1013.10
0025 0.052013225853443146 926.38 946.43 954.62 931.88 1004.72 1029.10 976.48 1043.65
0161 0.17742791771888733 99.27 911.24 238.07 1027.29 214.38 1055.63 75.57 939.58
0161 0.16999958455562592 457.29 379.76 649.14 549.64 619.53 583.08 427.68 413.20
0161 0.08368083834648132 66.05 932.79 187.90 1021.07 173.56 1040.87 51.71 952.59
0012 0.07109800726175308 752.63 999.30 849.41 961.04 859.56 986.72 762.78 1024.98
0090 0.5017706155776978 249.57 160.53 268.43 146.55 340.45 243.70 321.58 257.69
0090 0.4622267782688141 136.11 22.47 152.39 8.48 238.60 108.80 222.32 122.79
0090 0.25589048862457275 164.11 379.52 181.40 365.67 250.71 452.23 233.41 466.08
0090 0.08426030725240707 111.29 379.87 132.01 363.51 244.83 506.32 224.12 522.68
0152 0.19286783039569855 597.10 505.88 638.80 501.59 658.26 691.01 616.57 695.30
0152 0.18546609580516815 439.79 521.57 462.05 514.93 497.71 634.46 475.45 641.10
0152 0.06680878251791 615.25 509.12 642.25 497.91 695.47 626.08 668.47 637.30
0033 0.09333723783493042 763.17 26.91 901.67 102.12 887.34 128.51 748.84 53.31
0053 0.2101278305053711 951.74 811.28 981.86 799.42 1045.87 961.99 1015.75 973.85
0053 0.20820114016532898 375.08 957.33 621.38 860.53 638.12 903.10 391.81 999.90
0053 0.19033168256282806 236.02 721.48 260.84 716.60 289.34 861.67 264.52 866.54
0053 0.15920566022396088 932.49 816.97 969.31 810.87 996.24 973.59 959.41 979.68
0053 0.13622894883155823 333.75 415.52 584.53 322.38 602.26 370.11 351.48 463.26
0053 0.13329488039016724 596.73 706.88 621.85 693.88 679.32 804.92 654.20 817.92
0053 0.13179941475391388 913.89 861.90 937.54 855.73 972.84 991.00 949.20 997.18
0053 0.09423037618398666 29.00 505.22 58.69 499.49 83.54 628.27 53.85 634.00
0053 0.0608164444565773 968.78 786.59 993.24 769.67 1072.41 884.08 1047.95 901.00
0053 0.055077262222766876 841.33 892.63 877.54 860.35 1056.20 1060.80 1019.99 1093.08
0058 0.16594234108924866 810.07 122.86 837.43 109.87 890.95 222.63 863.58 235.62
0026 0.392043799161911 122.86 545.74 147.99 531.72 201.14 627.02 176.02 641.04
0026 0.17217089235782623 301.07 524.76 324.46 507.92 383.02 589.24 359.63 606.08
0026 0.14107951521873474 470.80 612.94 496.44 607.81 523.48 743.06 497.84 748.18
0026 0.1386084109544754 325.73 205.64 363.14 195.63 401.39 338.62 363.98 348.63
0026 0.13387401401996613 8.15 718.85 138.33 681.70 149.13 719.55 18.95 756.70
0026 0.10963074862957001 720.69 614.70 742.28 605.99 793.15 732.06 771.56 740.78
0026 0.0853605642914772 513.37 606.32 537.44 597.85 587.79 740.90 563.72 749.37
0162 0.4672219753265381 795.95 910.28 901.82 1002.10 886.60 1019.64 780.74 927.82
0162 0.30753782391548157 888.44 499.75 1014.51 623.66 991.66 646.91 865.59 523.00
0162 0.1394955962896347 723.56 592.10 880.74 693.37 866.16 716.01 708.97 614.75
0162 0.13351638615131378 681.85 619.10 887.02 708.09 871.50 743.87 666.33 654.88
0162 0.096804678440094 885.70 448.45 1058.06 600.62 1031.09 631.18 858.72 479.01
0162 0.07374630123376846 874.28 713.87 1016.17 839.10 991.44 867.12 849.55 741.89
0162 0.07320372760295868 746.85 899.39 924.32 1049.89 895.58 1083.78 718.11 933.28
0157 0.10343990474939346 678.22 668.03 738.94 703.43 728.99 720.49 668.27 685.09
0157 0.07199564576148987 733.31 731.65 765.12 736.79 747.98 842.78 716.17 837.63
0091 0.20952275395393372 382.50 522.44 428.12 514.42 464.15 719.34 418.53 727.36
0020 0.08258773386478424 237.66 497.36 278.17 514.58 197.62 704.10 157.12 686.88
0054 0.2490723431110382 631.31 820.51 660.10 827.07 618.61 1009.35 589.81 1002.79
0054 0.1602112054824829 535.71 831.55 569.43 823.96 612.46 1015.15 578.74 1022.74
0054 0.13986268639564514 525.35 860.95 549.06 856.73 575.20 1003.65 551.49 1007.87
0054 0.13639335334300995 781.89 798.76 804.52 791.33 854.85 944.70 832.22 952.12
0054 0.13407966494560242 816.16 779.60 837.34 770.32 899.82 912.84 878.63 922.13
0054 0.12072630226612091 689.02 806.29 712.61 795.06 784.86 946.74 761.28 957.97
0054 0.1202830895781517 362.40 607.43 450.21 585.94 457.45 615.52 369.64 637.01
0054 0.09274811297655106 388.36 292.47 410.06 279.13 487.44 405.02 465.74 418.36
0054 0.09147178381681442 793.14 786.12 817.15 776.21 884.87 940.28 860.86 950.19
0054 0.08641546964645386 730.49 802.60 755.29 795.83 798.79 955.18 773.99 961.95
0054 0.06717170029878616 757.77 792.38 781.87 788.02 810.21 944.97 786.11 949.32
0054 0.0515785738825798 445.94 874.46 483.02 851.08 621.85 1071.23 584.77 1094.61
0059 0.26695454120635986 354.99 866.47 391.25 844.84 488.57 1007.96 452.32 1029.59
0059 0.23835600912570953 237.45 327.96 265.28 321.95 299.25 479.24 271.42 485.25
0059 0.2167450189590454 375.79 569.23 621.31 453.59 641.67 496.83 396.16 612.47
0059 0.13492703437805176 339.22 3.83 542.00 -34.64 550.24 8.81 347.46 47.27
0059 0.12271540611982346 924.78 437.00 956.88 429.29 997.54 598.57 965.45 606.28
0059 0.09624413400888443 963.22 403.91 991.26 397.71 1028.95 568.11 1000.91 574.31
0059 0.08491860330104828 594.61 293.15 626.61 282.21 671.69 414.07 639.69 425.01
0059 0.07514560967683792 30.45 96.10 57.95 92.14 78.33 233.83 50.83 237.78
0059 0.05872089043259621 973.77 395.76 999.30 385.46 1051.66 515.16 1026.13 525.46
0059 0.0528034083545208 295.42 890.49 334.90 859.00 501.03 1067.33 461.54 1098.82
0034 0.10947014391422272 83.33 124.42 204.60 50.33 221.05 77.26 99.78 151.35
0048 0.13651224970817566 732.00 814.05 976.59 730.32 992.17 775.84 747.58 859.57
0158 0.2274698168039322 941.37 286.36 1026.59 343.88 1011.82 365.76 926.60 308.24
0158 0.15101034939289093 360.68 76.46 489.01 94.83 485.09 122.17 356.77 103.80
0027 0.2832966148853302 925.09 149.13 949.90 136.18 1000.27 232.69 975.46 245.64
0027 0.1353597491979599 709.36 362.81 935.91 258.60 956.70 303.81 730.16 408.02
0027 0.13189014792442322 602.28 228.52 702.90 302.36 682.54 330.11 581.91 256.26
0027 0.07442664355039597 722.36 172.76 807.81 139.05 817.69 164.08 732.23 197.80
0027 0.055023275315761566 956.86 165.75 976.99 148.83 1057.38 244.48 1037.24 261.40
0021 0.11151856184005737 563.28 866.12 623.26 852.51 626.98 868.90 567.00 882.51
0021 0.0652710571885109 111.82 246.63 138.72 253.59 111.68 358.17 84.78 351.21
0092 0.14124777913093567 655.52 542.52 684.86 542.43 685.20 648.34 655.86 648.43
0060 0.31210991740226746 432.32 383.32 461.86 375.95 497.95 520.68 468.40 528.05
0060 0.11371001601219177 167.91 400.79 200.79 402.38 192.03 584.21 159.15 582.62
0060 0.10743962228298187 195.87 407.50 223.75 405.16 236.43 556.43 208.55 558.77
0060 0.0640471875667572 143.40 421.34 175.16 425.24 154.08 596.59 122.33 592.69
0055 0.2798152267932892 218.42 811.69 246.15 814.43 227.29 1005.45 199.56 1002.71
0055 0.1603221893310547 164.31 816.66 197.59 814.24 210.34 989.75 177.05 992.16
0055 0.13500772416591644 398.74 784.14 421.71 771.17 503.79 916.56 480.82 929.53
0055 0.12401105463504791 116.49 829.76 148.57 822.29 192.16 1009.59 160.09 1017.06
0055 0.10200624167919159 384.95 797.70 409.87 790.04 458.34 947.76 433.43 955.42
0055 0.07599075883626938 362.86 784.71 391.45 781.01 414.34 957.77 385.75 961.47
0055 0.07492399215698242 307.21 794.18 333.25 786.82 380.21 953.09 354.17 960.44
0035 0.12410704791545868 881.13 120.18 1012.19 47.32 1027.52 74.90 896.46 147.76
0159 0.20330798625946045 856.27 780.51 1058.60 955.02 1029.94 988.25 827.61 813.74
0159 0.09821560233831406 792.64 855.10 964.82 970.65 944.55 1000.85 772.37 885.30
0088 0.39239633083343506 946.64 813.53 1035.69 898.97 1018.08 917.32 929.03 831.88
0088 0.11935851722955704 411.18 724.15 442.40 725.23 439.17 818.30 407.95 817.22
0062 0.5269263386726379 235.18 329.56 387.61 370.49 379.99 398.86 227.56 357.93
0061 0.3420023024082184 843.54 282.94 986.07 310.37 981.63 333.46 839.10 306.02
0056 0.16351377964019775 25.80 387.90 50.51 379.20 98.92 516.67 74.21 525.37
0056 0.1407776027917862 4.73 395.16 41.17 394.66 43.47 563.61 7.03 564.11
0154 0.16736409068107605 469.92 678.77 565.19 659.97 569.61 682.37 474.34 701.18
0154 0.16422809660434723 602.84 652.79 682.06 629.88 688.18 651.04 608.96 673.95
0154 0.15783783793449402 855.44 421.61 997.64 457.40 992.93 476.09 850.73 440.30
0154 0.11140860617160797 859.69 407.59 1016.18 434.88 1012.19 457.77 855.70 430.48
0067 0.4168452024459839 879.10 70.88 913.31 66.32 935.88 235.42 901.67 239.98
0067 0.08047058433294296 893.09 73.03 929.34 58.37 995.03 220.75 958.78 235.41
0049 0.14525312185287476 332.66 809.52 582.21 728.47 597.05 774.16 347.50 855.20
0049 0.07086802273988724 14.79 906.49 46.50 895.37 86.00 1007.98 54.29 1019.10
0049 0.06778054684400558 796.54 669.71 833.05 661.61 873.32 843.15 836.80 851.25
0093 0.4855155646800995 35.90 138.86 278.50 109.08 283.01 145.86 40.41 175.64
0072 0.09178567677736282 264.22 577.55 287.12 585.61 252.88 682.82 229.99 674.76
0077 0.347808301448822 118.67 672.48 203.31 629.76 218.01 658.87 133.37 701.60
0077 0.14210063219070435 361.07 400.26 381.92 414.49 338.15 478.63 317.29 464.40
0063 0.4160141050815582 867.73 867.09 902.05 858.37 943.03 1019.67 908.71 1028.39
0063 0.21475014090538025 773.28 155.61 1023.62 52.04 1042.98 98.84 792.64 202.41
0063 0.1494823545217514 756.64 461.19 806.97 439.64 904.39 667.13 854.06 688.69
0063 0.07461850345134735 836.11 902.15 860.89 890.33 940.35 1057.02 915.56 1068.83
0082 0.10270831733942032 249.59 165.86 276.49 157.71 321.88 307.44 294.97 315.59
0050 0.07569622993469238 21.00 702.08 54.18 706.16 38.21 836.05 5.03 831.97
0117 0.41103917360305786 617.51 -10.52 752.15 3.30 749.99 24.32 615.36 10.50
0117 0.32559049129486084 798.74 3.38 1008.95 45.46 1002.35 78.47 792.13 36.38
0117 0.10630642622709274 127.80 910.84 198.16 866.47 215.61 894.13 145.25 938.50
0122 0.3925594091415405 276.94 609.16 322.41 604.94 341.91 815.00 296.43 819.22
0122 0.1825021356344223 105.09 606.35 130.78 597.12 182.38 740.76 156.69 749.99
0122 0.0745561495423317 335.94 588.57 374.31 587.33 380.50 778.38 342.13 779.62
0122 0.050593774765729904 102.64 599.48 135.36 573.50 278.74 754.02 246.02 780.01
0068 0.5347307920455933 567.81 457.81 652.13 523.57 636.90 543.10 552.58 477.33
0127 0.051518190652132034 690.71 196.86 717.22 195.32 723.70 306.97 697.19 308.51
0132 0.10588057339191437 377.08 237.11 445.31 242.96 443.88 259.59 375.66 253.75
0132 0.05813752859830856 35.79 604.65 78.58 599.69 99.65 781.56 56.87 786.51
0078 0.15046267211437225 665.21 129.07 762.93 102.14 768.04 120.71 670.33 147.64
0073 0.347786545753479 12.26 486.94 126.77 549.16 114.73 571.32 0.22 509.10
0073 0.2907513976097107 428.96 80.44 611.87 244.15 580.39 279.32 397.48 115.60
0073 0.18046711385250092 3.32 222.33 19.70 207.59 114.90 313.37 98.52 328.11
0073 0.18046033382415771 32.65 178.80 156.14 263.37 143.32 282.08 19.84 197.51
0073 0.10759148746728897 339.02 421.14 455.22 474.88 440.77 506.13 324.57 452.39
0073 0.10596023499965668 155.67 309.40 258.87 381.93 243.92 403.20 140.72 330.67
0073 0.10129367560148239 400.33 301.00 537.08 402.70 517.95 428.42 381.21 326.71
0073 0.08765093237161636 21.93 193.51 144.11 292.91 129.21 311.22 7.03 211.82
0073 0.06800072640180588 -44.91 200.45 79.71 282.05 64.80 304.81 -59.82 223.21
0064 0.5166566371917725 59.16 864.36 93.50 851.08 154.94 1009.94 120.59 1023.23
0064 0.33778876066207886 4.10 548.56 39.86 530.47 112.18 673.47 76.41 691.56
0064 0.17181506752967834 600.35 14.39 631.71 14.71 629.85 201.32 598.49 201.01
0064 0.16963720321655273 553.91 18.04 589.71 16.63 597.58 217.06 561.79 218.47
0064 0.1658303439617157 807.60 -15.32 829.49 -27.12 904.45 111.92 882.56 123.72
0064 0.14079022407531738 791.45 -28.03 818.16 -34.79 861.67 137.14 834.95 143.90
0064 0.10078516602516174 9.68 149.00 212.76 62.32 230.82 104.62 27.74 191.30
0064 0.08528183400630951 752.34 -14.63 778.03 -25.04 845.47 141.49 819.78 151.89
0064 0.06956806778907776 731.27 10.35 762.46 -2.19 825.94 155.68 794.75 168.22
0064 0.05882770195603371 -73.54 561.07 133.64 695.39 104.70 740.02 -102.48 605.70
0064 0.058340638875961304 30.33 918.80 54.55 903.58 149.96 1055.37 125.75 1070.59
0083 0.26150158047676086 97.63 370.72 126.77 370.59 127.19 465.47 98.05 465.60
0083 0.1724308282136917 524.50 81.21 641.08 113.44 633.55 140.66 516.97 108.42
0051 0.30734166502952576 629.34 -1.27 775.02 30.03 769.80 54.30 624.13 23.01
0051 0.1250576227903366 241.29 648.10 284.59 638.77 319.32 799.99 276.03 809.32
0051 0.059477731585502625 657.00 -26.59 803.76 14.37 796.33 40.98 649.57 0.02
0069 0.3252013921737671 317.55 658.86 352.63 630.13 449.40 748.30 414.32 777.02
0069 0.2768939733505249 18.10 896.88 175.62 1003.04 154.68 1034.12 -2.84 927.96
0069 0.2475736141204834 426.96 391.93 479.05 433.50 464.07 452.27 411.98 410.71
0069 0.09331344813108444 559.69 248.90 590.71 266.70 550.69 336.47 519.66 318.67
0123 0.31399136781692505 650.81 653.33 685.04 638.87 761.17 819.07 726.94 833.53
0123 0.2900996506214142 655.02 51.23 683.16 42.77 715.99 151.93 687.86 160.40
0133 0.3831402063369751 634.25 224.68 727.81 284.71 712.07 309.25 618.50 249.22
0079 0.17154596745967865 531.78 65.54 603.40 93.71 594.74 115.73 523.12 87.56
0065 0.33994683623313904 891.53 459.73 923.59 459.47 925.00 631.71 892.95 631.98
0065 0.19567148387432098 759.79 66.90 809.11 44.96 907.73 266.62 858.41 288.56
0084 0.2557680010795593 925.42 590.99 953.01 593.40 943.11 706.51 915.52 704.09
0084 0.07472042739391327 937.34 754.58 968.61 758.98 950.05 890.97 918.78 886.57
0137 0.12448875606060028 555.18 546.10 579.47 541.30 596.73 628.79 572.44 633.58
0137 0.11119755357503891 188.08 952.64 218.61 946.73 233.26 1022.40 202.73 1028.32
0137 0.10566189885139465 306.91 608.88 333.90 597.81 365.87 675.75 338.89 686.82
0070 0.5606178641319275 554.21 67.54 572.66 50.25 647.50 130.09 629.05 147.38
0070 0.07218299061059952 286.11 868.07 350.51 843.69 358.48 864.75 294.08 889.12
0134 0.4941366910934448 517.25 659.00 592.17 730.14 571.54 751.86 496.62 680.72
0124 0.16367438435554504 553.25 551.38 700.57 577.53 696.33 601.41 549.01 575.26
0124 0.15591315925121307 359.33 509.21 514.29 532.58 510.27 559.23 355.31 535.86
0124 0.05130746588110924 164.02 864.73 268.82 841.93 275.28 871.64 170.49 894.44
0124 0.05001991614699364 291.52 829.90 401.46 814.44 405.33 841.96 295.39 857.43
0080 0.5534752607345581 695.71 514.56 858.26 460.36 869.26 493.35 706.71 547.55
0080 0.12357862293720245 634.09 724.06 842.17 607.94 864.92 648.71 656.84 764.84
0080 0.05327444151043892 616.74 238.60 846.49 170.12 861.35 220.00 631.60 288.47
0119 0.36415958404541016 649.02 803.88 825.68 732.60 838.22 763.68 661.56 834.95
0066 0.18822039663791656 488.35 463.62 524.14 463.27 525.83 636.56 490.03 636.91
0066 0.09923460334539413 360.35 76.53 410.01 51.93 516.35 266.61 466.69 291.21
0085 0.6185941696166992 43.97 669.32 79.77 670.44 74.47 840.29 38.67 839.17
0085 0.0791662186384201 -33.08 715.10 2.34 699.97 82.82 888.42 47.40 903.54
0135 0.37614068388938904 689.38 -10.99 797.17 95.78 767.84 125.39 660.05 18.62
0135 0.3098924458026886 97.55 273.42 118.45 254.79 188.32 333.14 167.42 351.77
0135 0.06019752472639084 8.72 682.37 37.46 669.02 81.87 764.62 53.13 777.97
0125 0.26915663480758667 358.17 115.06 515.18 132.58 512.44 157.17 355.42 139.65
0125 0.14205190539360046 552.65 158.30 699.98 175.08 697.11 200.34 549.77 183.56
0125 0.1257816106081009 173.84 467.08 268.29 441.38 275.60 468.22 181.14 493.93
0071 0.2747597396373749 33.60 489.55 214.57 642.07 184.13 678.20 3.15 525.68
0071 0.20376762747764587 424.21 -10.17 480.77 36.21 464.89 55.58 408.33 9.20
0076 0.1014108657836914 277.74 520.18 421.26 493.51 425.54 516.53 282.02 543.21
0120 0.21467025578022003 339.24 360.73 475.50 319.64 483.56 346.38 347.30 387.46
0130 0.3014712929725647 809.57 253.07 857.63 243.87 896.65 447.75 848.59 456.95
0142 0.3115520477294922 457.04 867.03 652.86 794.42 666.46 831.10 470.64 903.71
0142 0.17530322074890137 725.32 320.25 890.98 274.20 898.94 302.83 733.28 348.88
0142 0.13244746625423431 869.12 635.94 891.23 616.29 960.13 693.81 938.02 713.46
0142 0.1214197650551796 433.63 615.23 458.50 601.60 500.10 677.49 475.24 691.12
0142 0.09577357769012451 342.15 661.87 370.65 657.02 392.31 784.21 363.81 789.07
0142 0.053453415632247925 454.73 405.03 646.58 356.74 656.85 397.52 465.00 445.81
0139 0.4214533865451813 467.72 204.95 487.72 218.93 423.79 310.36 403.80 296.38
0136 0.19935403764247894 820.54 280.28 848.02 271.44 883.37 381.32 855.89 390.16
0126 0.07760939002037048 704.67 581.61 759.45 537.83 772.19 553.77 717.41 597.55
0086 0.5324722528457642 435.85 266.67 464.24 263.49 481.94 421.80 453.55 424.98
0086 0.16864174604415894 31.14 627.90 116.95 629.48 116.44 657.49 30.62 655.92
0086 0.08157789707183838 461.22 253.34 491.24 251.12 502.34 400.79 472.32 403.02
0131 0.16935120522975922 773.89 637.73 847.16 644.80 845.73 659.57 772.46 652.50
0101 0.10201895982027054 301.00 506.52 328.41 508.39 322.74 591.53 295.33 589.66
0101 0.052806317806243896 998.48 482.60 1012.67 472.39 1047.52 520.86 1033.33 531.07
0046 0.2549590766429901 615.26 402.19 769.80 423.27 766.53 447.21 612.00 426.13
0121 0.08796162903308868 159.83 444.58 309.94 469.55 306.22 491.90 156.11 466.93
0121 0.07233237475156784 -39.35 409.35 119.99 422.68 117.87 447.96 -41.46 434.64
0147 0.08824104815721512 547.81 684.99 786.32 626.59 796.79 669.34 558.28 727.75
0143 0.11620212346315384 122.72 329.74 148.72 325.46 169.36 451.01 143.37 455.28
0143 0.05254267528653145 924.28 602.02 1055.59 635.85 1050.51 655.59 919.19 621.75
0140 0.15846721827983856 854.31 808.71 1022.52 765.63 1031.25 799.74 863.04 842.81
0172 0.08910983055830002 174.32 790.31 191.92 797.34 165.22 864.17 147.62 857.14
0167 0.2430320829153061 369.68 207.97 412.92 226.76 327.08 424.27 283.84 405.48
0177 0.2932735085487366 603.74 666.72 624.78 648.81 712.56 751.92 691.52 769.83
0177 0.10679236799478531 591.66 657.51 620.23 651.95 650.80 808.93 622.23 814.50
0163 0.4313751757144928 24.11 923.69 93.57 988.83 72.75 1011.02 3.30 945.88
0163 0.18915192782878876 481.91 618.86 602.54 713.80 583.69 737.75 463.06 642.81
0163 0.18114566802978516 82.26 744.27 96.81 730.91 169.03 809.62 154.48 822.98
0163 0.1453143209218979 391.67 51.18 561.49 179.79 537.04 212.06 367.22 83.45
0163 0.10340459644794464 234.61 627.60 345.11 711.93 330.10 731.60 219.59 647.28
0163 0.09644872695207596 65.11 538.88 86.22 520.03 194.65 641.48 173.54 660.33
0163 0.07836467772722244 448.45 -8.16 682.43 143.81 655.14 185.83 421.16 33.85
0163 0.07823482155799866 224.71 657.95 324.95 721.48 316.33 735.09 216.08 671.57
0109 0.3663526475429535 51.74 862.70 144.83 836.08 150.52 855.99 57.43 882.60
0148 0.18912579119205475 143.90 278.93 394.07 233.97 401.85 277.25 151.68 322.21
0148 0.17609520256519318 172.27 773.04 396.31 638.34 420.01 677.77 195.98 812.47
0148 0.0756836086511612 959.88 625.28 987.68 621.35 1008.17 766.09 980.37 770.02
0148 0.06774038821458817 86.21 544.94 114.43 546.02 109.85 665.56 81.63 664.48
0114 0.3310393691062927 809.54 802.94 1020.87 835.68 1014.84 874.65 803.50 841.91
0114 0.1437681019306183 609.14 766.20 771.98 800.38 766.46 826.66 603.62 792.48
0173 0.1472661942243576 458.20 769.94 494.18 791.61 400.47 947.25 364.48 925.59
0144 0.07508369535207748 47.00 77.64 265.20 4.50 276.18 37.24 57.98 110.39
0168 0.22095957398414612 438.07 683.37 509.24 748.45 488.27 771.38 417.10 706.30
0168 0.09890085458755493 11.45 229.96 52.72 225.42 66.42 349.78 25.15 354.33
0178 0.16644686460494995 701.51 747.27 719.92 759.99 679.39 818.64 660.98 805.92
0164 0.3174930512905121 798.82 501.72 891.03 591.95 871.30 612.12 779.09 521.89
0164 0.2938787639141083 863.15 106.92 1020.61 221.49 1000.18 249.56 842.73 135.00
0164 0.29253560304641724 895.73 335.85 977.43 405.14 962.07 423.24 880.38 353.95
0164 0.1508270651102066 949.16 824.34 1013.40 862.81 997.95 888.62 933.70 850.14
0164 0.1127530187368393 875.89 62.92 1059.65 208.42 1033.63 241.28 849.87 95.79
0103 0.297762393951416 807.25 108.45 833.94 114.95 809.88 213.79 783.20 207.29
0149 0.0779912993311882 54.14 552.31 116.42 576.60 109.54 594.23 47.26 569.94
0174 0.23973578214645386 152.72 526.40 176.21 532.41 150.09 634.55 126.60 628.54
0174 0.13279540836811066 677.65 390.25 700.26 385.98 715.56 467.05 692.95 471.32
0169 0.18326671421527863 949.34 140.24 974.84 141.30 971.01 232.89 945.52 231.82
0115 0.20138224959373474 959.05 17.62 977.40 1.50 1035.93 68.17 1017.58 84.28
0115 0.08490767329931259 542.43 519.96 583.12 494.25 699.81 678.93 659.11 704.64
0115 0.05189184844493866 964.90 -28.66 1064.23 56.57 1047.79 75.73 948.45 -9.49
0106 0.07261950522661209 569.03 79.69 595.18 78.23 599.17 149.88 573.01 151.33
0165 0.5581253170967102 542.37 417.97 607.76 473.65 589.27 495.36 523.88 439.69
0165 0.4504263997077942 393.95 102.69 497.01 193.37 477.88 215.11 374.81 124.44
0165 0.16461820900440216 392.46 819.92 427.79 838.40 352.30 982.66 316.97 964.17
0017 0.3993886113166809 40.47 432.56 147.33 479.62 135.62 506.22 28.75 459.17
0017 0.3607688844203949 576.31 63.83 655.61 126.31 644.22 140.76 564.92 78.28
0017 0.3482815623283386 745.22 598.18 866.79 692.47 849.21 715.13 727.64 620.84
0017 0.09487012028694153 573.74 40.05 594.38 23.07 691.49 141.14 670.85 158.12
0017 0.0897320881485939 596.67 35.12 616.01 18.69 715.77 136.18 696.42 152.61
0017 0.05742942541837692 678.51 333.64 747.52 385.25 731.77 406.31 662.76 354.70
0175 0.063017837703228 941.26 135.47 966.42 133.87 971.88 219.60 946.72 221.20
0110 0.19116272032260895 58.30 456.90 145.41 437.41 150.27 459.15 63.16 478.64
0110 0.18906746804714203 346.68 222.08 471.70 242.14 468.08 264.66 343.07 244.60
0170 0.12724395096302032 13.67 298.37 36.23 276.43 109.26 351.55 86.71 373.49
0170 0.056339800357818604 176.03 804.97 235.82 812.46 232.73 837.14 172.94 829.65
0116 0.18035295605659485 401.36 407.67 548.78 448.78 542.98 469.60 395.56 428.49
0116 0.14047051966190338 213.73 373.73 368.54 393.51 365.09 420.47 210.28 400.69
0116 0.09786148369312286 185.58 330.24 254.83 298.26 266.26 323.02 197.01 355.00
0116 0.05737234652042389 115.90 -54.88 147.49 -72.53 222.07 60.94 190.48 78.59
0107 0.3713342845439911 643.50 721.16 672.16 714.30 716.76 900.69 688.09 907.54
0107 0.15793557465076447 690.62 730.76 722.02 727.90 737.57 898.32 706.17 901.19
0107 0.12914839386940002 859.42 721.64 883.12 714.51 923.76 849.50 900.06 856.63
0107 0.09088761359453201 898.23 713.04 927.28 698.41 996.08 835.02 967.03 849.65
0107 0.08338207751512527 706.59 718.06 728.81 712.32 766.66 858.98 744.44 864.71
0107 0.07809848338365555 61.62 853.22 318.18 752.48 335.47 796.52 78.91 897.26
0107 0.06080066040158272 486.53 609.33 514.09 593.93 570.67 695.15 543.11 710.55
0166 0.10199549794197083 547.15 935.88 574.13 937.85 567.72 1025.73 540.74 1023.76
0022 0.10782273858785629 648.75 106.97 675.68 126.67 556.20 289.96 529.27 270.26
0105 0.1314021497964859 165.65 876.59 184.74 872.01 204.35 953.77 185.26 958.35
0014 0.1512809693813324 631.41 191.86 656.57 188.53 666.86 266.22 641.70 269.56
0108 0.1627950519323349 714.79 238.33 738.22 231.64 768.26 336.95 744.83 343.64
0108 0.08106786012649536 452.81 440.87 733.91 340.59 752.51 392.73 471.41 493.02
0108 0.059443071484565735 889.04 208.67 912.17 193.65 985.54 306.65 962.41 321.67
0029 0.18031786382198334 780.35 491.55 1034.38 414.93 1047.98 459.99 793.94 536.61
0029 0.1266031265258789 825.61 943.80 1061.18 874.75 1074.17 919.04 838.59 988.09
0016 0.22514551877975464 740.50 213.56 840.52 148.62 857.30 174.47 757.28 239.41
0112 0.06972421705722809 788.78 505.70 973.51 465.04 981.14 499.71 796.41 540.37
0112 0.06442435830831528 665.99 992.42 807.85 987.09 809.04 1018.66 667.18 1023.99
0030 0.2353959083557129 794.29 112.14 990.37 2.51 1010.69 38.86 814.61 148.49
0030 0.18569506704807281 828.55 549.72 1065.37 475.23 1078.53 517.06 841.71 591.56
