0005 0.303428053855896 44.08 395.32 89.75 352.44 258.54 532.22 212.87 575.09
0013 0.45415833592414856 185.22 656.89 403.60 855.05 355.67 907.87 137.29 709.71
0013 0.05029495432972908 775.84 38.17 964.63 109.59 949.84 148.70 761.05 77.28
0187 0.05061297491192818 692.17 70.44 751.63 51.96 756.54 67.77 697.09 86.25
0097 0.19116421043872833 888.91 211.61 1083.70 393.34 1038.50 441.79 843.71 260.06
0097 0.12024910002946854 742.33 -28.79 1061.36 44.23 1041.72 130.03 722.70 57.01
0097 0.06714725494384766 224.71 391.52 386.46 474.34 371.37 503.81 209.62 420.99
0006 0.12112832069396973 443.52 861.51 717.03 720.38 755.87 795.65 482.36 936.78
0183 0.6064654588699341 332.52 140.19 622.09 350.38 576.90 412.63 287.33 202.45
0183 0.3891526758670807 433.46 467.91 613.49 647.13 575.61 685.18 395.58 505.95
0183 0.09280981123447418 371.59 270.75 666.38 509.04 609.47 579.45 314.67 341.16
0183 0.09151938557624817 321.82 778.04 443.25 892.51 421.23 915.88 299.80 801.41
0183 0.08390872925519943 308.74 169.20 460.61 143.04 467.34 182.12 315.47 208.28
0183 0.07646539807319641 869.31 373.65 1103.04 449.12 1082.56 512.55 848.83 437.07
0001 0.2413344532251358 509.11 622.02 718.18 739.74 692.32 785.67 483.25 667.94
0098 0.05290629342198372 696.27 905.81 724.57 903.98 730.33 993.18 702.03 995.01
0179 0.06619342416524887 146.62 772.86 324.97 873.88 303.16 912.39 124.81 811.37
0189 0.38658976554870605 634.80 253.62 686.13 221.40 814.91 426.59 763.58 458.81
0184 0.06269831210374832 661.94 586.35 686.79 597.18 648.08 685.92 623.23 675.09
0002 0.21901659667491913 562.45 574.63 599.57 540.27 759.19 712.77 722.07 747.12
0002 0.13430605828762054 540.71 659.01 597.82 616.05 774.71 851.20 717.60 894.16
0195 0.05717546120285988 821.91 501.58 845.74 493.54 870.54 567.03 846.71 575.07
0180 0.09418982267379761 714.48 948.36 884.56 994.42 875.19 1029.02 705.11 982.96
0180 0.06634816527366638 109.31 332.73 306.32 472.84 273.91 518.41 76.90 378.30
0190 0.07137712091207504 68.34 718.78 127.90 744.78 29.35 970.45 -30.21 944.44
0185 0.2870869040489197 825.64 82.43 1022.43 240.54 989.70 281.29 792.90 123.17
0185 0.07151396572589874 728.56 382.00 855.63 506.30 832.90 529.53 705.84 405.23
0185 0.05627082660794258 798.07 -0.14 1113.73 143.46 1076.04 226.30 760.38 82.71
0185 0.051893655210733414 385.42 187.51 517.35 305.41 497.97 327.10 366.04 209.20
0095 0.41318437457084656 774.32 759.62 1044.72 851.29 1020.08 923.98 749.67 832.31
0095 0.07922371476888657 689.65 770.04 1065.77 1001.30 1017.60 1079.63 641.48 848.37
0095 0.05464988201856613 747.42 610.86 1141.22 774.63 1105.15 861.35 711.35 697.59
0181 0.527388334274292 727.11 546.16 953.22 712.33 917.30 761.21 691.19 595.04
0181 0.06800523400306702 707.51 504.42 1113.73 585.35 1095.73 675.69 689.51 594.76
0181 0.05028947442770004 144.09 -26.68 181.02 -57.74 317.27 104.30 280.34 135.35
0186 0.056467391550540924 1015.94 625.77 1051.34 647.53 950.16 812.17 914.76 790.41
0096 0.45356231927871704 482.17 632.90 729.73 804.07 688.77 863.30 441.21 692.13
0096 0.3741365373134613 344.43 386.18 641.53 427.72 630.53 506.40 333.43 464.86
0096 0.15894727408885956 610.33 547.21 838.33 675.49 802.23 739.66 574.23 611.39
0096 0.10503599047660828 314.67 872.71 430.72 986.56 408.17 1009.54 292.12 895.70
0096 0.06800369173288345 505.79 584.34 833.92 732.46 804.20 798.30 476.07 650.18
0096 0.05408391356468201 -73.96 712.14 130.47 773.20 118.33 813.86 -86.10 752.81
0010 0.41554564237594604 649.25 667.69 982.65 727.80 967.87 809.80 634.47 749.70
0010 0.18809571862220764 626.07 696.65 921.91 830.83 889.13 903.10 593.29 768.92
0010 0.05483666807413101 681.40 550.93 1128.06 672.19 1104.54 758.84 657.87 637.58
0043 0.11734317243099213 832.67 694.92 881.66 649.14 1049.93 829.21 1000.94 874.99
0024 0.3772236108779907 160.83 -68.16 406.75 162.12 351.42 221.21 105.50 -9.07
0024 0.08765909820795059 783.77 605.88 1036.87 767.05 994.48 833.61 741.39 672.44
0155 0.43766602873802185 58.11 629.52 395.21 612.14 398.80 681.71 61.70 699.08
0151 0.10284660756587982 -58.28 473.49 211.93 446.87 219.09 519.53 -51.12 546.15
0151 0.0851755365729332 220.75 498.68 258.01 485.43 315.85 648.13 278.59 661.38
0057 0.11032725870609283 430.55 162.18 471.77 162.97 468.48 334.91 427.25 334.12
0025 0.09925272315740585 666.82 705.13 901.26 615.06 919.44 662.39 685.00 752.46
0161 0.4471585154533386 372.99 437.14 692.84 511.78 672.86 597.41 353.00 522.77
0161 0.10731897503137589 504.15 799.15 737.22 962.77 692.56 1026.39 459.49 862.76
0161 0.06744962930679321 451.58 396.33 647.29 505.90 627.89 540.56 432.17 430.99
0161 0.05862313136458397 99.27 911.24 238.07 1027.29 214.38 1055.63 75.57 939.58
0161 0.054213084280490875 378.91 486.37 652.75 706.64 603.26 768.17 329.41 547.91
0161 0.05242408066987991 758.79 -34.13 1085.17 53.70 1059.75 148.17 733.37 60.34
0152 0.06556643545627594 595.98 498.75 637.87 496.88 646.44 689.02 604.55 690.89
0152 0.06042822077870369 -51.36 37.88 192.54 97.75 175.14 168.64 -68.76 108.77
0053 0.2678970992565155 336.76 410.98 584.29 329.05 599.55 375.15 352.02 457.08
0053 0.19041475653648376 375.08 957.33 621.38 860.53 638.12 903.10 391.81 999.90
0053 0.0659552738070488 964.51 808.03 1000.00 815.24 968.45 970.60 932.96 963.39
0026 0.14882372319698334 309.05 191.04 344.04 176.49 412.28 340.61 377.30 355.16
0162 0.06820429861545563 702.55 552.50 956.08 740.33 912.42 799.26 658.89 611.43
0162 0.06471142917871475 719.54 555.81 1056.23 600.60 1046.36 674.80 709.66 630.01
0091 0.16291163861751556 360.56 522.18 407.40 503.60 491.69 716.09 444.85 734.68
0020 0.4860434830188751 140.97 812.59 193.15 762.28 393.94 970.58 341.75 1020.89
0020 0.07891775667667389 754.07 -68.33 961.94 71.83 929.41 120.08 721.53 -20.08
0020 0.06085436791181564 208.94 502.40 249.92 512.51 203.94 698.87 162.97 688.76
0054 0.13194987177848816 540.69 840.54 910.15 826.25 913.57 914.84 544.11 929.13
0054 0.05392320454120636 469.04 820.70 830.46 994.61 791.85 1074.85 430.43 900.94
0059 0.1968165934085846 372.48 554.84 616.21 458.71 634.48 505.03 390.75 601.16
0059 0.18450385332107544 352.67 868.45 394.15 845.16 485.63 1008.11 444.15 1031.40
0059 0.07029873877763748 336.79 1.21 554.00 -29.22 560.72 18.73 343.51 49.16
0059 0.050000861287117004 263.96 301.08 298.41 306.01 275.10 468.72 240.65 463.78
0048 0.2380196452140808 732.00 814.05 976.59 730.32 992.17 775.84 747.58 859.57
0027 0.319736510515213 701.30 367.36 926.33 261.16 947.58 306.19 722.55 412.39
0092 0.05425034090876579 -58.17 267.72 183.65 212.14 195.77 264.91 -46.05 320.48
0055 0.15281857550144196 247.00 772.99 535.46 832.67 516.84 922.66 228.38 862.98
0055 0.0697658583521843 93.62 849.78 374.35 865.38 369.80 947.35 89.07 931.75
0159 0.3356698751449585 865.87 788.89 1067.87 965.88 1035.42 1002.92 833.41 825.93
0159 0.19378796219825745 744.68 877.03 1060.98 967.90 1037.68 1048.98 721.39 958.10
0062 0.06659043580293655 233.33 326.98 417.69 366.18 410.67 399.18 226.32 359.98
0049 0.2701527774333954 332.66 809.52 582.21 728.47 597.05 774.16 347.50 855.20
0049 0.05711105465888977 814.64 672.00 855.97 668.80 869.95 849.60 828.62 852.80
0093 0.14236396551132202 35.37 136.23 272.33 116.71 275.24 152.10 38.28 171.63
0063 0.24539470672607422 749.21 460.93 805.22 437.30 904.89 673.58 848.89 697.20
0063 0.20041027665138245 782.80 169.96 1012.01 51.96 1032.82 92.40 803.62 210.40
0063 0.07179494202136993 866.47 858.16 905.99 850.34 944.37 1044.22 904.84 1052.04
0082 0.09875134378671646 894.37 767.85 954.17 761.68 979.20 1004.25 919.39 1010.42
0117 0.077793650329113 807.43 18.30 1002.08 22.99 1001.14 62.01 806.49 57.32
0122 0.42352962493896484 257.36 307.18 316.38 292.02 380.90 543.15 321.89 558.31
0122 0.10226915776729584 198.45 565.33 433.21 721.42 388.95 787.99 154.19 631.90
0122 0.05433905869722366 222.65 440.09 463.13 674.19 397.46 741.65 156.98 507.55
0127 0.05550191178917885 581.30 155.77 621.76 133.49 710.77 295.12 670.31 317.40
0132 0.1239946037530899 35.79 604.65 78.58 599.69 99.65 781.56 56.87 786.51
0078 0.11212970316410065 663.61 122.62 756.77 107.77 759.76 126.51 666.60 141.37
0073 0.34711581468582153 435.84 68.13 609.15 239.72 571.48 277.77 398.17 106.18
0073 0.14928488433361053 826.52 -29.97 1091.11 39.41 1071.90 112.68 807.30 43.30
0073 0.11292112618684769 388.60 298.29 569.52 391.02 551.07 427.01 370.15 334.28
0073 0.05115026980638504 377.58 18.45 740.89 96.49 722.18 183.61 358.87 105.58
0064 0.2705729007720947 9.68 149.00 212.76 62.32 230.82 104.62 27.74 191.30
0064 0.09331445395946503 -8.77 560.10 22.30 538.12 113.63 667.21 82.56 689.19
0064 0.08231000602245331 630.90 -44.41 950.87 73.72 917.65 163.70 597.68 45.58
0064 0.07168440520763397 73.02 847.50 112.23 843.32 132.05 1029.18 92.84 1033.36
0064 0.05066918581724167 480.80 38.59 808.07 81.62 798.02 158.04 470.76 115.01
0051 0.11850650608539581 239.47 640.58 282.24 631.65 315.57 791.22 272.81 800.15
0118 0.4750297963619232 211.94 592.85 511.03 621.63 502.99 705.18 203.90 676.40
0069 0.3806675672531128 -9.41 640.56 42.78 591.24 212.70 771.07 160.50 820.39
0069 0.273445725440979 21.72 889.58 212.45 1001.06 185.64 1046.93 -5.08 935.45
0069 0.11722281575202942 329.51 650.92 362.42 628.21 451.53 757.30 418.62 780.01
0069 0.06485465168952942 22.54 687.72 290.83 914.14 233.90 981.61 -34.40 755.18
0123 0.24202919006347656 -29.34 -8.80 222.68 76.76 200.23 142.90 -51.80 57.35
0123 0.23606836795806885 647.01 322.73 921.85 264.62 937.88 340.47 663.05 398.58
0123 0.09913522750139236 647.19 657.92 682.07 641.96 758.86 809.77 723.98 825.73
0074 0.05932048708200455 344.81 237.89 386.96 246.78 352.62 409.55 310.47 400.65
0065 0.15112978219985962 757.03 72.97 803.71 48.96 914.25 263.82 867.57 287.83
0065 0.08171692490577698 861.42 464.15 897.99 451.92 955.71 624.55 919.15 636.78
0124 0.0616619773209095 355.12 471.08 518.41 562.69 500.71 594.24 337.42 502.62
0124 0.057167697697877884 -72.87 34.40 161.88 -23.31 177.24 39.18 -57.51 96.88
0080 0.1774948090314865 609.55 248.30 850.69 153.26 871.18 205.24 630.04 300.28
0080 0.1758643239736557 634.09 724.06 842.17 607.94 864.92 648.71 656.84 764.84
0080 0.06472188234329224 670.97 546.94 846.22 441.26 866.01 474.07 690.76 579.76
0119 0.11556847393512726 649.02 803.88 825.68 732.60 838.22 763.68 661.56 834.95
0066 0.35334208607673645 353.16 81.36 407.17 53.32 519.83 270.29 465.82 298.34
0066 0.05263962596654892 485.74 466.87 527.98 463.73 543.48 672.28 501.24 675.42
0135 0.06396226584911346 664.77 2.62 696.94 -23.91 802.45 104.02 770.28 130.55
0125 0.19895151257514954 206.12 846.01 256.77 839.96 280.81 1041.23 230.16 1047.27
0071 0.4470847249031067 38.12 471.11 218.12 642.79 179.44 683.35 -0.57 511.67
0071 0.36587339639663696 -13.69 240.87 35.25 193.76 215.27 380.73 166.33 427.85
0071 0.0779678151011467 -3.08 309.47 297.59 515.33 246.84 589.44 -53.83 383.59
0071 0.052215903997421265 31.12 158.85 256.93 319.63 223.07 367.19 -2.74 206.41
0130 0.07137662917375565 798.34 260.17 840.39 243.27 914.21 426.89 872.16 443.80
0142 0.112126924097538 466.13 870.73 655.03 788.13 672.06 827.08 483.17 909.69
0142 0.08954495191574097 450.06 434.23 642.07 317.96 667.67 360.24 475.66 476.51
0126 0.3514246642589569 595.18 0.93 653.78 -4.70 676.91 235.91 618.31 241.54
0126 0.057232800871133804 711.43 397.14 750.81 368.19 867.17 526.44 827.79 555.40
0147 0.2178041934967041 544.27 671.59 844.48 606.35 856.22 660.34 556.01 725.58
0140 0.08961961418390274 846.96 825.88 1030.39 746.35 1044.98 780.00 861.55 859.53
0167 0.20173057913780212 402.73 220.25 439.50 251.70 294.85 420.84 258.08 389.39
0102 0.05762332305312157 819.56 661.46 1086.82 764.81 1059.00 836.76 791.74 733.42
0163 0.34921994805336 351.75 41.35 698.24 138.78 674.75 222.30 328.26 124.87
0163 0.08836483210325241 57.98 532.65 114.80 477.66 328.60 698.60 271.77 753.59
0163 0.07628701627254486 16.15 685.29 201.02 809.78 174.33 849.41 -10.54 724.92
0163 0.06265401095151901 473.33 614.44 624.25 719.56 603.78 748.95 452.86 643.82
0163 0.05935632437467575 455.29 -11.25 655.03 129.62 631.80 162.56 432.06 21.69
0163 0.05304628983139992 396.11 -122.72 820.31 107.67 772.18 196.29 347.98 -34.10
0163 0.05144541710615158 323.52 105.99 668.65 213.81 647.41 281.79 302.28 173.97
0163 0.05025911331176758 -4.09 572.26 323.29 737.59 283.96 815.48 -43.43 650.15
0148 0.2302984893321991 158.12 291.14 462.51 159.38 489.96 222.79 185.57 354.55
0148 0.22177374362945557 172.27 773.04 396.31 638.34 420.01 677.77 195.98 812.47
0114 0.12334463000297546 808.46 812.02 1036.25 817.16 1035.22 862.74 807.43 857.60
0173 0.05774707347154617 458.20 769.94 494.18 791.61 400.47 947.25 364.48 925.59
0144 0.09625230729579926 66.36 41.84 272.45 -14.44 284.96 31.35 78.87 87.63
0168 0.07373020052909851 -18.00 195.27 31.75 179.55 86.22 352.01 36.47 367.72
0164 0.05853666737675667 108.09 522.98 281.36 646.47 248.48 692.62 75.20 569.12
0115 0.18094921112060547 542.43 519.96 583.12 494.25 699.81 678.93 659.11 704.64
0017 0.06066500395536423 10.74 410.44 34.67 387.45 149.90 507.37 125.97 530.36
0104 0.08489148318767548 -43.39 216.33 240.67 351.35 205.31 425.74 -78.75 290.72
0170 0.07473646849393845 521.79 -51.09 568.60 -86.73 710.51 99.67 663.69 135.31
0107 0.19258157908916473 58.61 818.46 355.33 761.31 366.81 820.89 70.09 878.05
0166 0.05883464589715004 551.36 938.26 575.30 940.16 568.07 1031.54 544.12 1029.65
0022 0.6588683128356934 548.72 375.81 610.66 335.79 777.03 593.30 715.09 633.31
0100 0.08123675733804703 785.27 45.54 835.93 64.30 766.34 252.19 715.68 233.43
0108 0.21493445336818695 452.22 431.47 746.18 347.72 763.04 406.87 469.07 490.63
0029 0.2099190354347229 780.35 491.55 1034.38 414.93 1047.98 459.99 793.94 536.61
0029 0.10735168308019638 825.61 943.80 1061.18 874.75 1074.17 919.04 838.59 988.09
0112 0.06061223894357681 787.41 498.32 979.41 466.24 985.07 500.06 793.06 532.14
0030 0.1347511112689972 789.58 110.23 996.53 17.75 1011.77 51.86 804.82 144.34
0030 0.10306999832391739 806.97 456.55 1078.06 507.85 1063.57 584.38 792.49 533.08
