0192 0.06674475967884064 654.88 742.32 678.51 762.87 587.00 868.09 563.38 847.55
0005 0.17535826563835144 44.08 395.32 89.75 352.44 258.54 532.22 212.87 575.09
0044 0.1063549816608429 806.92 82.29 839.77 79.00 855.73 238.49 822.89 241.78
0044 0.09703537821769714 942.17 534.80 980.04 533.59 985.48 704.82 947.62 706.03
0044 0.055697809904813766 15.80 286.15 42.63 273.70 87.54 370.47 60.71 382.92
0013 0.16451673209667206 165.97 693.81 226.85 652.71 380.24 879.93 319.36 921.03
0013 0.11753304302692413 803.43 35.64 944.38 125.53 926.72 153.22 785.77 63.33
0187 0.09466584771871567 686.13 773.32 720.63 785.60 665.98 939.16 631.48 926.88
0097 0.42484480142593384 224.71 391.52 386.46 474.34 371.37 503.81 209.62 420.99
0097 0.34037962555885315 379.16 304.78 548.40 385.84 534.19 415.52 364.95 334.46
0097 0.10938841104507446 742.33 -28.79 1061.36 44.23 1041.72 130.03 722.70 57.01
0097 0.10432101786136627 344.37 335.68 508.57 394.13 498.41 422.66 334.22 364.21
0097 0.10115484893321991 855.06 248.46 897.69 210.16 1064.77 396.16 1022.15 434.45
0097 0.10017187148332596 509.28 429.40 667.51 501.47 655.15 528.61 496.93 456.53
0097 0.054498091340065 186.10 406.21 358.52 499.94 339.54 534.85 167.12 441.13
0193 0.058453042060136795 846.19 30.37 877.83 42.08 827.87 177.01 796.23 165.29
0006 0.2849009335041046 114.48 17.53 148.86 -3.88 249.91 158.42 215.53 179.83
0006 0.15668421983718872 637.89 820.51 771.52 745.51 789.30 777.19 655.67 852.20
0006 0.0582638680934906 115.57 -20.37 147.61 -47.06 288.37 121.92 256.33 148.61
0006 0.054441411048173904 496.16 865.47 693.46 812.83 703.02 848.68 505.72 901.31
0183 0.5326335430145264 321.82 778.04 443.25 892.51 421.23 915.88 299.80 801.41
0183 0.4453050196170807 405.06 501.89 437.92 471.83 601.36 650.45 568.50 680.51
0183 0.2239857316017151 16.25 593.52 129.36 705.43 107.47 727.55 -5.64 615.65
0183 0.21141333878040314 338.67 149.99 612.36 352.31 573.02 405.53 299.32 203.21
0183 0.11869152635335922 385.64 704.07 531.99 773.05 515.99 807.00 369.64 738.03
0183 0.10208094865083694 308.74 169.20 460.61 143.04 467.34 182.12 315.47 208.28
0183 0.08703046292066574 -19.72 610.57 130.38 729.23 107.91 757.66 -42.20 639.01
0183 0.06333672255277634 22.33 588.24 48.81 566.79 147.13 688.15 120.65 709.60
0183 0.059712737798690796 154.38 742.25 242.09 805.85 231.36 820.65 143.65 757.05
0183 0.057122185826301575 322.62 704.59 513.37 878.82 482.20 912.95 291.45 738.71
0183 0.0512557290494442 869.31 373.65 1103.04 449.12 1082.56 512.55 848.83 437.07
0001 0.4009692072868347 499.87 640.17 537.72 603.81 699.90 772.63 662.04 808.99
0001 0.07064512372016907 943.96 125.56 988.18 106.60 1062.96 280.99 1018.74 299.95
0001 0.05581275001168251 661.77 789.54 784.69 868.36 768.95 892.90 646.03 814.08
0188 0.21047885715961456 732.00 1.75 759.42 -19.59 859.06 108.49 831.64 129.82
0040 0.10909527540206909 806.65 473.40 841.95 471.88 848.83 631.39 813.53 632.91
0094 0.09907051175832748 796.76 467.94 816.73 486.98 726.33 581.76 706.37 562.71
0094 0.05903944745659828 -13.34 549.65 122.86 475.56 139.07 505.35 2.87 579.45
0094 0.050043802708387375 259.73 903.15 282.46 894.86 315.30 984.97 292.58 993.25
0179 0.06690287590026855 146.62 772.86 324.97 873.88 303.16 912.39 124.81 811.37
0189 0.21726307272911072 634.80 253.62 686.13 221.40 814.91 426.59 763.58 458.81
0184 0.052265048027038574 661.94 586.35 686.79 597.18 648.08 685.92 623.23 675.09
0002 0.21227902173995972 574.42 563.43 610.22 536.21 743.08 710.90 707.29 738.12
0002 0.0676378682255745 537.86 563.12 584.13 540.21 685.93 745.81 639.66 768.72
0099 0.058505378663539886 100.63 59.13 268.45 84.04 263.97 114.19 96.16 89.28
0007 0.0639675036072731 -31.49 870.86 81.28 943.65 66.63 966.34 -46.13 893.55
0180 0.14877787232398987 714.48 948.36 884.56 994.42 875.19 1029.02 705.11 982.96
0180 0.052050139755010605 111.16 339.03 329.93 481.18 301.31 525.22 82.54 383.07
0190 0.10210055112838745 46.96 757.74 93.12 775.35 21.47 963.07 -24.68 945.45
0185 0.5112253427505493 385.42 187.51 517.35 305.41 497.97 327.10 366.04 209.20
0185 0.4189181327819824 807.51 96.87 838.86 69.10 998.00 248.78 966.65 276.55
0185 0.3701757788658142 716.90 387.07 853.19 500.68 834.38 523.24 698.09 409.64
0185 0.2340649515390396 337.52 809.01 363.02 788.95 457.91 909.60 432.41 929.65
0185 0.156332328915596 295.04 587.07 319.54 567.24 416.77 687.37 392.27 707.20
0185 0.07925228029489517 405.83 167.81 433.50 147.99 537.82 293.58 510.16 313.41
0095 0.2869364023208618 774.32 759.62 1044.72 851.29 1020.08 923.98 749.67 832.31
0095 0.05016873776912689 689.65 770.04 1065.77 1001.30 1017.60 1079.63 641.48 848.37
0191 0.07235868275165558 909.59 551.09 944.15 522.44 1086.42 694.07 1051.86 722.72
0181 0.3190819025039673 739.62 544.34 945.53 721.93 906.37 767.33 700.46 589.74
0181 0.13164520263671875 709.49 553.57 869.90 550.03 870.73 587.62 710.31 591.16
0181 0.06120887026190758 144.09 -26.68 181.02 -57.74 317.27 104.30 280.34 135.35
0200 0.10524691641330719 551.55 607.74 580.05 616.75 541.74 737.82 513.25 728.80
0196 0.05424003303050995 899.67 30.32 926.55 39.84 882.69 163.64 855.81 154.11
0037 0.14126744866371155 790.07 889.16 825.48 878.69 879.78 1062.46 844.36 1072.92
0186 0.1761573702096939 1024.04 624.21 1055.70 648.66 938.98 799.74 907.32 775.28
0042 0.16314223408699036 444.50 766.02 572.78 777.81 570.64 801.10 442.36 789.31
0096 0.4706481099128723 314.67 872.71 430.72 986.56 408.17 1009.54 292.12 895.70
0096 0.18915295600891113 -73.96 712.14 130.47 773.20 118.33 813.86 -86.10 752.81
0096 0.13645124435424805 108.19 830.89 269.11 879.29 260.49 907.92 99.58 859.51
0096 0.12468423694372177 470.38 340.32 627.30 474.64 600.02 506.52 443.09 372.19
0096 0.12156359851360321 482.17 632.90 729.73 804.07 688.77 863.30 441.21 692.13
0096 0.11306091398000717 273.02 893.03 475.80 1045.29 449.22 1080.70 246.43 928.43
0096 0.1010662242770195 385.19 368.78 593.51 519.50 562.63 562.17 354.31 411.45
0015 0.24752381443977356 35.84 808.64 134.47 880.95 114.23 908.57 15.60 836.25
0015 0.18714724481105804 570.46 439.78 729.75 528.25 713.63 557.26 554.35 468.80
0015 0.15227070450782776 769.44 329.29 894.24 433.19 874.30 457.13 749.51 353.24
0010 0.33402058482170105 735.19 610.25 973.68 816.16 935.70 860.16 697.20 654.24
0010 0.07783125340938568 647.41 680.24 991.26 848.30 955.57 921.34 611.72 753.28
0010 0.05016385763883591 405.16 23.53 622.15 -33.69 634.85 14.45 417.86 71.67
0004 0.05365043506026268 963.59 546.44 993.08 551.35 976.61 650.29 947.12 645.38
0028 0.13340315222740173 374.95 456.96 527.75 506.29 518.55 534.78 365.75 485.45
0028 0.07702955603599548 525.57 509.44 692.02 533.24 688.07 560.88 521.61 537.08
0043 0.07950085401535034 844.39 681.38 893.86 649.78 1013.18 836.59 963.71 868.19
0024 0.3263786733150482 805.44 608.13 934.04 731.69 909.88 756.85 781.28 633.29
0024 0.19508835673332214 171.92 -47.15 404.43 184.56 350.33 238.85 117.81 7.15
0024 0.055880069732666016 690.11 522.30 712.51 506.72 775.72 597.65 753.31 613.22
0155 0.25572124123573303 53.62 637.06 385.89 602.14 393.15 671.23 60.88 706.16
0160 0.238726407289505 870.96 907.02 1023.21 1027.26 999.20 1057.66 846.96 937.41
0160 0.10047895461320877 885.57 899.16 1035.58 974.04 1022.85 999.55 872.84 924.67
0089 0.07172106951475143 10.40 330.62 40.28 328.99 45.33 421.73 15.45 423.36
0089 0.06051594391465187 548.73 415.83 632.51 497.21 617.39 512.78 533.60 431.40
0089 0.05050218850374222 37.63 457.86 64.70 451.23 96.26 579.97 69.18 586.61
0151 0.21170993149280548 217.90 500.26 254.91 485.60 320.53 651.36 283.52 666.02
0151 0.10332277417182922 627.31 884.35 667.85 890.69 638.18 1080.38 597.64 1074.04
0151 0.06322593241930008 381.56 920.07 419.28 900.71 515.90 1089.00 478.18 1108.36
0151 0.05219900980591774 -58.28 473.49 211.93 446.87 219.09 519.53 -51.12 546.15
0151 0.05188511684536934 435.67 916.34 461.10 909.44 494.25 1031.70 468.82 1038.60
0057 0.28775495290756226 631.32 734.25 801.30 770.26 795.65 796.94 625.67 760.93
0057 0.2548238933086395 430.55 162.18 471.77 162.97 468.48 334.91 427.25 334.12
0057 0.13737942278385162 444.45 682.81 581.03 717.89 576.26 736.44 439.68 701.37
0032 0.08317437767982483 787.06 209.48 810.86 220.30 745.34 364.39 721.54 353.57
0052 0.0974554643034935 821.95 506.29 851.18 498.56 885.25 627.43 856.02 635.15
0047 0.060051921755075455 806.45 912.44 837.61 897.04 888.70 1000.40 857.53 1015.80
0025 0.11070068180561066 667.86 704.38 908.83 611.50 928.57 662.70 687.60 755.59
0161 0.25448286533355713 442.32 401.85 698.39 557.90 671.21 602.50 415.13 446.46
0161 0.24213063716888428 99.27 911.24 238.07 1027.29 214.38 1055.63 75.57 939.58
0161 0.1219085305929184 363.81 431.48 675.27 576.40 640.84 650.41 329.37 505.49
0161 0.07461152970790863 18.44 944.33 49.12 914.50 202.51 1072.27 171.83 1102.10
0090 0.09988369047641754 114.78 378.76 140.29 361.30 241.32 508.94 215.81 526.40
0090 0.09679735451936722 136.11 22.47 152.39 8.48 238.60 108.80 222.32 122.79
0090 0.051125284284353256 251.91 162.54 270.77 149.00 338.27 243.06 319.41 256.60
0152 0.3429785668849945 610.46 492.82 652.65 491.91 656.85 686.48 614.66 687.39
0033 0.07965973019599915 752.09 30.05 769.86 12.56 884.55 129.05 866.78 146.54
0053 0.30213800072669983 964.51 808.03 1000.00 815.24 968.45 970.60 932.96 963.39
0053 0.2557864189147949 370.09 961.32 606.35 855.56 625.24 897.77 388.98 1003.53
0053 0.2296055108308792 336.76 410.98 584.29 329.05 599.55 375.15 352.02 457.08
0053 0.11770931631326675 29.00 505.22 58.69 499.49 83.54 628.27 53.85 634.00
0053 0.1107134222984314 243.12 722.39 270.80 719.60 286.05 871.27 258.37 874.06
0053 0.06941641867160797 965.43 801.56 991.52 787.81 1059.42 916.66 1033.33 930.40
0053 0.06851402670145035 841.33 892.63 877.54 860.35 1056.20 1060.80 1019.99 1093.08
0058 0.06972483545541763 810.07 122.86 837.43 109.87 890.95 222.63 863.58 235.62
0026 0.41132479906082153 321.29 194.76 355.92 185.03 401.67 347.82 367.04 357.55
0026 0.06783895939588547 122.86 545.74 147.99 531.72 201.14 627.02 176.02 641.04
0026 0.06230921670794487 520.52 603.23 544.12 597.06 582.32 743.26 558.72 749.43
0026 0.05367803946137428 495.43 616.95 518.44 617.65 514.43 749.56 491.42 748.86
0162 0.280820369720459 878.90 505.05 1020.56 610.20 1000.88 636.72 859.21 531.57
0162 0.22726328670978546 718.52 587.65 878.79 708.54 857.45 736.84 697.18 615.95
0162 0.13611958920955658 773.53 913.68 800.57 891.84 908.69 1025.65 881.65 1047.50
0162 0.1092822402715683 693.50 633.95 864.28 715.99 851.49 742.60 680.72 660.56
0162 0.10690204799175262 874.28 713.87 1016.17 839.10 991.44 867.12 849.55 741.89
0162 0.08988386392593384 906.91 495.21 1032.43 595.13 1016.91 614.62 891.39 514.71
0162 0.07912303507328033 843.88 520.24 992.32 618.53 978.62 639.22 830.18 540.93
0162 0.05270054563879967 714.78 549.70 976.06 669.21 959.19 706.10 697.91 586.58
0091 0.3516010642051697 360.56 522.18 407.40 503.60 491.69 716.09 444.85 734.68
0020 0.22454418241977692 208.94 502.40 249.92 512.51 203.94 698.87 162.97 688.76
0020 0.2027832716703415 140.97 812.59 193.15 762.28 393.94 970.58 341.75 1020.89
0020 0.09662360697984695 753.78 -67.45 962.70 70.40 930.37 119.39 721.45 -18.46
0054 0.260489821434021 583.76 813.68 619.78 813.48 620.81 998.37 584.79 998.57
0054 0.19620317220687866 553.15 826.52 584.26 830.01 565.68 995.63 534.57 992.14
0054 0.12836886942386627 848.58 772.03 879.09 776.04 857.02 943.84 826.51 939.82
0054 0.10013148188591003 754.05 781.34 781.62 781.38 781.36 940.96 753.79 940.92
0054 0.08258912712335587 409.59 285.16 435.09 279.96 463.27 418.16 437.77 423.36
0054 0.07993170619010925 773.03 762.53 801.66 760.28 815.55 937.29 786.92 939.54
0054 0.06123894825577736 445.94 874.46 483.02 851.08 621.85 1071.23 584.77 1094.61
0054 0.05829011648893356 575.87 781.81 605.56 758.91 754.77 952.39 725.08 975.28
0054 0.05228308588266373 652.16 781.72 681.13 766.20 780.38 951.51 751.40 967.02
0059 0.5119717121124268 354.99 866.47 391.25 844.84 488.57 1007.96 452.32 1029.59
0059 0.22635960578918457 375.79 569.23 621.31 453.59 641.67 496.83 396.16 612.47
0059 0.19691163301467896 946.94 419.78 980.38 421.46 971.44 600.03 938.00 598.35
0059 0.18533729016780853 230.19 321.54 256.16 313.70 301.77 464.78 275.79 472.62
0059 0.10381992161273956 330.73 -0.27 538.60 -29.93 545.48 18.28 337.61 47.95
0059 0.07964415848255157 295.42 890.49 334.90 859.00 501.03 1067.33 461.54 1098.82
0059 0.07696212083101273 11.47 104.21 41.04 93.45 91.20 231.34 61.63 242.10
0059 0.05237780511379242 963.22 403.91 991.26 397.71 1028.95 568.11 1000.91 574.31
0048 0.22339580953121185 732.00 814.05 976.59 730.32 992.17 775.84 747.58 859.57
0158 0.10195180028676987 358.62 72.91 482.82 104.41 476.56 129.07 352.37 97.57
0158 0.07068490982055664 941.37 286.36 1026.59 343.88 1011.82 365.76 926.60 308.24
0027 0.37380796670913696 701.30 367.36 926.33 261.16 947.58 306.19 722.55 412.39
0027 0.06962191313505173 930.39 140.65 957.54 130.93 994.35 233.79 967.19 243.51
0027 0.054119206964969635 657.91 657.14 692.68 640.66 769.49 802.67 734.72 819.16
0092 0.05277315527200699 238.46 571.48 405.87 571.38 405.89 596.48 238.47 596.58
0092 0.05236363783478737 -58.17 267.72 183.65 212.14 195.77 264.91 -46.05 320.48
0092 0.051005154848098755 655.52 542.52 684.86 542.43 685.20 648.34 655.86 648.43
0060 0.2671254277229309 167.91 400.79 200.79 402.38 192.03 584.21 159.15 582.62
0060 0.18626375496387482 454.85 366.56 488.92 368.14 481.12 536.23 447.05 534.65
0060 0.1627243310213089 156.63 406.24 189.20 416.17 138.95 581.10 106.38 571.18
0060 0.15405316650867462 206.36 399.05 240.57 405.14 210.85 571.97 176.64 565.87
0055 0.21776995062828064 185.91 799.59 219.17 804.99 189.11 990.26 155.85 984.86
0055 0.1302396059036255 418.81 773.15 451.32 771.38 461.10 950.78 428.58 952.56
0055 0.12535053491592407 130.19 832.95 159.31 831.34 168.34 995.18 139.22 996.78
0055 0.10237446427345276 329.36 777.64 360.85 775.03 374.90 944.86 343.41 947.47
0055 0.10053858160972595 380.39 778.50 411.44 772.95 442.88 948.82 411.83 954.37
0055 0.09574604034423828 352.03 776.72 382.53 772.95 404.00 946.60 373.51 950.37
0055 0.07330696284770966 189.45 767.25 223.44 756.91 285.53 961.06 251.54 971.40
0055 0.062403030693531036 222.65 778.30 541.60 867.55 517.24 954.63 198.29 865.38
0055 0.05885874107480049 7.21 295.98 46.39 292.91 57.47 434.32 18.30 437.39
0159 0.4158795475959778 859.58 787.10 1063.70 958.41 1032.45 995.66 828.32 824.34
0159 0.08139106631278992 761.89 869.23 1058.08 997.76 1027.75 1067.66 731.55 939.13
0088 0.08635593205690384 939.02 829.15 956.09 814.49 1029.81 900.29 1012.75 914.95
0062 0.25773605704307556 228.03 334.38 413.46 364.40 407.90 398.77 222.46 368.75
0061 0.12767843902111053 849.88 282.63 987.47 313.50 982.16 337.20 844.56 306.32
0056 0.13633540272712708 4.73 395.16 41.17 394.66 43.47 563.61 7.03 564.11
0056 0.08894552290439606 853.55 683.65 1036.59 703.59 1032.74 738.95 849.70 719.02
0056 0.06673150509595871 12.92 383.59 37.29 374.24 98.40 533.57 74.03 542.92
0154 0.13631905615329742 860.15 386.44 1043.98 455.65 1030.96 490.26 847.12 421.05
0154 0.06896606832742691 834.43 416.09 999.08 466.47 989.31 498.40 824.67 448.02
0067 0.3664918541908264 867.35 64.35 903.48 56.02 945.11 236.72 908.98 245.05
0067 0.1042347326874733 889.51 69.54 925.08 56.62 982.95 215.94 947.38 228.86
0049 0.25063133239746094 332.66 809.52 582.21 728.47 597.05 774.16 347.50 855.20
0049 0.14357107877731323 796.54 669.71 833.05 661.61 873.32 843.15 836.80 851.25
0049 0.06902670860290527 14.85 903.42 47.91 891.76 88.85 1007.89 55.79 1019.54
0093 0.5579602122306824 40.95 131.36 270.94 121.47 272.51 157.90 42.52 167.80
0063 0.2986460030078888 773.28 155.61 1023.62 52.04 1042.98 98.84 792.64 202.41
0063 0.2901483178138733 740.09 474.95 790.68 444.89 922.04 666.00 871.45 696.05
0063 0.2676021158695221 866.47 858.16 905.99 850.34 944.37 1044.22 904.84 1052.04
0082 0.1097709909081459 889.18 774.81 940.05 763.81 985.27 972.89 934.40 983.89
0082 0.06506331264972687 249.22 171.47 279.40 160.24 336.50 313.71 306.33 324.94
0050 0.17541009187698364 27.74 702.69 62.18 708.86 38.90 838.77 4.46 832.60
0050 0.05069952458143234 -75.91 709.67 -31.89 686.16 77.39 890.78 33.37 914.29
0117 0.23813429474830627 811.19 17.89 1011.38 20.45 1010.90 58.06 810.71 55.51
0117 0.1005740538239479 617.51 -10.52 752.15 3.30 749.99 24.32 615.36 10.50
0122 0.43220579624176025 254.36 609.44 302.38 597.49 352.58 799.28 304.56 811.22
0122 0.34007078409194946 266.83 316.40 319.32 302.04 384.11 538.96 331.62 553.32
0122 0.22803160548210144 116.50 601.44 147.78 596.72 171.67 755.11 140.38 759.83
0122 0.08029870688915253 335.94 588.57 374.31 587.33 380.50 778.38 342.13 779.62
0122 0.07413475960493088 127.78 584.53 163.19 567.60 253.21 755.97 217.80 772.90
0068 0.06722225993871689 558.64 464.11 576.98 448.32 645.89 528.33 627.55 544.12
0127 0.09220392256975174 581.30 155.77 621.76 133.49 710.77 295.12 670.31 317.40
0132 0.2447149157524109 35.79 604.65 78.58 599.69 99.65 781.56 56.87 786.51
0078 0.06110198050737381 664.54 124.18 755.66 107.60 759.01 126.02 667.90 142.60
0073 0.4624108374118805 397.18 91.39 429.31 62.08 597.04 245.91 564.92 275.22
0073 0.279069185256958 398.09 297.46 540.89 400.12 521.64 426.89 378.85 324.22
0073 0.20130956172943115 -4.04 209.10 21.79 187.64 126.24 313.36 100.40 334.82
0073 0.11157366633415222 25.96 180.40 51.70 163.26 138.88 294.19 113.14 311.33
0073 0.10895780473947525 12.26 486.94 126.77 549.16 114.73 571.32 0.22 509.10
0073 0.10848977416753769 347.49 412.74 445.44 491.43 427.91 513.26 329.95 434.56
0073 0.08106815814971924 826.52 -29.97 1091.11 39.41 1071.90 112.68 807.30 43.30
0073 0.05738946050405502 127.70 325.98 153.49 304.26 263.27 434.63 237.48 456.34
0064 0.3406130373477936 4.10 548.56 39.86 530.47 112.18 673.47 76.41 691.56
0064 0.30395832657814026 73.02 847.50 112.23 843.32 132.05 1029.18 92.84 1033.36
0064 0.27633097767829895 567.07 9.24 603.59 12.97 585.09 193.93 548.57 190.20
0064 0.26098868250846863 9.68 149.00 212.76 62.32 230.82 104.62 27.74 191.30
0064 0.12083038687705994 601.67 6.05 642.36 11.59 614.17 218.82 573.48 213.29
0064 0.11338987946510315 810.65 -56.06 847.17 -68.24 907.46 112.55 870.94 124.73
0064 0.0978739857673645 788.90 -36.04 824.83 -45.43 872.86 138.52 836.94 147.90
0064 0.09474732726812363 726.64 -41.69 767.96 -52.73 821.23 146.55 779.90 157.60
0064 0.07508912682533264 -3.48 871.10 40.44 849.86 157.55 1092.04 113.64 1113.27
0064 0.051549188792705536 -42.77 575.02 -5.07 552.97 92.10 719.10 54.41 741.15
0051 0.22312705218791962 244.77 641.24 286.25 635.53 309.04 801.12 267.56 806.82
0051 0.08487918972969055 628.94 -19.82 820.54 27.98 811.33 64.90 619.72 17.11
0118 0.1035417690873146 211.94 592.85 511.03 621.63 502.99 705.18 203.90 676.40
0069 0.29222503304481506 329.51 650.92 362.42 628.21 451.53 757.30 418.62 780.01
0069 0.2519659996032715 39.74 888.79 196.58 1017.32 167.22 1053.15 10.38 924.62
0069 0.18269023299217224 -9.41 640.56 42.78 591.24 212.70 771.07 160.50 820.39
0123 0.4548983573913574 639.28 664.50 671.11 643.33 781.72 809.61 749.88 830.78
0123 0.11937493085861206 655.02 51.23 683.16 42.77 715.99 151.93 687.86 160.40
0123 0.07319264858961105 -79.96 -1.03 281.14 36.89 271.66 127.14 -89.44 89.22
0123 0.07067795842885971 647.01 322.73 921.85 264.62 937.88 340.47 663.05 398.58
0133 0.06712497770786285 634.25 224.68 727.81 284.71 712.07 309.25 618.50 249.22
0074 0.11546787619590759 344.81 237.89 386.96 246.78 352.62 409.55 310.47 400.65
0065 0.36817285418510437 863.55 458.64 900.48 448.40 952.05 634.32 915.13 644.57
0065 0.2651602327823639 751.81 67.82 801.98 44.46 908.59 273.40 858.42 296.76
0065 0.052015047520399094 869.25 431.46 909.92 411.25 999.39 591.30 958.72 611.52
0084 0.06230996549129486 937.34 754.58 968.61 758.98 950.05 890.97 918.78 886.57
0084 0.05478612706065178 927.88 591.22 955.54 594.35 942.76 707.32 915.10 704.19
0070 0.0613136813044548 553.27 64.64 570.72 48.67 646.69 131.71 629.23 147.68
0134 0.05251719057559967 517.25 659.00 592.17 730.14 571.54 751.86 496.62 680.72
0124 0.21010349690914154 332.24 504.29 516.53 534.00 511.37 566.02 327.08 536.32
0124 0.17005877196788788 539.69 550.41 706.53 584.98 700.98 611.76 534.14 577.19
0080 0.35551223158836365 634.09 724.06 842.17 607.94 864.92 648.71 656.84 764.84
0080 0.26606157422065735 670.97 546.94 846.22 441.26 866.01 474.07 690.76 579.76
0080 0.2018810212612152 609.55 248.30 850.69 153.26 871.18 205.24 630.04 300.28
0119 0.45273688435554504 649.02 803.88 825.68 732.60 838.22 763.68 661.56 834.95
0066 0.37968888878822327 360.35 76.53 410.01 51.93 516.35 266.61 466.69 291.21
0066 0.33566606044769287 493.92 466.73 527.59 467.44 523.92 640.71 490.25 640.00
0085 0.3024090826511383 41.90 681.35 79.93 682.04 76.95 846.96 38.92 846.27
0085 0.06646831333637238 -33.08 715.10 2.34 699.97 82.82 888.42 47.40 903.54
0135 0.3378172814846039 664.77 2.62 696.94 -23.91 802.45 104.02 770.28 130.55
0125 0.1924033910036087 347.08 90.62 519.94 155.31 508.07 187.02 335.21 122.33
0125 0.17237311601638794 537.81 154.51 702.95 187.55 697.54 214.59 532.40 181.54
0125 0.1687304675579071 206.12 846.01 256.77 839.96 280.81 1041.23 230.16 1047.27
0125 0.07804128527641296 173.73 474.33 269.25 439.24 278.12 463.40 182.60 498.49
0071 0.4640915095806122 29.05 486.93 216.77 642.88 186.12 679.78 -1.61 523.84
0071 0.21081429719924927 -31.39 223.44 31.13 170.02 229.51 402.18 166.98 455.60
0071 0.05117766559123993 -36.87 515.43 199.33 667.91 170.77 712.15 -65.43 559.67
0076 0.07287614792585373 277.74 520.18 421.26 493.51 425.54 516.53 282.02 543.21
0130 0.18662738800048828 798.34 260.17 840.39 243.27 914.21 426.89 872.16 443.80
0142 0.31439292430877686 457.04 867.03 652.86 794.42 666.46 831.10 470.64 903.71
0142 0.20528732240200043 725.32 320.25 890.98 274.20 898.94 302.83 733.28 348.88
0142 0.1140652671456337 450.06 434.23 642.07 317.96 667.67 360.24 475.66 476.51
0142 0.06610012799501419 342.15 661.87 370.65 657.02 392.31 784.21 363.81 789.07
0139 0.10576117038726807 400.73 277.90 479.94 212.29 495.10 230.59 415.89 296.20
0126 0.2618347406387329 595.18 0.93 653.78 -4.70 676.91 235.91 618.31 241.54
0086 0.23653526604175568 438.11 279.39 474.47 279.05 475.96 438.16 439.60 438.50
0046 0.10984359681606293 602.64 403.72 767.19 410.08 766.10 438.37 601.55 432.02
0121 0.1113700419664383 155.41 428.35 348.92 473.71 340.56 509.36 147.05 463.99
0121 0.06406106054782867 -83.79 387.87 116.77 416.33 111.03 456.77 -89.53 428.30
0147 0.14798873662948608 555.76 688.93 823.31 610.67 836.93 657.25 569.39 735.51
0140 0.1590692400932312 837.13 832.52 1061.55 731.87 1082.07 777.63 857.64 878.27
0167 0.5282003283500671 369.68 207.97 412.92 226.76 327.08 424.27 283.84 405.48
0177 0.1478966772556305 606.45 645.87 642.77 639.27 674.90 816.00 638.58 822.60
0163 0.25423023104667664 482.05 618.76 605.92 722.18 586.75 745.16 462.87 641.73
0163 0.2257804572582245 78.86 512.61 222.82 632.49 199.54 660.44 55.59 540.56
0163 0.21039456129074097 448.45 -8.16 682.43 143.81 655.14 185.83 421.16 33.85
0163 0.18444395065307617 16.15 685.29 201.02 809.78 174.33 849.41 -10.54 724.92
0163 0.14731678366661072 225.06 635.62 250.87 613.61 361.57 743.40 335.76 765.42
0163 0.11211801320314407 341.47 41.56 673.76 164.72 643.74 245.71 311.45 122.55
0163 0.06737417727708817 7.06 934.59 31.38 916.42 94.21 1000.49 69.89 1018.67
0163 0.05459848791360855 224.71 657.95 324.95 721.48 316.33 735.09 216.08 671.57
0109 0.08915738016366959 56.32 859.07 147.40 837.66 151.71 856.01 60.63 877.42
0109 0.059333089739084244 166.19 533.99 311.53 640.14 289.05 670.92 143.71 564.77
0148 0.46508732438087463 172.27 773.04 396.31 638.34 420.01 677.77 195.98 812.47
0148 0.18195341527462006 153.80 300.59 405.92 194.95 423.86 237.78 171.75 343.42
0148 0.09420860558748245 960.49 617.17 990.86 612.23 1015.15 761.64 984.79 766.58
0148 0.07318876683712006 78.63 541.90 107.19 540.14 114.71 662.52 86.15 664.27
0114 0.29758840799331665 808.46 812.02 1036.25 817.16 1035.22 862.74 807.43 857.60
0114 0.07475144416093826 609.14 766.20 771.98 800.38 766.46 826.66 603.62 792.48
0173 0.11167677491903305 458.20 769.94 494.18 791.61 400.47 947.25 364.48 925.59
0144 0.11726802587509155 59.76 64.82 264.14 2.97 275.72 41.25 71.34 103.10
0168 0.12179561704397202 -16.68 207.83 29.17 192.22 85.48 357.63 39.63 373.24
0168 0.0727333128452301 438.07 683.37 509.24 748.45 488.27 771.38 417.10 706.30
0168 0.051330436021089554 940.70 -36.94 972.20 -53.13 1063.47 124.39 1031.97 140.58
0164 0.3950926959514618 856.23 118.45 878.49 99.56 996.28 238.39 974.02 257.28
0164 0.14846688508987427 881.99 115.41 901.88 96.14 1028.89 227.26 1009.01 246.53
0164 0.12730811536312103 797.67 510.29 893.85 595.59 875.05 616.79 778.86 531.50
0164 0.05281096696853638 718.71 191.05 900.78 325.56 869.69 367.65 687.62 233.13
0164 0.05117550119757652 108.09 522.98 281.36 646.47 248.48 692.62 75.20 569.12
0103 0.06346730887889862 815.71 107.73 841.35 117.30 803.56 218.47 777.92 208.90
0174 0.0574001781642437 153.60 539.43 176.92 547.66 144.31 640.11 120.99 631.88
0115 0.2758772671222687 542.43 519.96 583.12 494.25 699.81 678.93 659.11 704.64
0165 0.19064326584339142 392.46 819.92 427.79 838.40 352.30 982.66 316.97 964.17
0165 0.11454278975725174 397.73 101.46 499.29 191.70 480.50 212.85 378.94 122.61
0017 0.3100951015949249 737.48 588.59 867.58 693.23 846.90 718.94 716.80 614.30
0017 0.2958228290081024 26.24 412.41 148.82 488.89 132.51 515.02 9.94 438.54
0017 0.08245926350355148 571.76 46.18 596.75 21.51 719.48 145.85 694.49 170.51
0017 0.05233708396553993 569.43 68.00 583.99 55.50 650.03 132.40 635.47 144.90
0150 0.05495234206318855 618.62 904.17 650.97 892.10 703.16 1031.96 670.81 1044.03
0110 0.05487397313117981 57.37 460.94 140.18 435.15 146.26 454.69 63.45 480.48
0170 0.09954795986413956 13.67 298.37 36.23 276.43 109.26 351.55 86.71 373.49
0170 0.06375391036272049 521.79 -51.09 568.60 -86.73 710.51 99.67 663.69 135.31
0116 0.10505298525094986 217.14 349.06 382.65 414.23 370.08 446.17 204.56 381.01
0116 0.06787961721420288 386.68 418.34 552.16 431.56 549.78 461.35 384.30 448.13
0107 0.2395852506160736 668.38 725.55 701.07 724.84 704.99 903.81 672.31 904.53
0107 0.1459892988204956 57.79 841.28 341.70 743.99 358.73 793.66 74.81 890.96
0107 0.12590168416500092 898.23 713.04 927.28 698.41 996.08 835.02 967.03 849.65
0107 0.12325344979763031 708.98 704.99 741.84 707.31 729.26 885.76 696.40 883.44
0107 0.06265213340520859 853.93 734.01 878.70 716.63 972.25 849.97 947.48 867.35
0107 0.05398444086313248 900.37 668.43 936.96 644.16 1052.08 817.75 1015.49 842.02
0022 0.30694580078125 548.72 375.81 610.66 335.79 777.03 593.30 715.09 633.31
0022 0.2363772839307785 648.75 106.97 675.68 126.67 556.20 289.96 529.27 270.26
0100 0.0762951523065567 785.27 45.54 835.93 64.30 766.34 252.19 715.68 233.43
0108 0.18963101506233215 452.81 440.87 733.91 340.59 752.51 392.73 471.41 493.02
0029 0.36791300773620605 780.35 491.55 1034.38 414.93 1047.98 459.99 793.94 536.61
0029 0.1201384961605072 825.61 943.80 1061.18 874.75 1074.17 919.04 838.59 988.09
0016 0.08801893144845963 740.50 213.56 840.52 148.62 857.30 174.47 757.28 239.41
0112 0.192931666970253 792.51 499.41 981.36 466.40 987.08 499.15 798.24 532.16
0030 0.41418933868408203 794.29 112.14 990.37 2.51 1010.69 38.86 814.61 148.49
0030 0.1635778248310089 828.55 549.72 1065.37 475.23 1078.53 517.06 841.71 591.56
