0192 0.061232082545757294 646.49 748.95 669.15 766.13 593.90 865.40 571.24 848.22
0005 0.08789277821779251 634.53 849.33 746.45 927.63 732.78 947.18 620.85 868.87
0044 0.19361580908298492 913.00 570.87 940.44 562.56 979.80 692.57 952.37 700.88
0044 0.14116980135440826 778.22 91.83 797.02 75.57 894.32 188.11 875.53 204.36
0044 0.12905482947826385 15.80 286.15 42.63 273.70 87.54 370.47 60.71 382.92
0044 0.07732098549604416 759.35 107.53 779.75 90.69 875.29 206.40 854.90 223.24
0044 0.06652119010686874 599.87 439.88 624.77 427.57 675.49 530.19 650.59 542.50
0044 0.06616635620594025 941.79 563.29 967.22 558.21 991.72 681.07 966.29 686.14
0044 0.06194863095879555 256.33 447.93 285.81 456.82 247.18 584.86 217.70 575.96
0013 0.11484456062316895 805.93 32.80 945.44 123.99 927.32 151.71 787.81 60.52
0097 0.1677711009979248 513.87 434.82 633.00 523.22 618.97 542.14 499.84 453.74
0097 0.16181214153766632 360.18 330.74 485.47 407.36 473.81 426.42 348.52 349.80
0097 0.1346360146999359 379.16 304.78 548.40 385.84 534.19 415.52 364.95 334.46
0097 0.12278015166521072 224.71 391.52 386.46 474.34 371.37 503.81 209.62 420.99
0097 0.10446736961603165 552.17 420.12 670.75 494.58 656.96 516.54 538.38 442.07
0097 0.10345418006181717 788.32 391.61 874.92 459.08 856.14 483.19 769.53 415.72
0097 0.08713144809007645 203.75 417.52 286.89 474.65 272.95 494.94 189.80 437.82
0097 0.05780960991978645 863.76 -30.55 1022.67 39.91 1008.39 72.11 849.48 1.65
0045 0.19143083691596985 423.85 500.67 445.31 492.22 495.51 619.73 474.05 628.18
0045 0.15310047566890717 318.74 518.93 342.75 514.30 369.37 652.39 345.36 657.02
0045 0.12811081111431122 342.79 525.76 366.62 519.89 400.22 656.47 376.38 662.33
0045 0.11837182939052582 404.85 496.08 427.81 489.30 469.49 630.38 446.52 637.16
0045 0.10864275693893433 355.19 508.40 375.55 501.92 419.15 638.94 398.79 645.42
0045 0.1025887206196785 384.54 495.74 406.95 490.36 441.85 635.56 419.44 640.94
0006 0.14607368409633636 122.84 18.65 149.08 -0.24 236.47 121.15 210.22 140.05
0006 0.0663398802280426 446.30 822.56 578.32 905.43 561.61 932.07 429.58 849.20
0183 0.2151924967765808 10.14 628.73 114.92 704.79 101.31 723.54 -3.47 647.49
0183 0.2067665457725525 26.60 580.89 149.94 662.53 137.16 681.83 13.82 600.20
0183 0.2006823718547821 154.38 742.25 242.09 805.85 231.36 820.65 143.65 757.05
0183 0.14642658829689026 302.01 780.77 454.14 880.32 435.20 909.27 283.07 809.72
0183 0.13810785114765167 37.03 887.20 123.35 952.47 106.99 974.10 20.68 908.83
0183 0.12350069731473923 163.94 705.75 254.07 785.28 239.25 802.07 149.12 722.54
0183 0.10078269243240356 14.71 602.83 136.70 686.71 122.04 708.03 0.05 624.15
0001 0.22944484651088715 644.86 806.05 778.24 859.19 770.08 879.67 636.70 826.53
0001 0.1361953467130661 662.48 789.78 791.08 844.05 782.08 865.39 653.47 811.12
0188 0.26851218938827515 744.73 -3.07 859.09 97.06 836.88 122.43 722.51 22.30
0198 0.05837316811084747 657.32 784.05 681.06 795.86 603.49 951.73 579.74 939.91
0040 0.1400863230228424 775.52 493.87 793.72 477.32 889.41 582.50 871.22 599.05
0040 0.07563916593790054 590.32 848.51 615.34 831.30 674.54 917.35 649.51 934.57
0040 0.07257168740034103 771.58 499.45 799.14 488.97 848.87 619.83 821.32 630.30
0094 0.14694245159626007 787.32 468.13 810.10 484.89 733.17 589.51 710.38 572.75
0094 0.06940580159425735 263.58 897.25 287.78 891.18 312.14 988.33 287.93 994.40
0094 0.060227226465940475 -13.34 549.65 122.86 475.56 139.07 505.35 2.87 579.45
0002 0.08808732777833939 927.24 87.76 958.93 91.29 944.75 218.35 913.05 214.81
0002 0.07258638739585876 417.95 786.02 439.79 770.81 488.65 840.97 466.81 856.18
0002 0.055892325937747955 865.09 113.52 891.43 100.27 939.38 195.63 913.04 208.87
0099 0.16915372014045715 106.78 35.92 246.82 109.08 234.19 133.25 94.15 60.09
0099 0.11906974017620087 138.59 24.93 269.22 88.96 257.99 111.86 127.36 47.83
0007 0.1386016607284546 -25.34 871.83 80.41 943.99 64.25 967.67 -41.50 895.50
0185 0.2820883095264435 333.70 809.07 356.06 789.08 455.80 900.62 433.44 920.61
0185 0.22519254684448242 310.44 576.79 409.83 670.69 391.22 690.39 291.82 596.49
0185 0.1803126186132431 420.18 174.49 557.20 265.64 543.43 286.34 406.41 195.19
0185 0.1683959662914276 360.32 192.37 533.93 298.36 515.97 327.77 342.36 221.78
0185 0.1328497976064682 550.58 329.50 654.69 413.72 639.04 433.07 534.92 348.85
0185 0.12566301226615906 563.56 318.78 673.58 388.96 660.36 409.68 550.34 339.50
0185 0.11668430268764496 716.90 387.07 853.19 500.68 834.38 523.24 698.09 409.64
0185 0.07271505147218704 456.91 508.23 518.58 554.04 505.01 572.31 443.34 526.49
0185 0.050656888633966446 830.65 116.57 1016.62 229.14 993.56 267.25 807.59 154.69
0041 0.08856724202632904 419.11 907.00 441.10 894.86 497.71 997.36 475.73 1009.50
0200 0.09004783630371094 551.20 610.13 581.02 619.23 543.74 741.47 513.91 732.37
0196 0.09035222232341766 781.96 226.65 868.85 295.22 850.84 318.05 763.95 249.47
0196 0.059543199837207794 899.67 30.32 926.55 39.84 882.69 163.64 855.81 154.11
0037 0.1415650099515915 783.92 874.57 808.71 863.00 875.30 1005.70 850.51 1017.27
0037 0.05061102285981178 762.95 915.13 786.70 898.73 866.49 1014.25 842.73 1030.66
0186 0.08099048584699631 1025.67 636.89 1057.49 664.38 934.67 806.55 902.85 779.06
0042 0.1563536375761032 446.02 762.04 574.86 781.84 571.34 804.73 442.50 784.93
0096 0.14573007822036743 111.54 838.54 246.20 905.41 233.99 930.01 99.33 863.15
0096 0.12258538603782654 148.51 829.70 267.74 882.13 257.67 905.02 138.45 852.59
0096 0.09372992068529129 -6.78 691.57 134.06 799.60 118.89 819.37 -21.94 711.35
0096 0.09309312701225281 370.96 812.54 391.09 793.84 453.10 860.62 432.97 879.32
0096 0.08573563396930695 314.67 872.71 430.72 986.56 408.17 1009.54 292.12 895.70
0096 0.06440098583698273 -38.10 742.44 98.85 802.19 89.05 824.66 -47.90 764.90
0015 0.3063421845436096 774.59 331.61 889.32 436.75 872.33 455.29 757.61 350.15
0015 0.21012181043624878 599.46 420.68 728.71 533.79 710.89 554.15 581.64 441.03
0015 0.1891537457704544 574.86 457.82 659.37 527.59 646.23 543.51 561.72 473.75
0015 0.12912240624427795 37.32 810.53 136.87 883.20 117.67 909.50 18.12 836.82
0015 0.0888669490814209 813.50 663.58 838.79 639.18 917.27 720.50 891.98 744.91
0015 0.0732688382267952 682.64 734.73 755.47 772.63 741.86 798.79 669.03 760.88
0009 0.10736849904060364 22.76 494.98 87.91 540.43 71.41 564.08 6.27 518.62
0023 0.06883794814348221 995.45 -12.75 1018.89 0.30 970.83 86.67 947.39 73.63
0038 0.10937368124723434 31.49 907.01 59.09 898.75 92.47 1010.21 64.87 1018.47
0028 0.24193453788757324 368.21 464.23 522.01 518.45 514.26 540.44 360.46 486.22
0028 0.23998822271823883 532.73 503.06 679.60 532.75 675.53 552.90 528.66 523.20
0028 0.05248616263270378 684.25 527.77 755.25 545.00 750.09 566.28 679.09 549.06
0028 0.05204208195209503 475.10 513.88 662.04 544.60 657.81 570.35 470.86 539.63
0036 0.11907466500997543 478.87 118.84 616.02 51.08 631.33 82.06 494.18 149.82
0024 0.14609257876873016 689.69 532.91 709.64 515.24 782.13 597.13 762.18 614.80
0024 0.09952765703201294 792.68 611.75 907.56 704.77 884.87 732.79 770.00 639.76
0160 0.19809438288211823 863.27 920.74 982.26 1006.77 966.86 1028.07 847.87 942.04
0160 0.09873464703559875 885.09 893.07 1023.46 981.42 1009.55 1003.20 871.18 914.85
0089 0.29170262813568115 645.14 548.23 665.75 535.69 744.07 664.43 723.46 676.97
0089 0.2722514271736145 91.28 627.78 116.52 622.71 142.10 750.06 116.85 755.12
0089 0.26699158549308777 39.82 460.99 67.11 455.08 94.06 579.65 66.78 585.56
0089 0.19656020402908325 537.95 428.85 558.57 412.05 634.79 505.61 614.17 522.41
0089 0.1150335893034935 13.42 326.23 44.53 326.92 42.35 424.80 11.24 424.11
0089 0.07106888294219971 516.56 779.52 540.19 764.79 617.87 889.33 594.25 904.07
0011 0.067803293466568 321.48 706.82 343.73 717.21 294.58 822.52 272.32 812.13
0151 0.14600427448749542 625.09 903.80 649.54 896.46 688.15 1025.03 663.70 1032.37
0151 0.13660629093647003 429.26 918.41 453.49 909.30 497.86 1027.22 473.64 1036.33
0151 0.1337088793516159 372.81 915.45 399.33 910.55 424.33 1045.74 397.81 1050.64
0151 0.06681785732507706 592.18 907.93 612.72 897.75 677.29 1028.10 656.75 1038.28
0151 0.05776084214448929 568.33 924.27 589.07 911.58 666.47 1038.06 645.73 1050.75
0151 0.05728457123041153 397.68 918.66 420.08 907.48 481.23 1030.00 458.83 1041.18
0057 0.21944178640842438 628.04 727.20 783.38 766.31 776.85 792.27 621.50 753.15
0057 0.19916580617427826 437.34 689.64 590.13 706.94 587.41 730.95 434.62 713.65
0057 0.09111078828573227 595.48 184.00 616.13 164.98 664.17 217.13 643.51 236.15
0032 0.1892378181219101 783.14 207.04 807.24 216.15 748.60 371.30 724.50 362.19
0032 0.10643311589956284 762.52 198.57 784.29 206.12 733.72 351.97 711.95 344.42
0052 0.10926838219165802 821.95 506.29 851.18 498.56 885.25 627.43 856.02 635.15
0047 0.056972529739141464 808.69 915.07 840.07 900.18 886.59 998.21 855.21 1013.10
0161 0.15338966250419617 68.48 925.55 189.47 1017.90 174.70 1037.24 53.72 944.89
0161 0.10186168551445007 101.76 913.34 225.09 992.27 211.11 1014.11 87.78 935.19
0161 0.053861625492572784 459.77 382.61 641.40 538.76 613.28 571.47 431.65 415.32
0090 0.29044756293296814 240.58 155.68 259.13 140.56 345.13 246.06 326.59 261.18
0090 0.28859591484069824 136.11 22.47 152.39 8.48 238.60 108.80 222.32 122.79
0090 0.16582219302654266 111.29 379.87 132.01 363.51 244.83 506.32 224.12 522.68
0090 0.1627296805381775 164.11 379.52 181.40 365.67 250.71 452.23 233.41 466.08
0152 0.20532172918319702 439.79 521.57 462.05 514.93 497.71 634.46 475.45 641.10
0152 0.10904435813426971 617.18 503.23 640.34 494.75 691.93 635.60 668.77 644.09
0152 0.0908067375421524 597.10 505.88 638.80 501.59 658.26 691.01 616.57 695.30
0033 0.1318095624446869 765.45 16.64 893.38 124.10 873.91 147.28 745.98 39.83
0033 0.10543586313724518 304.05 10.01 332.38 6.08 350.71 138.26 322.37 142.19
0053 0.2288787066936493 236.02 721.48 260.84 716.60 289.34 861.67 264.52 866.54
0053 0.16255168616771698 913.89 861.90 937.54 855.73 972.84 991.00 949.20 997.18
0053 0.10381247103214264 942.12 814.84 976.49 802.35 1037.30 969.57 1002.93 982.06
0053 0.09410206228494644 29.00 505.22 58.69 499.49 83.54 628.27 53.85 634.00
0053 0.08423371613025665 925.74 851.45 950.88 842.64 999.71 981.98 974.57 990.79
0053 0.08179281651973724 596.73 706.88 621.85 693.88 679.32 804.92 654.20 817.92
0058 0.12150021642446518 810.07 122.86 837.43 109.87 890.95 222.63 863.58 235.62
0026 0.26704490184783936 470.80 612.94 496.44 607.81 523.48 743.06 497.84 748.18
0026 0.18532751500606537 520.52 603.23 544.12 597.06 582.32 743.26 558.72 749.43
0026 0.18407444655895233 720.69 614.70 742.28 605.99 793.15 732.06 771.56 740.78
0026 0.13841325044631958 499.88 606.27 524.68 602.78 545.03 747.37 520.22 750.86
0026 0.12427067756652832 122.86 545.74 147.99 531.72 201.14 627.02 176.02 641.04
0026 0.09818919003009796 707.06 613.69 734.88 613.51 735.87 774.90 708.06 775.07
0026 0.08969952166080475 301.07 524.76 324.46 507.92 383.02 589.24 359.63 606.08
0026 0.059561654925346375 8.15 718.85 138.33 681.70 149.13 719.55 18.95 756.70
0026 0.05842331051826477 321.29 194.76 355.92 185.03 401.67 347.82 367.04 357.55
0026 0.054994434118270874 445.22 634.07 467.99 626.07 511.30 749.42 488.54 757.41
0162 0.2269894927740097 791.94 901.27 901.82 995.00 882.94 1017.14 773.06 923.41
0162 0.170102059841156 868.39 507.00 997.17 632.42 976.98 653.16 848.19 527.73
0162 0.164134681224823 889.23 727.08 983.83 815.01 967.52 832.56 872.92 744.62
0162 0.13153140246868134 723.56 592.10 880.74 693.37 866.16 716.01 708.97 614.75
0162 0.11030992120504379 875.33 513.58 897.70 491.27 1019.84 613.74 997.47 636.05
0162 0.10812906920909882 705.35 627.45 839.48 740.66 824.64 758.24 690.51 645.04
0162 0.08228708803653717 706.98 610.63 870.73 720.13 855.74 742.56 691.98 633.06
0157 0.10333850234746933 733.31 731.65 765.12 736.79 747.98 842.78 716.17 837.63
0091 0.05714062601327896 382.50 522.44 428.12 514.42 464.15 719.34 418.53 727.36
0020 0.051034241914749146 208.94 502.40 249.92 512.51 203.94 698.87 162.97 688.76
0054 0.21136590838432312 816.73 776.26 837.89 766.77 906.39 919.48 885.23 928.97
0054 0.19634278118610382 512.53 867.54 534.81 859.13 588.06 1000.09 565.77 1008.51
0054 0.16015119850635529 802.65 776.16 824.54 769.30 874.12 927.28 852.24 934.15
0054 0.15104788541793823 605.75 813.72 634.92 814.87 627.28 1008.23 598.10 1007.07
0054 0.14907994866371155 689.02 806.29 712.61 795.06 784.86 946.74 761.28 957.97
0054 0.1470031589269638 784.76 774.45 808.48 768.42 850.59 934.13 826.87 940.15
0054 0.13312166929244995 536.45 847.13 559.90 839.88 608.06 995.61 584.62 1002.86
0054 0.129977285861969 388.36 292.47 410.06 279.13 487.44 405.02 465.74 418.36
0054 0.11815891414880753 768.95 794.82 789.42 789.13 830.49 936.70 810.03 942.39
0054 0.11151426285505295 730.49 802.60 755.29 795.83 798.79 955.18 773.99 961.95
0054 0.06903281062841415 362.40 607.43 450.21 585.94 457.45 615.52 369.64 637.01
0059 0.21989817917346954 230.19 321.54 256.16 313.70 301.77 464.78 275.79 472.62
0059 0.19797831773757935 910.35 469.06 931.00 459.72 998.02 607.79 977.37 617.13
0059 0.10363075882196426 10.29 106.98 36.48 96.09 90.76 226.67 64.57 237.56
0059 0.1028384119272232 928.77 450.85 950.54 442.64 1006.32 590.38 984.55 598.60
0059 0.07798852771520615 938.85 410.78 967.91 400.00 1035.44 581.97 1006.37 592.75
0059 0.07239614427089691 354.99 866.47 391.25 844.84 488.57 1007.96 452.32 1029.59
0059 0.061835821717977524 594.61 293.15 626.61 282.21 671.69 414.07 639.69 425.01
0034 0.11275491118431091 83.33 124.42 204.60 50.33 221.05 77.26 99.78 151.35
0158 0.09306725859642029 360.68 76.46 489.01 94.83 485.09 122.17 356.77 103.80
0158 0.08117398619651794 936.61 282.20 1018.35 343.54 1002.71 364.39 920.96 303.05
0027 0.11739020049571991 925.09 149.13 949.90 136.18 1000.27 232.69 975.46 245.64
0027 0.103411465883255 602.28 228.52 702.90 302.36 682.54 330.11 581.91 256.26
0092 0.09589022397994995 649.42 544.18 678.02 540.16 692.83 645.45 664.23 649.47
0092 0.05702093616127968 238.46 571.48 405.87 571.38 405.89 596.48 238.47 596.58
0060 0.22340646386146545 432.32 383.32 461.86 375.95 497.95 520.68 468.40 528.05
0060 0.12775108218193054 126.62 458.91 150.74 454.53 176.45 596.20 152.33 600.58
0060 0.1185789480805397 195.87 407.50 223.75 405.16 236.43 556.43 208.55 558.77
0060 0.11097037047147751 142.85 424.38 168.64 420.18 196.36 590.20 170.57 594.40
0055 0.18755438923835754 414.64 774.78 436.27 766.02 498.28 919.16 476.65 927.92
0055 0.16500747203826904 117.07 856.90 139.87 850.33 179.78 988.99 156.98 995.56
0055 0.1624210923910141 189.03 806.75 214.59 800.74 253.27 965.16 227.71 971.17
0055 0.13685919344425201 162.96 819.23 191.11 814.80 221.19 1005.80 193.04 1010.23
0055 0.11706952005624771 291.38 795.73 315.57 785.00 379.72 929.53 355.54 940.26
0055 0.11324519664049149 383.97 777.26 404.94 771.76 448.68 938.45 427.71 943.95
0055 0.10833387076854706 136.03 829.58 160.35 824.00 198.18 988.86 173.85 994.45
0055 0.10790282487869263 398.98 779.49 420.17 772.51 473.31 933.83 452.12 940.81
0055 0.09646669775247574 338.86 784.77 366.57 780.73 392.42 958.17 364.71 962.21
0055 0.09170940518379211 359.54 784.47 381.49 780.16 412.07 935.82 390.12 940.14
0035 0.11912533640861511 881.13 120.18 1012.19 47.32 1027.52 74.90 896.46 147.76
0159 0.055472373962402344 848.06 780.52 1050.60 940.60 1024.32 973.84 821.79 813.76
0088 0.20714478194713593 946.64 813.53 1035.69 898.97 1018.08 917.32 929.03 831.88
0088 0.09456443041563034 411.18 724.15 442.40 725.23 439.17 818.30 407.95 817.22
0062 0.17166392505168915 232.23 332.37 383.06 364.13 376.98 393.00 226.16 361.24
0061 0.22191861271858215 843.54 282.94 986.07 310.37 981.63 333.46 839.10 306.02
0056 0.26207682490348816 25.80 387.90 50.51 379.20 98.92 516.67 74.21 525.37
0056 0.1025548130273819 -0.12 382.46 27.65 376.80 59.97 535.18 32.19 540.85
0154 0.2119842767715454 855.44 421.61 997.64 457.40 992.93 476.09 850.73 440.30
0154 0.1697949469089508 859.69 407.59 1016.18 434.88 1012.19 457.77 855.70 430.48
0154 0.09490852802991867 663.80 376.81 802.49 422.11 795.10 444.76 656.40 399.47
0154 0.07877450436353683 602.84 652.79 682.06 629.88 688.18 651.04 608.96 673.95
0154 0.05601642280817032 469.92 678.77 565.19 659.97 569.61 682.37 474.34 701.18
0067 0.2432413548231125 890.40 60.01 922.47 60.42 920.20 238.35 888.14 237.94
0049 0.06958474963903427 14.79 906.49 46.50 895.37 86.00 1007.98 54.29 1019.10
0049 0.06685350835323334 783.83 688.73 808.58 672.91 891.35 802.38 866.60 818.20
0093 0.1274378001689911 43.92 147.16 275.38 102.58 282.08 137.37 50.62 181.95
0077 0.10486952215433121 118.67 672.48 203.31 629.76 218.01 658.87 133.37 701.60
0077 0.08243589103221893 671.30 34.04 697.00 40.29 665.16 171.19 639.47 164.94
0063 0.15534907579421997 867.73 867.09 902.05 858.37 943.03 1019.67 908.71 1028.39
0082 0.18042223155498505 249.59 165.86 276.49 157.71 321.88 307.44 294.97 315.59
0117 0.1448400318622589 608.49 -1.49 746.67 -0.07 746.43 22.95 608.25 21.53
0117 0.14086739718914032 803.28 19.61 944.52 50.70 940.03 71.09 798.79 39.99
0117 0.07898715883493423 809.39 1.89 977.20 37.65 972.60 59.26 804.79 23.49
0122 0.21345219016075134 106.28 600.33 131.94 592.39 179.41 745.60 153.76 753.55
0122 0.1411287486553192 338.58 594.31 361.94 591.74 380.63 761.98 357.26 764.54
0122 0.11561160534620285 276.94 609.16 322.41 604.94 341.91 815.00 296.43 819.22
0122 0.07526332139968872 306.43 597.48 326.57 592.47 368.93 762.90 348.79 767.91
0122 0.060420963913202286 136.67 610.11 161.29 604.07 195.51 743.57 170.89 749.61
0068 0.11586928367614746 558.64 464.11 576.98 448.32 645.89 528.33 627.55 544.12
0127 0.0703011304140091 711.03 201.70 732.29 205.69 713.31 306.66 692.06 302.67
0073 0.23597612977027893 30.27 179.26 161.29 264.32 149.04 283.19 18.02 198.12
0073 0.18592609465122223 22.92 480.81 120.55 556.08 103.78 577.83 6.15 502.56
0073 0.17531359195709229 11.44 220.37 116.47 316.60 99.74 334.86 -5.29 238.64
0073 0.1500052660703659 22.88 188.63 137.20 287.30 122.39 304.47 8.07 205.79
0073 0.14727161824703217 155.67 309.40 258.87 381.93 243.92 403.20 140.72 330.67
0073 0.08726945519447327 341.49 415.96 452.69 482.50 436.00 510.40 324.79 443.87
0073 0.0802573710680008 13.19 215.60 124.20 292.90 115.54 305.33 4.53 228.04
0073 0.06650368124246597 145.35 331.90 263.80 409.40 250.04 430.43 131.59 352.93
0073 0.054452743381261826 400.33 301.00 537.08 402.70 517.95 428.42 381.21 326.71
0073 0.051414791494607925 423.35 92.87 619.28 235.43 592.86 271.73 396.94 129.17
0064 0.21028739213943481 509.84 66.42 531.14 55.94 599.91 195.64 578.62 206.12
0064 0.1656254231929779 76.16 851.99 107.78 847.26 134.47 1025.60 102.85 1030.33
0064 0.14089737832546234 600.35 14.39 631.71 14.71 629.85 201.32 598.49 201.01
0064 0.13659195601940155 809.24 -22.17 833.33 -33.16 900.04 113.03 875.94 124.02
0064 0.09871120750904083 4.10 548.56 39.86 530.47 112.18 673.47 76.41 691.56
0064 0.09760859608650208 791.92 -12.93 817.74 -23.09 880.98 137.74 855.16 147.89
0064 0.08408842980861664 761.78 6.35 790.73 -3.56 843.36 150.11 814.40 160.03
0064 0.08405562490224838 534.80 44.53 558.02 35.10 620.01 187.90 596.79 197.32
0064 0.076205775141716 739.07 -3.32 771.94 -8.60 798.52 157.03 765.65 162.30
0083 0.11186695843935013 511.21 82.24 642.11 124.70 634.47 148.27 503.56 105.82
0083 0.09281742572784424 97.63 370.72 126.77 370.59 127.19 465.47 98.05 465.60
0051 0.15108323097229004 629.48 -4.90 780.18 30.64 774.00 56.86 623.29 21.32
0069 0.08067198842763901 18.10 896.88 175.62 1003.04 154.68 1034.12 -2.84 927.96
0069 0.07467091083526611 322.18 644.97 357.26 625.83 435.86 769.81 400.78 788.95
0069 0.0514906644821167 426.96 391.93 479.05 433.50 464.07 452.27 411.98 410.71
0123 0.16343119740486145 655.02 51.23 683.16 42.77 715.99 151.93 687.86 160.40
0123 0.09452533721923828 644.65 664.50 678.67 643.92 777.08 806.55 743.06 827.13
0133 0.07965046167373657 634.25 224.68 727.81 284.71 712.07 309.25 618.50 249.22
0065 0.1838008463382721 887.42 464.36 918.15 461.85 932.20 633.88 901.47 636.39
0084 0.0942002385854721 927.88 591.22 955.54 594.35 942.76 707.32 915.10 704.19
0084 0.05360874533653259 937.34 754.58 968.61 758.98 950.05 890.97 918.78 886.57
0070 0.11080529540777206 554.21 67.54 572.66 50.25 647.50 130.09 629.05 147.38
0134 0.10610659420490265 517.25 659.00 592.17 730.14 571.54 751.86 496.62 680.72
0124 0.19412316381931305 561.73 537.29 697.47 597.04 689.16 615.92 553.42 556.18
0124 0.1583450883626938 348.62 499.37 514.94 539.37 508.50 566.14 342.18 526.14
0080 0.17469771206378937 702.98 513.33 862.35 463.97 871.59 493.81 712.23 543.17
0119 0.10106638073921204 649.02 803.88 825.68 732.60 838.22 763.68 661.56 834.95
0066 0.1103600263595581 488.35 463.62 524.14 463.27 525.83 636.56 490.03 636.91
0085 0.3033347725868225 36.74 673.76 67.04 670.65 84.06 836.76 53.76 839.86
0085 0.05819070339202881 -1.73 709.22 23.88 700.19 73.77 841.60 48.15 850.64
0135 0.09935712069272995 664.77 2.62 696.94 -23.91 802.45 104.02 770.28 130.55
0135 0.05288875848054886 100.66 268.46 122.30 253.25 181.13 336.98 159.49 352.18
0125 0.22920885682106018 566.73 137.53 695.85 198.48 687.65 215.85 558.54 154.90
0125 0.21402572095394135 360.74 120.69 513.02 139.80 510.10 163.07 357.82 143.95
0125 0.0547313317656517 381.09 94.31 530.84 124.81 525.46 151.22 375.71 120.72
0071 0.05324750021100044 33.60 489.55 214.57 642.07 184.13 678.20 3.15 525.68
0076 0.07282209396362305 277.74 520.18 421.26 493.51 425.54 516.53 282.02 543.21
0081 0.0588308684527874 -13.53 324.53 7.66 305.47 94.80 402.34 73.61 421.39
0130 0.063991479575634 809.57 253.07 857.63 243.87 896.65 447.75 848.59 456.95
0142 0.1224735900759697 342.15 661.87 370.65 657.02 392.31 784.21 363.81 789.07
0142 0.10608354210853577 457.04 867.03 652.86 794.42 666.46 831.10 470.64 903.71
0142 0.08923827111721039 725.32 320.25 890.98 274.20 898.94 302.83 733.28 348.88
0142 0.08584918826818466 433.63 615.23 458.50 601.60 500.10 677.49 475.24 691.12
0142 0.06704708188772202 869.12 635.94 891.23 616.29 960.13 693.81 938.02 713.46
0139 0.14709484577178955 467.72 204.95 487.72 218.93 423.79 310.36 403.80 296.38
0086 0.2839309573173523 435.85 266.67 464.24 263.49 481.94 421.80 453.55 424.98
0086 0.06430058181285858 39.50 627.11 120.72 635.52 118.11 660.71 36.90 652.30
0086 0.06182316318154335 461.22 253.34 491.24 251.12 502.34 400.79 472.32 403.02
0046 0.19322271645069122 615.26 402.19 769.80 423.27 766.53 447.21 612.00 426.13
0121 0.1677907407283783 158.34 434.99 309.60 478.36 303.62 499.23 152.35 455.85
0121 0.1067129522562027 -33.80 402.92 122.89 428.32 118.99 452.42 -37.71 427.02
0143 0.16471096873283386 118.19 327.31 144.60 322.01 171.28 455.06 144.87 460.36
0143 0.10485520213842392 918.37 597.32 1051.45 639.54 1045.32 658.87 912.23 616.65
0140 0.058066777884960175 854.31 808.71 1022.52 765.63 1031.25 799.74 863.04 842.81
0167 0.0648241862654686 369.68 207.97 412.92 226.76 327.08 424.27 283.84 405.48
0177 0.11136188358068466 614.28 658.92 636.14 645.17 706.21 756.52 684.35 770.28
0177 0.10574223101139069 562.25 687.23 585.54 672.26 666.95 798.88 643.66 813.86
0177 0.06000176817178726 600.44 652.45 628.85 643.87 674.52 795.05 646.10 803.63
0163 0.17493484914302826 247.21 621.66 345.99 716.57 329.22 734.01 230.45 639.11
0163 0.13549567759037018 220.26 644.62 332.76 727.42 319.32 745.69 206.82 662.89
0163 0.1292896717786789 482.05 618.76 605.92 722.18 586.75 745.16 462.87 641.73
0163 0.12538400292396545 92.88 735.35 175.66 800.89 158.22 822.91 75.44 757.38
0163 0.11681319773197174 24.11 923.69 93.57 988.83 72.75 1011.02 3.30 945.88
0163 0.098200723528862 65.11 538.88 86.22 520.03 194.65 641.48 173.54 660.33
0163 0.05315902456641197 116.62 514.61 232.02 588.59 218.37 609.87 102.98 535.89
0163 0.052361756563186646 391.67 51.18 561.49 179.79 537.04 212.06 367.22 83.45
0109 0.08884398639202118 51.74 862.70 144.83 836.08 150.52 855.99 57.43 882.60
0109 0.06806616485118866 155.42 566.24 300.23 607.07 291.80 636.98 146.99 596.14
0148 0.11552510410547256 959.88 625.28 987.68 621.35 1008.17 766.09 980.37 770.02
0148 0.061518169939517975 86.21 544.94 114.43 546.02 109.85 665.56 81.63 664.48
0148 0.050975553691387177 172.27 773.04 396.31 638.34 420.01 677.77 195.98 812.47
0114 0.14542385935783386 812.63 808.65 957.37 847.37 951.45 869.50 806.71 830.78
0114 0.13439908623695374 609.14 766.20 771.98 800.38 766.46 826.66 603.62 792.48
0144 0.050331052392721176 63.48 59.20 266.04 9.98 275.13 47.41 72.57 96.62
0168 0.148612380027771 438.07 683.37 509.24 748.45 488.27 771.38 417.10 706.30
0178 0.056313835084438324 701.51 747.27 719.92 759.99 679.39 818.64 660.98 805.92
0164 0.21261398494243622 895.73 335.85 977.43 405.14 962.07 423.24 880.38 353.95
0164 0.14226999878883362 856.23 118.45 878.49 99.56 996.28 238.39 974.02 257.28
0164 0.10566889494657516 798.82 501.72 891.03 591.95 871.30 612.12 779.09 521.89
0164 0.06582861393690109 883.64 96.26 1032.91 189.45 1019.60 210.78 870.33 117.59
0164 0.06127911061048508 950.94 821.93 1009.82 868.50 992.43 890.48 933.55 843.91
0164 0.05940815433859825 869.18 344.78 966.64 418.50 952.10 437.72 854.65 363.99
0103 0.055308323353528976 797.41 107.12 824.79 108.22 820.63 212.13 793.26 211.04
0115 0.06743662804365158 972.82 4.26 1035.55 65.63 1018.38 83.19 955.64 21.82
0165 0.2204032987356186 393.95 102.69 497.01 193.37 477.88 215.11 374.81 124.44
0165 0.15372873842716217 542.37 417.97 607.76 473.65 589.27 495.36 523.88 439.69
0165 0.08456530421972275 392.46 819.92 427.79 838.40 352.30 982.66 316.97 964.17
0017 0.257730096578598 745.22 598.18 866.79 692.47 849.21 715.13 727.64 620.84
0017 0.19670851528644562 40.47 432.56 147.33 479.62 135.62 506.22 28.75 459.17
0017 0.1685371696949005 569.43 68.00 583.99 55.50 650.03 132.40 635.47 144.90
0017 0.16050586104393005 596.67 35.12 616.01 18.69 715.77 136.18 696.42 152.61
0017 0.0914616510272026 573.74 40.05 594.38 23.07 691.49 141.14 670.85 158.12
0110 0.12716181576251984 346.68 222.08 471.70 242.14 468.08 264.66 343.07 244.60
0170 0.10638260841369629 13.67 298.37 36.23 276.43 109.26 351.55 86.71 373.49
0116 0.22808225452899933 401.36 407.67 548.78 448.78 542.98 469.60 395.56 428.49
0116 0.14695048332214355 213.73 373.73 368.54 393.51 365.09 420.47 210.28 400.69
0116 0.06793584674596786 418.96 382.07 560.79 440.67 551.80 462.42 409.97 403.82
0107 0.22390305995941162 859.42 721.64 883.12 714.51 923.76 849.50 900.06 856.63
0107 0.18277576565742493 643.37 726.33 669.16 717.80 727.97 895.65 702.18 904.18
0107 0.14123383164405823 917.14 709.25 938.29 700.38 998.21 843.27 977.05 852.14
0107 0.1321169137954712 706.59 718.06 728.81 712.32 766.66 858.98 744.44 864.71
0107 0.10609491914510727 883.13 716.24 905.48 710.33 942.33 849.79 919.98 855.69
0107 0.1020602434873581 897.82 699.69 922.64 692.74 966.26 848.58 941.44 855.52
0107 0.0890522301197052 677.82 721.23 698.08 713.92 755.86 874.07 735.61 881.38
0107 0.06621138751506805 486.53 609.33 514.09 593.93 570.67 695.15 543.11 710.55
0022 0.07150126993656158 648.75 106.97 675.68 126.67 556.20 289.96 529.27 270.26
0108 0.1801941692829132 714.79 238.33 738.22 231.64 768.26 336.95 744.83 343.64
0108 0.07273881882429123 889.04 208.67 912.17 193.65 985.54 306.65 962.41 321.67
0016 0.053247008472681046 803.89 148.02 825.92 158.65 780.02 253.80 757.99 243.17
0030 0.06479080021381378 794.29 112.14 990.37 2.51 1010.69 38.86 814.61 148.49
