0044 0.10893981903791428 28.71 277.93 52.08 273.95 69.15 374.27 45.78 378.24
0044 0.06963171809911728 913.27 576.49 936.21 566.80 988.73 691.22 965.78 700.91
0044 0.06865404546260834 797.90 84.43 821.99 81.73 836.18 208.56 812.10 211.25
0097 0.06584718078374863 789.22 391.63 868.58 450.44 852.50 472.15 773.13 413.34
0097 0.05672338232398033 514.95 459.60 659.92 461.18 659.67 483.61 514.70 482.03
0097 0.05598492920398712 352.75 330.91 501.17 403.17 490.45 425.20 342.02 352.94
0019 0.05812926962971687 1024.89 738.69 1047.46 753.07 968.01 877.78 945.44 863.40
0045 0.05789834260940552 352.30 521.22 378.61 524.59 362.35 651.45 336.04 648.07
0183 0.17955641448497772 14.90 893.69 138.18 938.67 129.05 963.69 5.77 918.71
0183 0.09135814756155014 163.62 702.57 248.74 778.80 234.20 795.03 149.09 718.80
0001 0.05320648103952408 672.51 797.78 779.57 873.66 766.62 891.94 659.55 816.06
0188 0.09954290837049484 735.92 10.46 864.10 78.69 850.23 104.77 722.04 36.54
0040 0.0965595543384552 800.80 478.53 824.64 473.75 853.00 615.09 829.16 619.88
0007 0.07440045475959778 -13.52 876.88 86.52 955.77 71.12 975.29 -28.91 896.40
0190 0.05428740009665489 71.16 825.51 97.26 847.02 10.93 951.74 -15.16 930.23
0185 0.1560216248035431 457.55 502.64 523.09 561.77 509.25 577.11 443.70 517.98
0185 0.0543273501098156 347.10 801.57 461.13 878.53 445.88 901.13 331.84 824.17
0185 0.053964950144290924 571.21 307.98 600.66 302.20 624.97 426.18 595.52 431.95
0200 0.07216139882802963 586.18 621.48 603.99 638.73 513.35 732.34 495.53 715.09
0196 0.059572525322437286 762.29 239.71 881.79 280.53 872.12 308.82 752.63 268.00
0003 0.14185883104801178 688.19 111.29 785.74 158.92 774.14 182.68 676.59 135.05
0042 0.15635888278484344 452.67 762.63 574.07 781.81 569.97 807.75 448.57 788.57
0096 0.060134194791316986 103.57 828.28 236.32 903.79 221.88 929.16 89.13 853.66
0096 0.05120765417814255 -55.48 740.36 142.10 773.88 137.28 802.28 -60.30 768.76
0015 0.07216858118772507 688.51 737.75 753.15 780.76 739.31 801.56 674.67 758.54
0015 0.0708763524889946 755.56 346.55 893.02 411.79 883.13 432.62 745.67 367.37
0015 0.06258134543895721 28.68 807.04 148.27 888.79 132.62 911.69 13.03 829.94
0009 0.06586965173482895 9.41 506.30 26.96 489.66 90.75 556.93 73.21 573.57
0028 0.14165885746479034 537.07 504.36 669.35 529.67 664.53 554.89 532.24 529.57
0028 0.10561375319957733 372.84 482.32 514.43 483.14 514.31 502.89 372.73 502.07
0024 0.06398642808198929 702.14 514.39 723.42 504.82 773.82 616.94 752.54 626.51
0089 0.05918541178107262 660.68 539.88 678.45 531.91 736.53 661.37 718.76 669.35
0089 0.05896352231502533 91.35 628.46 112.27 623.67 139.40 742.25 118.48 747.03
0057 0.07764967530965805 457.25 673.42 581.84 724.12 572.68 746.64 448.09 695.95
0090 0.08808593451976776 201.68 357.82 225.23 360.84 207.36 500.08 183.81 497.06
0090 0.08697839081287384 265.74 140.91 289.05 135.24 320.78 265.51 297.47 271.19
0053 0.09004222601652145 616.02 698.85 642.44 696.14 655.48 823.27 629.06 825.98
0053 0.08760980516672134 941.43 809.52 966.39 804.59 1006.65 1008.12 981.69 1013.06
0053 0.06742490828037262 14.74 520.10 40.77 510.17 81.16 616.08 55.13 626.01
0053 0.06663303077220917 240.42 724.40 268.71 720.34 289.76 866.85 261.46 870.91
0058 0.06790321320295334 820.55 112.40 838.49 105.56 879.78 213.87 861.83 220.71
0026 0.10151103883981705 320.70 495.32 341.77 489.81 372.43 607.12 351.37 612.63
0026 0.06644199043512344 482.60 607.80 506.90 606.79 512.38 737.87 488.07 738.88
0026 0.05575208365917206 514.71 615.70 534.27 608.08 584.58 737.30 565.02 744.92
0162 0.07899905741214752 698.59 622.40 859.45 686.55 838.21 739.81 677.35 675.66
0162 0.06549883633852005 875.90 722.39 911.65 708.29 961.41 834.54 925.66 848.64
0162 0.0653105229139328 778.98 909.14 906.10 985.53 893.91 1005.82 766.79 929.44
0054 0.09336481243371964 202.46 708.37 222.12 699.73 270.44 809.66 250.78 818.31
0054 0.0779324546456337 754.02 797.68 778.32 802.17 751.25 948.71 726.95 944.22
0054 0.070743128657341 387.00 290.58 413.73 283.76 449.19 422.72 422.46 429.54
0054 0.05097518488764763 541.73 799.57 565.79 792.06 628.00 991.23 603.95 998.75
0059 0.13810455799102783 608.53 301.00 631.90 295.07 663.72 420.47 640.36 426.40
0059 0.08226777613162994 31.83 106.57 57.07 105.02 64.20 221.40 38.97 222.95
0059 0.05948348343372345 221.09 353.63 242.59 336.74 324.02 440.31 302.53 457.21
0158 0.2192375808954239 383.86 72.01 487.58 110.55 479.82 131.44 376.10 92.90
0158 0.08035147935152054 350.59 31.34 465.45 56.20 459.94 81.63 345.09 56.78
0158 0.06241936981678009 911.80 278.01 1040.65 333.05 1028.09 362.45 899.24 307.42
0060 0.0521160364151001 212.46 414.06 232.39 415.40 221.93 570.69 202.00 569.34
0055 0.07888874411582947 303.20 807.49 319.87 799.90 382.87 938.27 366.20 945.86
0055 0.05360470339655876 100.19 858.11 123.64 845.87 200.76 993.60 177.31 1005.83
0035 0.08141569048166275 983.17 43.16 1005.91 63.16 911.76 170.24 889.01 150.24
0088 0.07377461344003677 420.18 729.22 442.13 732.15 430.45 819.91 408.50 816.98
0062 0.07131801545619965 234.70 330.51 375.35 356.49 369.75 386.81 229.10 360.84
0061 0.09349387139081955 844.47 302.17 982.50 297.29 983.24 318.33 845.22 323.21
0154 0.1453060805797577 852.49 426.80 1005.16 406.00 1008.52 430.69 855.85 451.49
0154 0.1364322453737259 661.87 389.48 792.39 388.46 792.63 418.71 662.10 419.73
0067 0.09677820652723312 857.60 78.20 883.93 69.18 934.59 217.16 908.26 226.18
0077 0.05251891538500786 667.50 39.03 682.62 46.84 630.14 148.42 615.03 140.61
0063 0.05251256003975868 857.75 873.65 886.41 860.27 960.85 1019.57 932.19 1032.96
0117 0.08304806053638458 805.37 4.91 945.80 41.52 938.61 69.10 798.18 32.48
0122 0.11975481361150742 130.36 604.18 153.92 603.30 159.17 744.63 135.61 745.51
0068 0.06044020131230354 565.28 452.71 654.53 535.72 639.43 551.96 550.18 468.94
0073 0.11233126372098923 17.16 490.86 129.71 546.03 115.60 574.82 3.05 519.65
0073 0.05633212625980377 26.58 176.61 141.31 258.12 126.77 278.58 12.04 197.08
0064 0.060909632593393326 725.56 -5.85 749.39 -12.47 787.16 123.63 763.33 130.24
0083 0.09529358893632889 522.95 66.22 639.52 125.07 627.56 148.75 510.99 89.91
0123 0.12535838782787323 663.62 56.71 683.73 50.63 714.37 151.89 694.26 157.97
0065 0.09166555106639862 859.90 493.73 886.14 477.69 962.11 601.93 935.87 617.97
0124 0.1060490682721138 352.28 509.45 506.44 525.28 503.87 550.31 349.71 534.48
0124 0.09103630483150482 555.73 544.80 691.23 579.73 684.21 606.94 548.71 572.01
0080 0.07146605104207993 712.09 531.07 843.79 452.51 861.03 481.41 729.33 559.97
0125 0.08714722841978073 552.83 152.54 701.76 171.73 697.99 200.98 549.06 181.78
0125 0.05503329262137413 353.42 134.16 501.85 112.67 506.30 143.41 357.87 164.90
0071 0.05043310299515724 22.36 735.02 144.22 774.49 136.22 799.20 14.36 759.72
0142 0.08022189885377884 359.83 659.38 380.01 659.17 381.32 786.00 361.14 786.21
0121 0.16120703518390656 174.13 424.61 296.67 482.52 285.77 505.59 163.23 447.68
0121 0.06017637997865677 -20.88 408.24 111.41 429.83 107.18 455.75 -25.11 434.15
0177 0.0932978093624115 617.02 666.25 642.29 668.34 630.93 806.12 605.66 804.04
0177 0.0695413276553154 885.93 495.27 909.22 504.08 871.70 603.32 848.42 594.51
0163 0.05133753642439842 212.80 642.08 349.35 700.08 336.73 729.77 200.19 671.77
0148 0.07897917926311493 957.29 628.86 983.04 619.46 1031.10 751.09 1005.35 760.49
0114 0.062139417976140976 829.77 796.28 943.13 854.93 930.29 879.75 816.93 821.09
0114 0.054513730108737946 636.73 743.75 763.49 827.73 749.10 849.46 622.34 765.48
0164 0.09392406046390533 882.41 334.68 908.19 317.97 974.98 421.05 949.19 437.76
0164 0.07170935720205307 803.84 524.45 892.29 583.33 873.97 610.84 785.53 551.96
0165 0.05162659287452698 542.72 418.37 610.43 472.51 593.35 493.87 525.64 439.72
0017 0.09731746464967728 40.30 415.83 154.95 499.09 140.30 519.27 25.65 436.01
0017 0.06566218286752701 748.04 601.81 863.96 693.45 845.75 716.49 729.83 624.85
0116 0.10277067869901657 420.68 407.78 539.67 440.85 532.35 467.21 413.35 434.14
0116 0.056879933923482895 208.58 374.53 367.75 386.12 365.55 416.37 206.37 404.78
