0013 0.12480024248361588 820.77 64.30 844.82 40.80 953.65 152.19 929.60 175.69
0013 0.09005146473646164 225.20 719.60 382.70 863.94 352.69 896.68 195.19 752.35
0097 0.12308962643146515 179.36 432.49 375.24 440.00 374.03 471.70 178.14 464.19
0097 0.06790883094072342 367.73 319.96 530.00 379.73 519.02 409.53 356.76 349.76
0183 0.14230884611606598 400.16 482.98 603.71 616.96 579.64 653.54 376.08 519.56
0183 0.10418222099542618 331.94 98.02 584.91 341.18 507.40 421.82 254.43 178.66
0183 0.0859280601143837 26.94 876.46 162.44 951.74 141.12 990.11 5.62 914.83
0001 0.17706622183322906 540.16 621.77 694.59 772.57 662.40 805.53 507.97 654.74
0189 0.14297819137573242 569.08 281.19 835.42 343.39 821.05 404.94 554.71 342.74
0099 0.07958292216062546 118.84 27.45 268.11 101.06 250.85 136.07 101.58 62.46
0190 0.1256294995546341 37.84 776.08 70.80 777.20 64.05 977.15 31.09 976.04
0185 0.13930639624595642 421.92 154.21 550.79 276.65 500.56 329.52 371.69 207.08
0185 0.1318749338388443 809.36 68.60 1005.32 241.94 975.68 275.45 779.72 102.11
0185 0.07754137367010117 345.19 800.13 465.86 883.46 446.22 911.91 325.54 828.58
0181 0.2285151332616806 687.81 558.45 954.50 669.39 928.16 732.71 661.47 621.77
0186 0.0791676715016365 1013.05 640.91 1035.81 656.08 924.99 822.34 902.23 807.17
0096 0.06663800776004791 -56.69 749.32 143.33 759.80 141.66 791.62 -58.35 781.13
0015 0.05672290548682213 559.37 425.69 739.03 507.91 712.77 565.30 533.10 483.08
0028 0.06041011959314346 539.55 490.35 674.34 535.32 664.04 566.19 529.25 521.22
0036 0.16423068940639496 468.47 105.70 612.77 66.34 622.38 101.60 478.08 140.96
0155 0.07194008678197861 61.24 603.98 418.94 643.92 412.57 701.00 54.86 661.06
0151 0.2981654703617096 229.49 506.14 258.26 496.21 314.70 659.70 285.92 669.63
0151 0.07621011883020401 42.96 499.67 209.85 458.72 219.34 497.38 52.44 538.33
0057 0.15910091996192932 632.83 711.42 794.53 770.91 781.40 806.62 619.70 747.14
0053 0.10168421268463135 365.93 954.53 615.03 861.41 634.13 912.51 385.03 1005.63
0053 0.08220484852790833 256.28 710.58 286.61 712.90 274.32 873.59 243.99 871.27
0053 0.07396329194307327 334.97 374.75 584.65 360.17 587.59 410.42 337.90 425.01
0053 0.07286982238292694 1015.23 793.18 1042.06 804.82 944.89 1028.89 918.06 1017.26
0162 0.15507592260837555 704.87 609.81 885.67 698.26 855.25 760.44 674.45 671.99
0162 0.09553101658821106 862.09 731.19 997.04 794.38 982.97 824.41 848.03 761.23
0162 0.07176025956869125 850.30 528.79 1004.66 586.37 987.47 632.46 833.11 574.87
0020 0.1438378244638443 805.56 -13.94 966.26 101.78 942.84 134.30 782.14 18.58
0020 0.11141601204872131 235.47 503.24 271.01 524.19 169.63 696.17 134.10 675.23
0020 0.07514778524637222 183.53 859.34 358.15 866.52 354.65 951.74 180.03 944.56
0054 0.19282270967960358 375.76 265.87 405.33 255.82 471.58 450.62 442.00 460.68
0054 0.07627842575311661 2.91 406.15 173.68 322.23 193.73 363.02 22.96 446.94
0054 0.06977580487728119 801.97 760.26 836.94 761.85 827.30 972.46 792.34 970.86
0059 0.21027740836143494 262.72 319.41 291.22 322.51 275.03 471.24 246.53 468.14
0059 0.06496456265449524 553.53 422.31 595.49 460.21 423.16 651.01 381.20 613.11
0092 0.1212993785738945 225.11 563.65 388.10 583.87 385.27 606.63 222.29 586.41
0055 0.08643962442874908 193.60 791.99 222.96 789.44 240.38 989.57 211.01 992.12
0055 0.06918863952159882 20.54 286.43 52.47 286.64 51.34 456.22 19.41 456.00
0035 0.0834222361445427 866.16 113.26 1005.54 69.71 1014.52 98.46 875.15 142.01
0062 0.0694219321012497 233.87 325.94 384.74 362.08 377.28 393.22 226.42 357.08
0056 0.09937307238578796 57.18 375.51 87.65 385.68 32.89 549.80 2.42 539.63
0154 0.06862378120422363 659.09 399.47 793.10 365.37 801.53 398.48 667.51 432.58
0049 0.3135044574737549 819.54 653.69 850.88 655.13 841.52 859.09 810.18 857.65
0049 0.11504658311605453 331.60 789.96 586.13 760.61 591.83 810.07 337.31 839.42
0049 0.05645718052983284 748.12 699.87 920.19 789.69 906.01 816.85 733.94 727.03
0093 0.11332472413778305 24.54 130.50 284.80 124.01 285.64 157.80 25.38 164.29
0063 0.08751669526100159 779.46 212.55 975.45 21.56 1013.82 60.93 817.82 251.93
0063 0.05040168762207031 912.93 860.31 944.71 868.01 901.75 1045.16 869.97 1037.45
0050 0.35700276494026184 -14.98 696.52 15.97 682.73 86.86 841.88 55.91 855.67
0122 0.32275277376174927 290.07 584.46 320.00 583.80 324.76 798.56 294.82 799.22
0122 0.1076745018362999 264.59 311.43 300.23 299.03 377.58 521.32 341.93 533.72
0122 0.05192002281546593 222.96 617.54 402.01 754.84 382.60 780.14 203.56 642.85
0127 0.07958883047103882 341.18 427.04 502.78 379.99 518.67 434.56 357.07 481.62
0073 0.16637113690376282 386.67 96.18 629.60 189.34 610.75 238.49 367.82 145.33
0073 0.06020393222570419 399.39 317.74 540.29 384.61 526.84 412.94 385.95 346.07
0064 0.07278840243816376 -10.27 168.15 213.12 53.85 236.28 99.12 12.89 213.41
0069 0.2219269722700119 35.46 880.35 181.03 1018.96 151.83 1049.63 6.26 911.02
0069 0.052222054451704025 23.10 616.37 193.34 716.77 153.77 783.87 -16.47 683.47
0123 0.3873409628868103 669.37 348.96 883.40 249.27 906.80 299.50 692.77 399.20
0123 0.0878911167383194 658.56 50.53 678.71 43.24 718.66 153.80 698.51 161.08
0123 0.05485410615801811 -12.58 -8.67 185.46 78.74 164.05 127.26 -34.00 39.85
0065 0.08510656654834747 879.21 455.77 911.56 452.55 930.51 643.05 898.15 646.26
0124 0.12310703843832016 569.51 513.16 691.00 613.12 667.41 641.79 545.92 541.83
0124 0.07365972548723221 376.51 462.20 497.31 569.02 473.77 595.64 352.97 488.83
0080 0.1179037094116211 698.44 513.19 856.29 459.65 867.67 493.20 709.82 546.75
0066 0.11197356879711151 512.45 462.97 543.50 469.24 500.60 681.65 469.55 675.38
0066 0.09463179111480713 337.74 61.82 382.74 35.20 514.87 258.63 469.87 285.24
0085 0.16124673187732697 33.11 693.58 65.22 689.01 86.80 840.60 54.69 845.17
0125 0.16547134518623352 559.59 110.66 688.05 209.00 664.23 240.13 535.76 141.79
0125 0.1009758785367012 237.85 868.47 284.11 879.21 242.96 1056.46 196.70 1045.72
0125 0.06392298638820648 343.33 79.16 520.46 148.87 503.67 191.55 326.53 121.84
0071 0.5537338852882385 20.05 481.98 200.48 623.45 172.71 658.87 -7.72 517.40
0071 0.12680462002754211 16.08 732.91 147.58 769.90 138.87 800.86 7.37 763.87
0071 0.08299179375171661 -6.58 191.47 205.41 287.73 170.43 364.76 -41.56 268.50
0130 0.059838999062776566 776.27 261.47 815.74 238.15 931.62 434.31 892.15 457.62
0142 0.07824978232383728 700.41 318.28 888.77 270.60 897.99 307.04 709.63 354.71
0086 0.1118016466498375 437.22 285.11 464.28 282.78 478.24 444.67 451.18 447.00
0046 0.1245947852730751 615.67 378.56 785.43 438.29 774.51 469.33 604.75 409.60
0167 0.18448984622955322 369.85 205.42 412.38 219.48 337.21 446.87 294.68 432.81
0148 0.077888622879982 166.23 758.90 383.47 651.98 404.60 694.92 187.36 801.84
0114 0.08102204650640488 603.56 734.52 770.56 800.74 754.36 841.61 587.35 775.39
0144 0.08787611871957779 37.70 70.86 261.27 6.16 271.61 41.91 48.05 106.61
0168 0.10707946121692657 -0.38 307.50 147.80 265.95 157.13 299.21 8.94 340.76
0164 0.05022982135415077 869.34 298.38 994.14 410.31 959.35 449.10 834.56 337.16
0165 0.14162541925907135 202.68 317.53 335.89 398.89 319.22 426.18 186.01 344.82
0017 0.3533477783203125 722.70 590.09 881.16 688.83 862.43 718.90 703.97 620.16
0116 0.0951797366142273 193.28 330.20 372.19 425.45 357.95 452.20 179.04 356.94
0107 0.06924328207969666 623.01 734.65 653.58 714.94 766.90 890.72 736.33 910.43
0022 0.06068310886621475 559.32 448.67 769.91 469.14 761.49 555.86 550.90 535.39
0030 0.05164509266614914 809.88 517.93 1066.79 496.29 1071.07 547.04 814.15 568.68
