0192 0.6297035217285156 652.73 746.41 676.32 765.63 595.57 864.74 571.98 845.51
0182 0.9690614938735962 688.09 876.15 752.64 847.93 759.67 864.00 695.11 892.22
0182 0.079192154109478 958.00 67.86 1046.47 103.75 1037.80 125.12 949.33 89.23
0013 0.0501234345138073 218.99 739.05 372.66 833.57 349.18 871.74 195.51 777.22
0187 0.9365807175636292 688.82 77.66 746.90 44.07 757.45 62.32 699.37 95.91
0197 0.6876471042633057 763.85 246.82 786.34 240.61 808.06 319.19 785.57 325.41
0097 0.07954628020524979 795.79 11.12 1014.50 48.21 1009.08 80.17 790.37 43.08
0097 0.0793861374258995 558.78 86.04 617.38 117.45 600.31 149.28 541.72 117.87
0193 0.2107326090335846 864.41 45.62 892.90 70.03 815.77 160.06 787.28 135.65
0019 0.23559650778770447 1020.34 766.18 1043.29 784.70 960.31 887.52 937.36 869.00
0045 0.15111343562602997 480.25 174.25 537.96 199.41 531.93 213.24 474.22 188.08
0006 0.06105013191699982 129.18 22.43 156.27 6.04 237.19 139.79 210.10 156.18
0183 0.4011155366897583 424.83 482.56 588.74 618.46 557.46 656.19 393.54 520.29
0183 0.3565252125263214 814.83 -7.26 881.85 26.90 870.32 49.51 803.30 15.35
0183 0.28269529342651367 303.23 153.77 474.84 169.70 471.56 204.98 299.95 189.05
0183 0.12625519931316376 318.85 150.69 597.58 298.61 564.59 360.76 285.86 212.84
0183 0.07108916342258453 519.57 55.89 563.30 54.62 566.19 154.68 522.45 155.94
0001 0.9506766200065613 91.14 56.95 156.84 21.48 168.30 42.70 102.60 78.16
0001 0.16523900628089905 997.13 132.53 1030.46 137.85 1007.05 284.73 973.72 279.41
0001 0.06016901507973671 533.57 644.15 690.26 741.30 666.27 779.99 509.58 682.85
0098 0.8331009149551392 703.35 899.98 725.29 900.98 721.15 991.79 699.21 990.79
0094 0.24598243832588196 267.12 903.74 292.12 898.63 309.37 983.06 284.36 988.16
0094 0.054886721074581146 539.39 488.12 559.75 499.24 536.46 541.88 516.10 530.75
0094 0.05249859392642975 713.83 555.83 802.23 482.25 817.22 500.25 728.82 573.84
0179 0.12828966975212097 733.58 848.88 792.93 889.51 782.54 904.70 723.18 864.07
0194 0.8077731728553772 46.47 799.82 127.18 790.24 129.22 807.39 48.50 816.97
0189 0.16978098452091217 648.38 229.64 693.58 212.20 783.71 445.71 738.51 463.15
0184 0.8426366448402405 659.21 579.66 686.34 589.13 653.27 683.91 626.14 674.45
0002 0.12816931307315826 433.71 767.03 499.91 811.59 484.14 835.02 417.94 790.45
0002 0.07731471210718155 585.95 589.86 631.50 560.59 711.29 684.73 665.74 714.00
0199 0.6163827776908875 792.31 747.00 859.82 743.28 860.98 764.35 793.47 768.06
0195 0.6250268220901489 832.84 499.83 853.34 497.23 862.30 567.99 841.80 570.59
0180 0.2308279126882553 708.22 964.02 868.11 951.93 871.85 1001.37 711.96 1013.47
0180 0.08223617821931839 723.36 452.16 738.83 438.93 788.85 497.47 773.37 510.70
0180 0.06256555020809174 919.40 857.81 945.57 855.29 955.26 955.86 929.10 958.38
0190 0.05637471005320549 69.12 825.95 98.31 850.09 9.14 957.90 -20.05 933.76
0185 0.39539021253585815 828.57 80.65 1005.14 239.22 973.03 274.97 796.47 116.40
0095 0.5211798548698425 863.29 770.94 1023.69 848.38 1007.30 882.32 846.90 804.88
0181 0.3095530867576599 703.22 570.67 947.15 672.60 922.85 730.76 678.92 628.82
0181 0.10621065646409988 501.13 725.04 601.06 726.21 600.75 752.65 500.82 751.48
0181 0.06718737632036209 706.71 547.05 867.81 587.87 860.02 618.64 698.91 577.82
0186 0.22197844088077545 1005.57 644.08 1032.20 660.11 936.13 819.68 909.50 803.65
0096 0.07911533117294312 437.92 383.20 632.15 474.91 616.22 508.65 421.99 416.93
0015 0.1463576704263687 686.54 732.96 751.47 781.82 735.88 802.53 670.95 753.67
0015 0.10074034333229065 24.85 808.51 143.35 879.94 125.81 909.04 7.31 837.60
0009 0.20310112833976746 228.31 98.06 351.82 155.05 336.81 187.57 213.30 130.57
0010 0.5447835326194763 445.04 71.50 549.54 -5.88 568.12 19.21 463.62 96.59
0010 0.2214570939540863 715.98 627.11 928.78 776.66 901.48 815.51 688.68 665.96
0010 0.056922465562820435 1013.12 152.57 1027.29 166.03 966.86 229.66 952.69 216.20
0023 0.07475247234106064 999.72 -42.15 1024.89 -31.80 973.74 92.49 948.57 82.13
0038 0.12228275835514069 88.07 580.03 138.68 587.83 135.56 608.11 84.94 600.31
0004 0.884306013584137 968.90 541.94 996.00 545.70 981.70 648.72 954.61 644.95
0155 0.8562501072883606 62.08 623.93 396.61 624.58 396.50 682.44 61.97 681.78
0160 0.3151439428329468 700.99 -10.72 791.32 7.40 787.91 24.44 697.57 6.32
0089 0.05943900719285011 37.74 459.56 61.23 456.76 75.52 576.76 52.03 579.56
0057 0.05391480401158333 450.89 689.38 575.43 707.52 572.13 730.19 447.59 712.06
0057 0.05030102655291557 608.96 170.09 667.75 207.98 654.97 227.80 596.18 189.92
0025 0.11648618429899216 40.88 768.30 247.64 832.36 237.33 865.64 30.57 801.58
0161 0.17776691913604736 351.90 511.36 649.06 451.24 658.89 499.80 361.73 559.93
0161 0.056661199778318405 599.26 437.20 666.03 423.35 671.63 450.36 604.85 464.20
0012 0.45566222071647644 819.99 941.07 843.83 958.34 777.71 1049.57 753.88 1032.29
0053 0.9029605388641357 368.80 913.34 626.57 906.46 627.83 953.79 370.07 960.67
0053 0.8354235291481018 327.35 388.50 576.13 361.53 581.44 410.51 332.66 437.48
0026 0.3486971855163574 8.71 721.03 140.38 684.43 149.06 715.65 17.38 752.25
0157 0.09019801020622253 681.60 669.98 739.21 702.37 731.11 716.78 673.50 684.38
0091 0.21258415281772614 375.17 463.49 414.72 457.25 456.98 725.45 417.44 731.68
0020 0.13645565509796143 817.41 -11.81 948.57 98.64 924.76 126.91 793.61 16.46
0054 0.4197843372821808 10.41 407.41 161.83 320.17 183.05 357.01 31.63 444.25
0054 0.09468859434127808 886.67 399.98 939.95 397.39 940.97 418.31 887.69 420.90
0059 0.9231680035591125 375.05 564.62 601.97 462.07 620.48 503.03 393.56 605.58
0059 0.7775824069976807 338.43 866.87 375.90 841.85 490.27 1013.13 452.81 1038.15
0059 0.24208372831344604 767.50 222.89 826.95 185.15 839.59 205.07 780.14 242.81
0048 0.3564615845680237 726.11 779.61 978.40 764.88 981.41 816.39 729.12 831.11
0158 0.08696440607309341 54.91 81.18 161.93 170.45 142.11 194.20 35.10 104.94
0027 0.8410452604293823 687.95 327.10 937.38 305.97 940.64 344.45 691.21 365.58
0021 0.9380205273628235 563.82 867.69 620.10 849.03 625.59 865.58 569.30 884.24
0092 0.07537535578012466 229.39 604.96 363.19 548.76 372.39 570.65 238.58 626.85
0055 0.08084369450807571 484.68 399.38 541.44 398.46 541.77 418.67 485.01 419.59
0159 0.32028403878211975 861.26 788.60 1044.76 937.52 1007.77 983.10 824.27 834.18
0061 0.05401647463440895 851.87 289.55 976.65 307.19 973.11 332.24 848.33 314.59
0056 0.07048602402210236 42.31 391.57 67.57 397.50 30.19 556.78 4.93 550.86
0154 0.12436863780021667 597.20 653.34 681.27 633.79 685.49 651.95 601.42 671.49
0049 0.8820427656173706 317.27 788.93 585.61 762.06 590.45 810.40 322.11 837.27
0093 0.3496551811695099 31.04 122.55 266.91 136.30 264.97 169.63 29.10 155.88
0072 0.49555814266204834 269.73 590.17 284.85 596.72 249.46 678.43 234.33 671.88
0063 0.8951717615127563 723.67 478.32 761.68 446.71 925.75 643.95 887.74 675.57
0063 0.6409825682640076 764.74 153.57 1037.02 62.05 1052.16 107.08 779.88 198.60
0050 0.1854715496301651 478.74 790.11 544.72 803.43 540.35 825.08 474.37 811.76
0050 0.08521176874637604 6.06 709.90 34.34 702.20 72.27 841.58 44.00 849.28
0117 0.10425988584756851 830.83 977.61 874.70 985.25 871.51 1003.61 827.64 995.97
0117 0.07337675243616104 20.89 853.79 69.74 839.03 73.89 852.80 25.04 867.56
0068 0.1064099669456482 553.02 465.23 572.10 448.90 645.46 534.61 626.38 550.94
0132 0.08583880215883255 374.14 240.41 446.45 236.90 447.25 253.36 374.94 256.87
0078 0.8259513974189758 666.44 124.90 762.74 104.07 766.87 123.15 670.56 143.98
0073 0.5026339292526245 431.59 94.78 605.25 214.20 575.73 257.12 402.07 137.70
0064 0.957114040851593 -3.31 120.72 231.78 87.13 238.88 136.84 3.79 170.44
0064 0.5216778516769409 1.38 572.75 31.84 549.95 108.83 652.81 78.38 675.61
0051 0.08204683661460876 645.79 -21.81 765.44 42.65 750.02 71.26 630.38 6.79
0069 0.9034342169761658 420.13 399.33 476.82 427.09 468.43 444.24 411.73 416.49
0069 0.09964817017316818 111.07 465.59 139.11 455.82 171.26 548.09 143.21 557.86
0069 0.05951761454343796 10.21 907.53 45.04 877.15 167.70 1017.77 132.87 1048.15
0123 0.08688648790121078 -19.64 -12.06 178.57 86.23 157.18 129.35 -41.03 31.06
0123 0.06968796998262405 680.16 332.19 884.15 294.87 892.48 340.42 688.50 377.75
0133 0.539550244808197 639.52 225.05 725.49 283.55 706.80 311.01 620.83 252.50
0079 0.907023012638092 526.19 66.50 605.28 91.63 598.42 113.23 519.33 88.10
0065 0.924572765827179 738.51 44.05 773.80 24.02 915.40 273.40 880.11 293.43
0137 0.8827594518661499 315.31 602.75 347.12 599.89 354.22 679.00 322.41 681.85
0137 0.8595259785652161 565.42 542.50 588.36 543.28 585.37 630.23 562.44 629.44
0070 0.9774937629699707 289.17 871.13 354.07 848.72 360.27 866.66 295.36 889.07
0070 0.2509567439556122 560.13 52.99 649.91 118.84 634.67 139.62 544.90 73.77
0134 0.38431838154792786 506.25 671.66 532.86 654.79 587.10 740.38 560.49 757.25
0124 0.17630980908870697 170.18 856.65 272.86 852.15 273.87 875.19 171.20 879.69
0119 0.6406189203262329 666.14 799.47 817.21 742.58 826.06 766.08 674.99 822.97
0066 0.7736383080482483 350.94 77.23 392.01 53.33 514.75 264.25 473.68 288.15
0085 0.051740095019340515 62.62 693.05 93.78 700.83 57.67 845.65 26.50 837.87
0135 0.4723178744316101 99.45 270.41 123.22 253.09 185.69 338.86 161.91 356.18
0135 0.39581772685050964 9.92 676.36 29.56 666.70 82.46 774.17 62.83 783.83
0135 0.2979066073894501 670.07 23.36 701.12 -3.98 791.56 98.74 760.52 126.08
0125 0.16992820799350739 172.98 481.74 285.19 433.95 294.70 456.27 182.49 504.06
0125 0.0721149891614914 183.00 894.39 228.16 875.20 296.17 1035.22 251.01 1054.41
0071 0.8113868236541748 425.07 -8.51 478.37 38.36 463.58 55.17 410.29 8.30
0071 0.08671121299266815 14.59 516.55 49.43 483.36 186.39 627.15 151.55 660.34
0071 0.08275329321622849 4.75 197.24 216.69 301.81 181.12 373.91 -30.82 269.34
0071 0.06946010142564774 116.49 61.47 140.80 55.91 163.15 153.71 138.84 159.26
0071 0.06030883640050888 25.54 722.45 137.35 782.74 123.63 808.18 11.82 747.89
0120 0.9705067276954651 341.94 353.84 473.28 322.06 480.05 350.04 348.71 381.83
0130 0.9382094740867615 780.85 275.77 815.32 253.38 930.65 430.89 896.18 453.29
0142 0.7724429965019226 461.06 859.62 668.88 814.67 675.38 844.72 467.56 889.68
0142 0.05278472974896431 714.06 295.11 879.63 290.83 880.70 332.43 715.13 336.71
0139 0.31846901774406433 469.58 213.89 489.86 232.09 415.78 314.65 395.49 296.45
0136 0.7702375054359436 813.89 282.99 840.50 270.50 890.20 376.37 863.59 388.87
0126 0.18059141933918 655.93 -34.46 700.46 -24.60 633.54 277.43 589.02 267.57
0126 0.12679769098758698 702.54 577.35 764.19 542.23 773.92 559.30 712.27 594.42
0086 0.08429298549890518 456.02 294.51 484.34 299.17 460.36 444.70 432.04 440.04
0131 0.9525097012519836 780.43 636.27 842.51 642.94 840.77 659.18 778.68 652.51
0101 0.052615802735090256 307.81 518.38 320.91 518.38 320.91 589.17 307.81 589.17
0046 0.09101022779941559 626.17 391.22 772.35 426.08 765.18 456.13 619.00 421.28
0147 0.5631083846092224 537.79 662.03 819.85 641.45 823.02 685.00 540.96 705.58
0143 0.06862971931695938 926.14 580.96 947.67 559.51 1036.78 648.96 1015.25 670.41
0172 0.2719883620738983 184.23 790.23 198.29 799.50 158.07 860.54 144.00 851.27
0167 0.6507384181022644 341.44 215.96 384.15 221.19 357.82 436.08 315.10 430.85
0177 0.23263254761695862 614.31 657.96 637.05 647.14 688.86 756.03 666.12 766.85
0163 0.0850471779704094 10.83 927.51 31.14 914.68 83.67 997.83 63.36 1010.66
0163 0.07999724894762039 467.55 -6.70 638.49 164.10 603.57 199.04 432.63 28.24
0163 0.06539172679185867 405.81 82.34 441.52 65.96 519.07 235.11 483.36 251.49
0109 0.20771703124046326 60.86 858.24 149.72 842.49 152.39 857.55 63.53 873.31
0109 0.20050571858882904 167.81 549.31 286.15 615.75 270.08 644.38 151.74 577.93
0148 0.7976406216621399 182.67 758.71 374.33 644.31 399.99 687.30 208.33 801.70
0148 0.2167702466249466 138.54 309.60 392.87 203.18 408.49 240.50 154.15 346.92
0114 0.09062576293945312 620.16 762.57 764.42 798.77 755.99 832.36 611.73 796.16
0173 0.7577389478683472 466.05 761.80 492.64 775.14 395.63 968.36 369.05 955.02
0144 0.6675264239311218 56.65 68.71 259.33 5.44 269.56 38.20 66.87 101.46
0164 0.12723000347614288 793.04 506.68 897.52 585.42 879.74 609.02 775.26 530.27
0103 0.631470263004303 801.00 108.66 831.26 113.00 816.84 213.49 786.58 209.15
0149 0.10697170346975327 51.33 548.23 119.89 575.89 111.23 597.37 42.66 569.70
0174 0.6844414472579956 138.68 538.23 161.41 538.13 161.84 634.96 139.11 635.06
0174 0.5087118148803711 683.49 391.94 698.69 389.21 712.13 463.86 696.93 466.60
0145 0.15207554399967194 557.42 56.21 626.24 31.45 631.66 46.51 562.84 71.27
0169 0.5845861434936523 954.76 141.64 975.90 144.83 963.27 228.52 942.13 225.33
0110 0.11143319308757782 67.68 460.97 130.71 439.11 136.16 454.83 73.13 476.68
0110 0.05334192141890526 350.94 216.06 480.67 233.59 476.47 264.62 346.75 247.09
0170 0.326558917760849 212.13 791.09 228.57 805.05 187.19 853.81 170.75 839.85
0116 0.12634682655334473 210.12 368.23 360.75 392.17 355.48 425.32 204.85 401.38
0107 0.2642715871334076 63.63 815.64 346.78 768.78 354.44 815.06 71.29 861.92
0022 0.10925998538732529 582.83 409.99 786.33 517.86 755.93 575.19 552.44 467.33
0176 0.6431066393852234 790.36 353.16 856.71 339.12 860.89 358.88 794.54 372.92
0105 0.30339929461479187 173.15 873.58 192.95 872.38 197.62 949.63 177.82 950.83
0014 0.4848973751068115 635.43 180.26 653.87 178.48 662.29 265.92 643.85 267.70
0108 0.32981738448143005 452.38 421.61 718.78 375.20 725.71 415.01 459.32 461.42
0029 0.7140210866928101 792.59 488.28 1010.12 410.89 1026.68 457.45 809.15 534.84
0029 0.433747798204422 837.92 959.38 1014.03 862.82 1034.65 900.43 858.54 996.99
0016 0.9423630833625793 827.25 149.39 846.29 168.42 761.25 253.49 742.22 234.46
0030 0.9483265280723572 795.26 56.30 1006.65 56.78 1006.54 102.83 795.16 102.34
0030 0.775407075881958 825.18 557.27 1042.09 461.52 1061.17 504.74 844.26 600.49
