0097 0.05619867518544197 513.95 437.74 657.51 494.15 647.82 518.80 504.26 462.40
0183 0.05023495480418205 34.36 876.71 153.90 953.32 131.48 988.32 11.93 911.71
0099 0.05811105668544769 108.53 28.54 260.95 100.44 247.93 128.04 95.51 56.15
0028 0.18232199549674988 533.39 494.53 667.77 536.49 660.54 559.68 526.15 517.72
0053 0.10333242267370224 938.04 804.30 963.13 798.77 1009.49 1009.16 984.39 1014.69
0053 0.06516329199075699 240.62 715.35 268.21 712.85 282.45 870.32 254.86 872.82
0053 0.06263602524995804 901.02 849.50 924.00 838.59 997.09 992.42 974.12 1003.34
0026 0.05624573305249214 480.13 608.90 504.91 605.93 520.97 740.00 496.19 742.97
0054 0.06759924441576004 564.42 809.10 588.33 803.76 630.38 992.26 606.47 997.59
0054 0.06310073286294937 356.33 278.09 378.62 263.88 486.54 433.25 464.26 447.45
0054 0.06043529137969017 828.47 774.56 855.81 782.91 802.20 958.40 774.86 950.04
0059 0.0858861431479454 957.18 424.64 977.25 421.41 1011.19 632.67 991.13 635.90
0059 0.05532563477754593 234.98 335.59 260.56 327.31 301.88 454.96 276.30 463.23
0158 0.057073820382356644 381.37 77.84 488.44 107.68 482.82 127.82 375.75 97.98
0092 0.0723329558968544 234.24 601.68 360.60 549.26 369.99 571.90 243.62 624.31
0060 0.08579982817173004 181.40 400.75 203.36 401.63 194.71 618.13 172.75 617.26
0060 0.0656779408454895 124.88 447.68 151.42 441.51 190.87 611.44 164.34 617.61
0055 0.1369902789592743 177.10 799.37 205.25 797.53 217.68 988.04 189.54 989.88
0055 0.05502781271934509 112.62 851.80 137.30 843.56 185.00 986.48 160.32 994.72
0056 0.055201251059770584 42.70 370.01 70.60 373.63 48.10 547.41 20.19 543.80
0154 0.07403253018856049 857.89 395.81 980.62 459.96 971.49 477.44 848.76 413.29
0067 0.07525655627250671 875.99 63.61 904.00 61.05 918.39 218.76 890.38 221.32
0063 0.09631762653589249 851.27 883.36 879.17 869.85 950.26 1016.66 922.36 1030.17
0082 0.050242435187101364 246.52 170.36 269.37 162.36 321.21 310.43 298.37 318.43
0117 0.06760493665933609 798.19 30.25 946.43 17.13 948.80 43.88 800.56 57.01
0122 0.15878638625144958 255.42 600.06 282.16 589.65 357.44 783.06 330.69 793.47
0122 0.11264190077781677 272.71 615.69 299.11 599.18 388.23 741.69 361.83 758.21
0064 0.14965848624706268 68.55 866.38 95.78 859.13 143.04 1036.66 115.81 1043.91
0064 0.09285905957221985 536.17 -4.73 560.03 -14.03 645.73 205.89 621.86 215.19
0065 0.10978434979915619 912.78 459.14 937.66 463.47 908.77 629.45 883.89 625.12
0124 0.12034403532743454 551.97 546.96 693.05 589.62 686.05 612.76 544.97 570.11
0124 0.06703303754329681 345.86 486.34 502.10 541.57 493.70 565.35 337.45 510.12
0066 0.12047439813613892 524.51 469.33 552.78 478.76 486.56 677.39 458.29 667.96
0125 0.15692521631717682 553.51 134.72 696.14 191.78 686.38 216.18 543.75 159.12
0121 0.17270086705684662 161.67 442.27 297.61 464.62 293.85 487.52 157.90 465.17
0107 0.09125564992427826 686.47 728.56 710.02 725.78 732.77 918.34 709.21 921.12
