0006 0.14311815798282623 417.47 928.74 773.02 697.87 808.80 752.98 453.26 983.85
0183 0.31758856773376465 342.26 120.35 590.73 309.94 535.06 382.89 286.60 193.30
0183 0.1408751904964447 409.06 491.83 620.59 594.00 586.72 664.12 375.19 561.95
0189 0.3884788155555725 622.34 244.31 838.52 422.33 798.72 470.67 582.53 292.66
0181 0.3767922520637512 741.31 535.65 944.75 674.22 884.98 761.98 681.53 623.40
0010 0.09311934560537338 616.05 704.13 931.63 784.07 909.56 871.19 593.98 791.25
0024 0.2705595791339874 166.20 -58.16 388.23 128.89 317.03 213.40 95.00 26.35
0161 0.07816807180643082 413.73 444.64 503.77 397.25 621.98 621.84 531.94 669.23
0053 0.05034814402461052 340.26 338.93 604.48 377.42 596.12 434.79 331.90 396.30
0020 0.2676137685775757 202.53 782.09 392.72 941.23 323.04 1024.51 132.85 865.37
0159 0.14741837978363037 915.67 781.20 1001.61 812.52 898.04 1096.72 812.10 1065.40
0049 0.10039308667182922 328.73 740.77 626.55 778.53 619.34 835.37 321.53 797.61
0073 0.10789351165294647 418.15 81.26 626.46 201.11 592.69 259.81 384.38 139.96
0069 0.1823774129152298 -0.85 631.43 81.02 581.94 196.83 773.50 114.95 822.99
0123 0.07150962948799133 -90.28 18.91 301.00 42.51 297.35 103.01 -93.93 79.41
0071 0.2837543189525604 45.88 184.15 221.40 343.38 143.93 428.76 -31.58 269.53
0071 0.14089363813400269 8.32 485.90 234.94 619.03 206.32 667.73 -20.30 534.61
0163 0.06659873574972153 444.23 -13.89 531.73 -40.77 636.41 299.97 548.92 326.85
0022 0.39815810322761536 550.45 414.68 782.36 475.56 756.11 575.56 524.20 514.68
