0192 0.4502267837524414 559.31 841.84 664.02 744.49 686.96 769.17 582.26 866.52
0182 0.2736286222934723 960.07 60.41 1051.96 117.20 1040.39 135.92 948.50 79.12
0197 0.10690713673830032 758.53 245.88 779.66 237.69 811.10 318.80 789.96 326.99
0097 0.5445900559425354 775.29 405.67 793.85 388.31 859.26 458.25 840.70 475.61
0097 0.15698851644992828 195.62 415.19 299.55 473.21 288.57 492.87 184.64 434.86
0097 0.11931893974542618 366.56 316.80 526.85 389.43 515.49 414.49 355.20 341.86
0193 0.11902018636465073 844.82 38.67 877.10 49.64 838.84 162.24 806.57 151.27
0019 0.31593841314315796 1009.64 734.01 1037.67 744.64 979.87 896.98 951.84 886.35
0006 0.5507788062095642 138.81 10.51 166.88 -0.62 224.37 144.46 196.30 155.58
0006 0.05373024940490723 99.71 38.25 130.93 20.59 200.15 143.02 168.92 160.68
0183 0.38792771100997925 28.27 586.83 51.59 569.22 131.59 675.13 108.27 692.75
0183 0.354722261428833 -7.57 625.24 124.59 692.39 111.94 717.28 -20.21 650.13
0183 0.07963764667510986 400.46 480.55 433.04 457.00 561.75 635.03 529.17 658.58
0183 0.05678349360823631 142.06 718.37 167.48 698.73 249.29 804.64 223.87 824.28
0001 0.07782687246799469 668.11 801.85 785.54 863.00 772.56 887.91 655.14 826.76
0188 0.33091071248054504 743.58 -1.22 862.37 99.02 842.09 123.05 723.30 22.81
0094 0.4063724875450134 264.91 901.77 289.65 895.64 312.60 988.15 287.86 994.28
0094 0.1935470551252365 704.58 562.40 805.13 477.15 821.33 496.25 720.78 581.51
0179 0.0656561329960823 730.63 847.52 798.18 893.66 788.05 908.48 720.51 862.33
0184 0.15412640571594238 641.08 569.16 667.15 567.74 673.53 684.57 647.46 685.99
0002 0.35656800866127014 415.32 779.35 434.57 764.27 493.87 839.97 474.62 855.05
0099 0.08034253865480423 391.25 0.06 463.17 43.75 450.22 65.08 378.30 21.39
0007 0.08811528235673904 -17.62 870.67 82.94 955.49 66.82 974.60 -33.73 889.78
0195 0.05366582050919533 818.74 495.04 844.24 487.45 868.78 569.90 843.29 577.49
0180 0.18408642709255219 702.27 965.23 871.79 954.85 874.55 1000.02 705.03 1010.40
0190 0.10019336640834808 47.17 814.57 80.66 821.43 50.73 967.48 17.24 960.61
0185 0.4157271981239319 334.97 809.83 358.91 789.76 453.61 902.66 429.67 922.74
0185 0.17105133831501007 311.83 572.85 413.10 671.92 393.00 692.47 291.73 593.39
0185 0.14926138520240784 452.45 503.87 526.81 562.02 514.60 577.64 440.24 519.49
0185 0.12209878861904144 813.10 75.43 846.78 56.25 967.34 268.00 933.66 287.18
0185 0.0771973729133606 418.64 188.22 450.57 162.37 535.83 267.69 503.91 293.53
0181 0.09094111621379852 965.35 457.89 989.76 464.15 963.42 566.79 939.01 560.52
0200 0.26690080761909485 567.69 608.94 591.72 620.40 534.34 740.77 510.31 729.31
0196 0.6874600052833557 783.80 221.22 869.05 303.16 849.36 323.64 764.11 241.70
0003 0.06490939110517502 689.89 124.01 788.04 152.18 781.21 175.97 683.06 147.80
0042 0.5288795232772827 457.32 764.18 574.03 787.83 570.21 806.69 453.50 783.04
0096 0.06029107794165611 725.75 419.16 824.59 473.22 811.07 497.92 712.24 443.86
0015 0.4942666292190552 38.27 798.01 145.37 898.66 124.20 921.18 17.11 820.53
0015 0.11676537245512009 690.31 734.25 753.61 787.97 738.22 806.10 674.93 752.37
0015 0.08949150890111923 910.69 45.55 994.53 82.26 983.25 108.01 899.42 71.30
0015 0.053744204342365265 763.11 347.15 785.21 326.48 892.51 441.18 870.41 461.85
0009 0.10967926681041718 19.62 495.01 90.05 538.27 79.44 555.54 9.01 512.28
0009 0.06296184659004211 112.42 229.07 184.25 256.27 178.55 271.32 106.72 244.12
0010 0.14422914385795593 446.63 77.86 548.52 -14.05 569.86 9.61 467.97 101.52
0028 0.1295621693134308 543.78 493.99 672.04 530.72 662.94 562.48 534.68 525.75
0028 0.1116984486579895 386.46 461.36 516.06 511.15 507.69 532.96 378.08 483.17
0028 0.06225801259279251 704.55 520.98 755.02 544.04 744.16 567.80 693.70 544.73
0036 0.055351268500089645 474.75 92.03 613.18 83.66 615.29 118.46 476.86 126.84
0024 0.2620745301246643 688.89 519.72 709.29 505.14 783.01 608.26 762.62 622.85
0089 0.690483033657074 29.19 462.18 56.37 452.08 100.70 571.32 73.52 581.43
0089 0.3932478725910187 96.70 623.07 119.56 620.27 134.80 744.65 111.94 747.45
0089 0.059909261763095856 665.97 533.80 686.22 527.15 731.08 663.76 710.84 670.41
0057 0.7439727783203125 446.36 695.91 580.93 704.14 579.55 726.65 444.98 718.42
0057 0.44184306263923645 631.97 719.23 784.64 762.00 774.81 797.09 622.14 754.31
0057 0.2319898009300232 599.84 181.77 619.60 163.73 667.01 215.65 647.25 233.69
0032 0.05095591023564339 793.72 212.78 815.76 226.81 727.55 365.46 705.51 351.43
0025 0.05342631787061691 938.42 945.29 956.67 938.71 991.61 1035.73 973.35 1042.30
0090 0.28945639729499817 238.47 158.43 255.02 142.84 343.93 237.27 327.38 252.85
0053 0.13052839040756226 248.25 715.05 278.40 715.30 277.14 867.98 246.99 867.73
0053 0.12307539582252502 952.84 798.58 978.69 796.44 996.34 1010.04 970.48 1012.17
0053 0.10661058127880096 1040.42 806.81 1061.64 822.66 926.50 1003.65 905.28 987.80
0053 0.07146841287612915 614.17 689.38 639.32 684.42 665.27 816.03 640.12 820.99
0026 0.613261342048645 132.92 545.41 153.80 536.55 194.21 631.82 173.34 640.67
0026 0.07689051330089569 17.82 690.79 154.28 709.15 150.06 740.50 13.60 722.13
0026 0.054321035742759705 300.89 513.91 320.75 499.41 386.45 589.36 366.59 603.86
0162 0.3795686960220337 779.35 922.73 803.07 899.35 898.95 996.62 875.23 1020.00
0162 0.09510823339223862 866.12 538.88 892.88 514.49 991.25 622.41 964.49 646.81
0162 0.06611621379852295 876.85 736.34 903.85 719.30 970.72 825.27 943.71 842.31
0020 0.051444049924612045 811.63 -10.60 946.32 89.41 923.84 119.69 789.14 19.68
0054 0.07455506920814514 6.75 356.39 186.90 367.33 184.23 411.24 4.08 400.30
0054 0.06668230146169662 795.34 772.36 829.37 775.47 814.07 942.69 780.05 939.58
0054 0.06355530768632889 584.31 795.87 610.69 794.70 619.66 997.34 593.28 998.51
0054 0.06306380778551102 560.09 810.61 590.99 811.95 582.18 1015.37 551.28 1014.03
0054 0.05098553001880646 205.56 697.55 224.54 691.11 266.89 815.97 247.91 822.41
0059 0.34248313307762146 763.81 222.93 831.00 180.20 842.68 198.56 775.49 241.29
0059 0.18065370619297028 241.70 322.38 274.95 318.68 290.55 459.17 257.30 462.86
0059 0.07798271626234055 14.63 100.85 51.54 92.56 80.95 223.51 44.03 231.80
0059 0.06746093928813934 611.01 291.92 633.97 287.43 661.90 430.24 638.94 434.73
0034 0.05921471491456032 79.32 130.40 183.13 64.72 196.62 86.06 92.82 151.74
0158 0.19249045848846436 374.16 83.47 492.67 100.95 489.52 122.24 371.02 104.76
0158 0.09072591364383698 28.75 104.07 176.33 143.17 168.56 172.49 20.98 133.39
0158 0.07600189745426178 915.00 273.69 1045.07 342.44 1031.34 368.43 901.26 299.68
0027 0.29252004623413086 949.09 146.38 967.94 143.85 981.20 242.68 962.35 245.21
0027 0.1251034438610077 729.98 175.85 807.08 142.95 816.29 164.53 739.19 197.43
0092 0.19978681206703186 236.75 596.90 370.85 552.02 378.62 575.23 244.52 620.11
0092 0.10554312914609909 660.42 549.20 677.98 549.31 677.48 630.05 659.92 629.94
0055 0.08928478509187698 179.80 798.92 207.47 797.76 215.76 994.29 188.09 995.46
0055 0.06840390712022781 -8.16 316.88 18.19 303.52 81.87 429.04 55.51 442.41
0055 0.06045272946357727 319.52 796.88 339.27 793.55 366.80 956.52 347.04 959.86
0055 0.05699152499437332 403.19 765.34 430.79 764.97 433.36 953.22 405.75 953.59
0055 0.0508471354842186 119.32 850.51 146.33 844.26 182.91 1002.33 155.89 1008.58
0035 0.09080088883638382 875.00 115.66 1006.98 75.16 1016.26 105.43 884.29 145.93
0159 0.11406803876161575 937.25 109.61 1026.78 57.01 1041.35 81.82 951.82 134.41
0088 0.1091584712266922 417.51 727.94 440.73 730.64 430.52 818.50 407.30 815.80
0088 0.07991228997707367 933.54 815.80 955.17 800.62 1043.78 926.91 1022.15 942.09
0062 0.4488961100578308 235.49 321.84 376.26 362.40 366.84 395.09 226.07 354.52
0061 0.738717794418335 851.37 291.26 978.63 308.51 975.71 330.00 848.46 312.75
0056 0.2361474484205246 78.88 378.94 106.74 393.93 22.54 550.41 -5.31 535.43
0154 0.22165055572986603 662.91 380.78 806.82 390.09 804.86 420.40 660.95 411.09
0154 0.2137250304222107 597.22 655.27 681.09 629.89 686.77 648.66 602.90 674.04
0154 0.07645450532436371 857.51 409.58 1010.69 423.71 1008.27 449.95 855.09 435.82
0067 0.06254388391971588 893.06 70.23 924.37 69.94 925.95 238.76 894.64 239.06
0049 0.056910209357738495 326.53 818.61 565.35 736.95 579.70 778.93 340.88 860.58
0093 0.5142150521278381 35.43 172.46 257.81 85.94 270.19 117.78 47.81 204.30
0077 0.10873624682426453 115.45 683.03 215.96 635.37 227.12 658.93 126.61 706.58
0063 0.11933440715074539 880.37 871.81 912.51 869.29 925.28 1031.92 893.14 1034.44
0082 0.0767241045832634 241.36 178.76 264.59 167.45 332.65 307.27 309.42 318.57
0050 0.21783003211021423 -3.05 702.07 30.68 691.75 79.70 851.86 45.97 862.18
0117 0.2199525386095047 798.19 14.60 958.80 28.47 956.09 59.79 795.48 45.92
0117 0.13763445615768433 938.75 216.23 1012.76 203.93 1015.38 219.71 941.38 232.01
0122 0.354995995759964 120.38 607.86 146.44 603.51 170.86 749.70 144.80 754.05
0122 0.17219139635562897 299.78 590.31 330.15 592.14 317.14 807.55 286.78 805.72
0068 0.628869891166687 557.35 461.11 650.80 520.91 638.65 539.90 545.20 480.10
0127 0.134810671210289 201.76 345.59 221.00 344.25 227.45 437.07 208.22 438.40
0127 0.12728816270828247 360.54 431.46 515.20 397.22 522.56 430.49 367.91 464.73
0127 0.08951788395643234 741.79 165.20 835.79 158.91 837.20 179.90 743.20 186.20
0078 0.09704256802797318 665.92 128.95 764.64 98.39 770.35 116.83 671.63 147.39
0073 0.47880658507347107 10.69 229.25 114.40 299.31 99.64 321.14 -4.06 251.09
0073 0.21046076714992523 34.93 169.10 142.36 273.39 124.57 291.72 17.14 187.43
0073 0.17595703899860382 423.67 70.91 590.69 231.96 558.81 265.02 391.80 103.96
0073 0.09130791574716568 23.44 476.91 133.01 558.45 115.63 581.80 6.06 500.26
0073 0.06874380260705948 159.52 320.32 206.53 304.01 243.66 411.02 196.65 427.33
0064 0.20684479176998138 -2.48 571.21 23.73 549.92 113.43 660.31 87.23 681.61
0064 0.07321429997682571 -1.36 123.45 234.87 88.59 241.47 133.35 5.24 168.21
0064 0.058508239686489105 577.01 -9.45 604.12 -10.18 610.54 227.76 583.43 228.49
0083 0.22702528536319733 523.38 66.99 644.24 124.53 632.40 149.40 511.54 91.86
0083 0.07171689718961716 89.61 370.35 111.46 363.66 142.05 463.51 120.21 470.21
0051 0.13086777925491333 628.13 3.16 769.26 19.92 766.48 43.30 625.36 26.54
0069 0.38280820846557617 5.47 907.81 35.31 878.49 170.05 1015.59 140.21 1044.92
0069 0.1494152694940567 558.46 244.07 582.92 252.29 553.79 338.93 529.33 330.71
0069 0.0693923607468605 123.46 461.53 152.43 459.08 160.67 556.64 131.71 559.09
0123 0.34807300567626953 666.28 52.53 687.83 47.92 710.30 153.11 688.75 157.71
0123 0.10901588946580887 683.53 359.32 870.84 271.60 890.12 312.79 702.82 400.50
0133 0.18963280320167542 635.52 227.64 725.75 268.23 709.72 303.86 619.49 263.27
0065 0.17086058855056763 869.15 476.11 898.15 467.42 943.70 619.52 914.70 628.20
0137 0.0681239664554596 557.92 543.95 576.97 540.94 590.68 627.75 571.63 630.76
0070 0.7179118990898132 560.75 54.09 650.48 119.01 634.84 140.62 545.12 75.69
0134 0.5196869373321533 500.82 656.24 530.56 642.13 584.31 755.38 554.57 769.50
0124 0.3375830054283142 565.78 537.30 702.58 589.86 691.43 618.88 554.63 566.31
0124 0.24420109391212463 363.66 485.68 505.97 545.75 493.59 575.06 351.28 514.99
0124 0.05351486802101135 170.40 863.42 276.99 842.88 281.50 866.27 174.91 886.81
0080 0.12858648598194122 702.19 518.96 849.70 456.83 862.89 488.14 715.38 550.26
0085 0.424333393573761 54.06 689.67 82.86 692.84 65.81 847.91 37.02 844.74
0135 0.7007963061332703 668.46 20.02 697.22 -4.43 792.05 107.14 763.29 131.59
0135 0.4507299065589905 97.19 257.47 124.91 242.45 183.34 350.31 155.63 365.32
0135 0.1635088473558426 3.93 683.78 26.54 670.22 93.24 781.44 70.63 795.00
0125 0.22493594884872437 347.61 94.03 520.87 144.21 512.44 173.32 339.18 123.14
0125 0.21407057344913483 173.11 480.55 292.11 432.28 300.67 453.38 181.66 501.65
0125 0.13662436604499817 549.53 142.49 702.76 183.14 694.15 215.59 540.92 174.94
0071 0.22664164006710052 26.00 483.47 64.45 463.32 162.77 650.94 124.32 671.09
0071 0.14256608486175537 27.68 721.03 143.35 784.85 128.22 812.26 12.55 748.44
0071 0.0691002681851387 115.16 61.91 137.87 55.49 165.43 152.85 142.73 159.28
0071 0.0665336474776268 428.33 -7.83 479.54 41.51 463.37 58.29 412.16 8.95
0130 0.11151719838380814 799.48 255.58 841.26 241.50 911.95 451.27 870.17 465.34
0142 0.12520967423915863 454.95 847.80 662.22 837.09 663.82 868.11 456.55 878.81
0142 0.06762607395648956 376.17 654.44 396.56 659.51 364.11 789.76 343.73 784.69
0139 0.539228081703186 452.74 204.41 479.39 215.62 434.53 322.25 407.88 311.04
0136 0.36517730355262756 801.26 285.63 828.31 267.74 903.46 381.38 876.41 399.27
0086 0.6025645136833191 43.17 620.59 121.92 640.80 114.94 668.00 36.19 647.79
0086 0.5241392254829407 441.64 286.05 469.19 285.12 474.54 443.78 446.99 444.71
0046 0.38636651635169983 622.45 389.71 777.10 427.31 769.99 456.57 615.34 418.97
0121 0.1947186142206192 174.70 435.27 299.93 469.76 292.07 498.31 166.84 463.83
0121 0.0905585065484047 -30.05 413.21 110.49 421.61 108.87 448.80 -31.67 440.40
0143 0.1794320046901703 934.62 567.23 1049.05 643.72 1034.36 665.70 919.92 589.21
0143 0.06092890352010727 912.09 566.30 974.23 507.82 991.03 525.67 928.88 584.15
0177 0.2192039042711258 618.06 655.30 706.30 743.15 687.80 761.74 599.56 673.89
0177 0.06833543628454208 584.97 670.41 607.34 662.66 654.27 798.23 631.91 805.97
0163 0.5471299886703491 12.70 918.56 102.30 982.59 83.85 1008.40 -5.75 944.37
0163 0.08341582864522934 62.52 746.13 164.45 767.66 154.51 814.69 52.59 793.17
0109 0.12948359549045563 67.23 859.63 151.11 833.58 156.79 851.87 72.91 877.92
0148 0.06569506973028183 161.56 745.03 401.46 681.66 411.33 719.03 171.43 782.40
0114 0.340688556432724 610.74 766.27 772.79 795.27 768.09 821.58 606.03 792.57
0114 0.15025879442691803 822.70 805.76 953.19 840.88 945.35 870.02 814.86 834.90
0144 0.2747240662574768 49.47 55.35 261.87 31.27 265.47 63.03 53.07 87.11
0168 0.053516097366809845 3.56 307.71 138.02 267.85 147.75 300.71 13.29 340.56
0164 0.5618025064468384 939.91 821.06 1014.15 866.55 999.42 890.59 925.18 845.09
0164 0.5155086517333984 799.24 505.45 895.48 590.37 873.22 615.60 776.97 530.68
0164 0.18073663115501404 879.41 331.94 904.25 316.10 967.00 414.52 942.16 430.36
0164 0.05500887706875801 874.86 119.76 943.62 94.08 992.10 223.87 923.33 249.55
0103 0.24907879531383514 787.52 109.24 812.90 105.76 827.50 212.33 802.12 215.80
0149 0.18423642218112946 49.97 552.01 121.07 575.34 114.29 596.00 43.19 572.66
0174 0.15590237081050873 131.35 535.25 154.25 532.01 169.63 640.67 146.73 643.91
0169 0.2718797028064728 956.49 142.72 976.39 146.33 961.50 228.33 941.60 224.71
0165 0.5919106602668762 547.16 413.11 610.57 471.83 589.59 494.49 526.18 435.77
0165 0.40525612235069275 388.64 108.95 501.50 181.50 485.67 206.13 372.81 133.59
0165 0.05020001530647278 205.98 318.44 322.61 395.78 306.36 420.29 189.72 342.96
0017 0.3188726603984833 741.31 603.47 866.80 685.23 850.20 710.71 724.71 628.94
0017 0.275968074798584 39.75 424.58 147.20 498.84 133.42 518.79 25.96 444.53
0110 0.21013270318508148 345.69 215.69 484.86 235.78 480.62 265.14 341.45 245.05
0116 0.47445395588874817 417.12 411.42 540.48 432.23 535.32 462.83 411.96 442.02
0116 0.4560818672180176 212.55 356.37 366.20 406.98 356.16 437.45 202.51 386.84
0107 0.28911811113357544 649.22 735.72 683.84 723.78 747.42 908.13 712.80 920.07
0108 0.059667542576789856 696.94 246.78 714.89 234.65 777.40 327.20 759.45 339.33
0029 0.06999047100543976 828.53 958.68 1016.75 876.19 1030.23 906.94 842.00 989.43
0029 0.05459748953580856 783.22 492.92 1008.58 415.46 1023.59 459.12 798.23 536.58
0016 0.08837554603815079 734.68 237.93 835.19 148.51 852.53 168.01 752.02 257.43
0030 0.07879481464624405 824.52 543.07 1041.06 492.06 1050.37 531.62 833.84 582.63
