0192 0.07062426954507828 561.93 840.61 664.67 742.65 682.62 761.48 579.88 859.44
0182 0.13476477563381195 951.81 68.51 1056.06 108.36 1048.68 127.65 944.43 87.80
0044 0.5389947891235352 920.33 570.03 946.01 563.23 981.49 697.12 955.81 703.92
0044 0.3315804600715637 26.55 275.64 51.26 270.19 75.76 381.38 51.05 386.83
0044 0.243401437997818 796.55 84.40 816.79 82.39 830.56 220.92 810.32 222.93
0044 0.11808539181947708 961.84 532.87 981.99 532.19 987.43 693.47 967.28 694.15
0097 0.6403144598007202 506.54 470.68 649.94 463.20 651.39 490.90 507.99 498.38
0097 0.2861230969429016 356.38 334.88 505.36 399.92 495.15 423.30 346.17 358.27
0097 0.08283126354217529 773.67 401.70 792.35 384.90 862.11 462.48 843.43 479.28
0097 0.05250352621078491 190.94 420.15 303.87 469.02 294.97 489.58 182.04 440.72
0019 0.18904708325862885 1023.66 740.13 1046.70 753.80 965.82 890.20 942.78 876.54
0045 0.6070641279220581 322.76 526.13 346.66 515.90 399.94 640.47 376.04 650.69
0045 0.4378317892551422 441.94 500.30 468.71 497.24 484.09 631.69 457.32 634.75
0045 0.19547581672668457 394.30 511.36 439.57 508.76 448.01 655.23 402.73 657.83
0183 0.638725757598877 145.09 719.64 164.97 702.42 253.90 805.09 234.03 822.31
0183 0.5157551169395447 -5.57 609.70 18.31 588.99 124.86 711.83 100.98 732.54
0183 0.3811180293560028 10.49 883.88 34.21 860.66 143.59 972.40 119.86 995.62
0183 0.11801274865865707 27.19 583.02 49.78 566.20 137.40 683.91 114.81 700.72
0001 0.7713651061058044 665.14 803.74 784.99 858.05 774.42 881.39 654.57 827.08
0188 0.4002361297607422 727.42 11.10 747.42 -8.15 857.54 106.28 837.54 125.53
0040 0.13521982729434967 793.66 477.59 819.25 471.18 855.07 613.98 829.48 620.39
0094 0.18658161163330078 268.46 901.96 292.30 897.92 308.10 991.16 284.26 995.20
0094 0.051012855023145676 804.39 458.05 823.12 472.90 730.76 589.38 712.04 574.53
0099 0.23677556216716766 108.68 46.86 257.47 78.48 250.53 111.14 101.73 79.52
0007 0.094156913459301 -18.34 870.46 88.82 956.65 72.91 976.43 -34.25 890.24
0190 0.11832424998283386 66.45 810.91 96.57 824.56 34.52 961.49 4.40 947.85
0185 0.6772263646125793 301.29 576.55 323.05 562.81 404.45 691.76 382.69 705.50
0185 0.6244043707847595 562.84 318.16 674.06 386.94 658.87 411.51 547.64 342.73
0185 0.45565733313560486 412.11 191.79 445.80 161.70 542.25 269.68 508.56 299.77
0185 0.33608660101890564 331.14 808.86 353.34 788.67 460.43 906.45 438.23 926.63
0185 0.13174177706241608 451.01 499.68 528.58 563.25 515.55 579.15 437.98 515.59
0181 0.08969157189130783 959.50 454.57 983.44 457.60 969.45 568.31 945.51 565.29
0200 0.06129616126418114 588.65 618.18 606.83 635.80 510.06 735.64 491.89 718.03
0196 0.17115694284439087 774.54 218.17 872.52 303.62 854.88 323.85 756.90 238.40
0003 0.1398940086364746 691.40 110.58 787.74 161.46 775.18 185.24 678.84 134.36
0042 0.0621991902589798 452.84 768.59 577.18 784.05 574.90 802.33 450.57 786.87
0096 0.38302671909332275 103.20 832.50 243.93 899.16 231.00 926.47 90.27 859.81
0096 0.15149126946926117 -16.49 723.07 121.00 811.79 106.84 833.73 -30.65 745.01
0015 0.8608482480049133 771.88 333.24 894.70 433.04 876.60 455.33 753.77 355.52
0015 0.743557870388031 584.49 429.68 731.25 505.59 710.31 546.08 563.54 470.16
0015 0.12868382036685944 24.62 800.89 145.11 891.15 128.50 913.33 8.01 823.07
0015 0.07946480065584183 558.74 454.42 686.01 533.24 675.54 550.15 548.27 471.33
0028 0.24257111549377441 536.26 503.81 673.56 527.49 669.09 553.36 531.80 529.69
0028 0.10510197281837463 374.96 471.79 521.93 495.46 517.70 521.72 370.73 498.05
0160 0.6225109696388245 850.91 927.41 995.19 968.98 987.03 997.28 842.76 955.72
0160 0.17888987064361572 917.17 874.62 937.91 871.57 961.38 1031.04 940.65 1034.10
0160 0.08280900865793228 878.63 904.91 1007.55 973.37 999.68 988.18 870.77 919.73
0089 0.7775823473930359 653.69 548.64 762.52 647.66 746.12 665.68 637.29 566.66
0089 0.39007821679115295 106.73 617.90 129.40 618.77 124.51 747.44 101.84 746.58
0089 0.19188350439071655 47.90 458.97 73.62 458.58 75.50 583.95 49.78 584.34
0089 0.08872444927692413 712.05 538.90 732.26 546.31 682.92 680.82 662.71 673.40
0151 0.20873528718948364 363.20 918.23 387.83 909.12 441.70 1054.71 417.07 1063.82
0151 0.06266408413648605 224.07 516.82 248.39 504.89 321.75 654.50 297.43 666.43
0151 0.0530148483812809 648.94 909.38 666.78 909.87 663.90 1014.70 646.06 1014.21
0057 0.10539335757493973 442.13 680.95 582.50 718.74 577.66 736.73 437.29 698.93
0032 0.8161728382110596 800.07 221.36 818.44 236.48 722.93 352.49 704.57 337.37
0161 0.7729592323303223 94.66 901.69 116.84 884.45 215.94 1012.00 193.75 1029.23
0161 0.48682859539985657 73.49 924.39 200.21 1007.32 184.50 1031.33 57.78 948.39
0161 0.06044866144657135 181.20 887.77 202.78 900.59 111.49 1054.26 89.91 1041.44
0090 0.7606238126754761 126.10 15.10 146.81 -0.95 239.41 118.54 218.70 134.59
0090 0.6985241770744324 139.25 370.14 161.09 361.70 219.42 512.76 197.57 521.20
0090 0.647895336151123 243.31 162.54 261.11 146.23 350.61 243.92 332.81 260.23
0090 0.12139183282852173 170.73 363.33 195.37 355.82 237.34 493.65 212.70 501.16
0033 0.057122837752103806 316.78 23.17 338.56 21.21 349.29 140.56 327.50 142.52
0053 0.43175873160362244 922.56 845.76 953.07 840.14 985.25 1014.85 954.74 1020.47
0053 0.3064698576927185 250.80 717.41 279.70 718.32 274.96 870.06 246.06 869.15
0053 0.2555093765258789 17.85 512.79 44.31 504.33 81.64 621.08 55.19 629.54
0053 0.08845821022987366 610.91 692.58 636.42 685.59 673.35 820.53 647.84 827.51
0053 0.08182553201913834 958.02 803.66 982.10 801.03 1005.46 1015.35 981.38 1017.97
0058 0.0539264939725399 832.82 105.46 853.35 102.68 870.14 226.97 849.62 229.74
0026 0.7837502360343933 488.23 607.35 515.29 607.17 516.20 743.73 489.14 743.91
0026 0.7790144085884094 761.94 626.10 779.04 639.38 688.33 756.33 671.22 743.06
0026 0.6036263108253479 677.81 625.64 697.61 616.59 764.53 762.95 744.74 772.00
0026 0.5972121953964233 528.07 603.69 550.33 600.78 568.61 740.52 546.35 743.44
0026 0.28550559282302856 647.93 667.73 806.45 697.13 802.35 719.26 643.83 689.85
0026 0.13682089745998383 298.79 497.02 317.17 483.77 397.53 595.14 379.16 608.40
0026 0.06337565928697586 785.25 617.38 805.03 628.44 737.55 749.17 717.77 738.12
0026 0.05916928872466087 428.46 656.85 603.78 669.36 602.03 693.79 426.72 681.28
0162 0.7898738980293274 876.40 506.44 990.73 610.40 965.89 637.72 851.56 533.76
0162 0.6303102970123291 880.26 732.43 908.20 717.18 969.17 828.83 941.23 844.09
0162 0.5962080955505371 777.86 913.02 908.62 978.99 897.44 1001.15 766.68 935.18
0162 0.4979201853275299 700.18 615.46 869.40 696.36 847.31 742.58 678.08 661.67
0162 0.49299338459968567 897.74 494.73 1013.95 596.30 994.16 618.94 877.95 517.37
0162 0.06421779841184616 853.74 889.48 875.77 899.08 817.97 1031.59 795.94 1021.98
0091 0.0540478341281414 373.83 484.92 404.60 481.33 417.95 595.67 387.18 599.26
0020 0.11495329439640045 257.73 507.53 285.98 532.25 153.21 684.03 124.96 659.31
0054 0.7856262922286987 816.74 776.69 841.14 767.69 896.45 917.74 872.04 926.74
0054 0.7204893231391907 514.56 863.58 537.86 855.83 586.59 1002.45 563.30 1010.20
0054 0.6014998555183411 722.19 788.84 747.15 783.72 782.65 956.82 757.69 961.94
0054 0.1973915845155716 814.81 769.15 844.67 778.14 794.79 943.83 764.94 934.85
0054 0.19171056151390076 574.42 807.31 598.67 804.44 622.70 1007.83 598.44 1010.69
0054 0.10566846281290054 216.64 691.66 236.79 688.55 257.56 823.16 237.41 826.27
0054 0.09666866064071655 440.85 273.21 469.24 284.93 401.18 449.74 372.80 438.02
0054 0.06691407412290573 484.75 882.31 658.26 933.77 651.76 955.67 478.26 904.21
0054 0.06255031377077103 676.59 836.52 846.81 892.96 840.35 912.44 670.14 856.00
0059 0.8552954792976379 916.33 458.22 938.94 451.38 988.74 615.90 966.14 622.75
0059 0.545380711555481 931.05 441.78 950.35 435.69 1010.33 625.97 991.04 632.05
0059 0.4581543505191803 23.86 105.42 50.23 99.97 76.06 224.93 49.69 230.38
0059 0.20243068039417267 609.60 294.87 633.67 289.40 664.56 425.45 640.48 430.91
0059 0.18051177263259888 244.84 325.99 271.91 321.79 293.04 458.34 265.97 462.53
0059 0.17683857679367065 935.69 436.23 955.71 425.98 1051.21 612.58 1031.19 622.83
0059 0.11915118992328644 893.30 488.61 1086.77 547.12 1079.72 570.44 886.25 511.94
0059 0.05041453242301941 1020.38 415.14 1036.09 423.48 928.17 626.80 912.46 618.46
0158 0.1874210387468338 901.29 283.56 1046.39 324.24 1037.98 354.23 892.88 313.55
0158 0.17673949897289276 377.77 83.81 491.84 99.00 488.90 121.12 374.83 105.94
0092 0.05788814276456833 659.34 546.82 677.35 546.55 678.59 628.06 660.58 628.34
0060 0.6757267117500305 437.08 372.08 459.20 366.95 497.56 532.25 475.45 537.39
0060 0.6218319535255432 115.55 450.27 141.43 441.36 199.19 609.02 173.32 617.93
0060 0.41683992743492126 151.52 412.74 172.51 407.32 225.42 612.12 204.44 617.55
0060 0.2990059554576874 518.95 377.01 536.61 394.51 403.98 528.29 386.33 510.79
0060 0.08404368162155151 195.65 410.51 219.05 408.07 238.38 593.85 214.98 596.29
0060 0.07425245642662048 73.24 507.42 256.96 532.52 253.78 555.80 70.06 530.70
0055 0.5758817791938782 119.98 855.83 142.74 850.55 177.24 999.34 154.48 1004.61
0055 0.47578516602516174 298.67 799.93 317.60 790.73 391.02 941.84 372.09 951.04
0055 0.42252254486083984 401.58 785.25 428.84 774.16 485.29 912.97 458.02 924.06
0055 0.2762722671031952 183.64 796.16 209.93 790.80 251.02 992.26 224.73 997.62
0055 0.2535594403743744 156.15 804.83 181.72 799.22 226.32 1002.74 200.74 1008.35
0055 0.1284082531929016 312.76 803.68 333.88 788.25 435.58 927.45 414.46 942.88
0055 0.11280205100774765 365.87 780.03 395.29 770.99 447.38 940.38 417.95 949.43
0055 0.10548338294029236 423.60 783.49 443.43 802.11 309.26 945.02 289.43 926.40
0055 0.08325336128473282 335.29 892.61 520.83 802.88 536.40 835.08 350.86 924.81
0055 0.07757624238729477 94.30 854.89 271.77 939.13 261.13 961.53 83.67 877.29
0035 0.072271928191185 878.10 139.61 993.93 52.02 1010.58 74.04 894.75 161.62
0088 0.7184342741966248 935.75 814.80 955.70 800.99 1035.48 916.24 1015.53 930.05
0088 0.10642626136541367 417.50 724.47 440.95 726.45 432.88 821.75 409.43 819.76
0061 0.1174238845705986 52.78 -1.76 93.96 3.45 76.77 139.25 35.59 134.03
0061 0.07957375049591064 851.31 285.77 979.31 311.34 974.86 333.66 846.85 308.09
0056 0.6385347247123718 29.10 377.63 52.31 370.35 101.99 528.70 78.78 535.99
0056 0.2676214873790741 23.47 378.89 50.53 378.40 53.44 540.55 26.38 541.04
0154 0.3776044249534607 854.03 406.54 986.12 448.81 979.52 469.41 847.44 427.14
0154 0.26885461807250977 667.01 385.95 801.37 403.10 797.92 430.09 663.57 412.94
0067 0.45279034972190857 868.62 67.65 894.73 62.54 927.93 232.20 901.82 237.31
0067 0.08652849495410919 895.80 421.25 913.74 422.11 908.60 528.33 890.67 527.46
0063 0.5912353992462158 882.42 865.87 915.38 861.80 936.68 1034.17 903.72 1038.24
0063 0.17013639211654663 881.40 869.44 898.53 870.72 887.79 1015.53 870.65 1014.26
0082 0.6943543553352356 252.42 175.25 275.65 167.68 321.87 309.65 298.64 317.21
0117 0.20994994044303894 803.56 20.90 950.23 22.32 949.93 53.30 803.27 51.89
0122 0.9129267334938049 312.87 600.61 340.67 589.05 401.14 734.53 373.34 746.08
0122 0.25015878677368164 127.03 607.28 154.46 605.24 164.99 747.07 137.56 749.10
0122 0.23783940076828003 284.69 605.64 315.39 593.90 376.53 753.83 345.82 765.57
0122 0.07626593858003616 340.41 599.79 359.39 591.54 421.71 734.92 402.73 743.17
0068 0.19375254213809967 555.83 459.94 655.85 517.33 644.10 537.82 544.08 480.43
0073 0.6103265285491943 20.09 174.21 157.32 282.35 139.93 304.42 2.70 196.27
0073 0.5657727718353271 142.92 330.58 184.72 297.68 261.54 395.28 219.73 428.18
0073 0.4047085642814636 27.79 467.60 130.87 568.78 109.04 591.02 5.96 489.84
0073 0.16543136537075043 15.87 222.85 110.45 306.87 93.50 325.95 -1.08 241.94
0073 0.05678967759013176 125.38 169.07 145.18 188.38 19.22 317.60 -0.59 298.30
0064 0.5276569128036499 78.40 864.78 108.42 860.25 134.95 1036.02 104.93 1040.55
0064 0.41626936197280884 517.15 57.87 539.59 52.08 579.87 208.22 557.43 214.01
0064 0.2844736874103546 718.00 5.25 739.70 -0.70 779.36 144.03 757.65 149.98
0064 0.25007954239845276 556.27 5.83 582.17 -0.40 635.27 220.37 609.37 226.60
0064 0.11881177127361298 56.65 863.66 73.34 859.79 109.41 1015.14 92.73 1019.01
0064 0.10690212994813919 577.40 18.46 603.28 7.39 659.14 137.96 633.27 149.03
0064 0.07221430540084839 30.65 936.54 191.17 918.32 194.54 947.98 34.01 966.20
0064 0.06907746195793152 729.94 -12.57 752.50 -22.30 825.45 146.86 802.89 156.59
0064 0.05929764360189438 20.11 554.24 46.25 547.16 82.06 679.39 55.91 686.47
0083 0.0755431056022644 518.83 70.04 645.19 120.88 635.31 145.44 508.95 94.60
0083 0.07159027457237244 93.14 365.23 114.24 360.69 137.11 466.83 116.01 471.38
0051 0.05877228081226349 634.92 -30.77 761.09 47.16 746.88 70.17 620.71 -7.76
0065 0.4437866508960724 897.37 462.72 923.31 462.85 922.53 624.82 896.60 624.70
0065 0.06814035028219223 888.26 466.38 905.16 469.15 880.64 618.92 863.74 616.15
0070 0.053479235619306564 565.24 49.72 651.70 124.59 634.88 144.01 548.42 69.14
0124 0.46267393231391907 555.83 551.31 696.73 584.07 691.01 608.67 550.11 575.90
0124 0.29207903146743774 350.29 509.89 502.00 519.68 499.90 552.17 348.19 542.38
0080 0.21875427663326263 701.16 511.65 856.99 472.20 864.55 502.07 708.72 541.52
0066 0.22756174206733704 518.53 470.53 543.59 475.67 508.24 647.94 483.19 642.80
0085 0.14215168356895447 57.55 687.55 86.63 692.29 60.92 849.98 31.84 845.24
0135 0.06580708920955658 668.88 2.48 689.96 -15.69 794.10 105.14 773.02 123.31
0125 0.511204183101654 547.53 147.87 700.75 178.08 695.47 204.82 542.26 174.61
0125 0.16228017210960388 356.02 101.63 520.32 140.26 513.55 169.08 349.25 130.45
0142 0.19789351522922516 352.19 659.08 372.90 656.53 389.31 789.40 368.60 791.96
0139 0.08806414157152176 469.48 208.97 491.24 226.47 414.59 321.71 392.84 304.20
0086 0.18019342422485352 458.26 286.02 484.32 290.45 459.16 438.23 433.10 433.79
0121 0.2962270975112915 167.02 438.75 300.19 469.21 294.53 493.93 161.36 463.48
0121 0.05769163370132446 -22.43 402.56 114.93 434.25 109.05 459.76 -28.31 428.06
0143 0.38213926553726196 149.05 338.73 168.51 344.80 134.00 455.50 114.53 449.43
0177 0.23099182546138763 885.88 494.67 910.68 503.98 869.69 613.24 844.89 603.93
0177 0.09396465867757797 601.31 655.18 628.33 652.52 643.33 804.75 616.31 807.41
0163 0.31901800632476807 221.17 637.89 357.35 704.05 341.17 737.37 204.98 671.21
0163 0.2852542996406555 118.48 504.84 226.15 594.31 198.99 627.00 91.32 537.54
0163 0.10743455588817596 11.28 913.25 110.88 991.24 93.47 1013.47 -6.13 935.49
0163 0.0893324762582779 82.36 727.19 170.77 790.50 141.08 831.96 52.67 768.66
0148 0.6234681606292725 979.44 614.72 1009.15 615.42 1005.57 769.39 975.86 768.69
0148 0.09204521775245667 78.22 552.98 102.35 548.70 122.67 663.26 98.54 667.54
0114 0.06192808598279953 815.73 814.65 952.58 830.73 949.19 859.60 812.34 843.52
0164 0.757770836353302 863.13 125.12 921.83 90.09 995.69 213.85 936.99 248.88
0164 0.6911008358001709 880.16 328.47 983.11 408.47 963.02 434.33 860.06 354.33
0164 0.265690416097641 793.96 499.44 822.33 487.52 876.60 616.66 848.23 628.58
0103 0.11195801198482513 799.03 104.91 823.64 106.84 814.96 217.18 790.34 215.24
0165 0.5634773969650269 383.54 108.29 505.42 182.88 491.45 205.70 369.57 131.11
0017 0.6518476605415344 613.05 20.31 721.62 126.30 696.56 151.97 587.99 45.99
0017 0.30204522609710693 38.49 415.99 158.59 496.78 144.15 518.24 24.05 437.45
0017 0.2898966372013092 736.85 609.70 759.28 590.43 858.09 705.45 835.66 724.72
0116 0.14146380126476288 411.89 415.42 543.71 428.17 540.94 456.80 409.12 444.05
0116 0.10364373028278351 215.43 361.67 369.57 402.96 362.13 430.73 207.99 389.45
0107 0.8899059891700745 905.39 711.97 934.26 708.15 952.00 842.02 923.13 845.85
0107 0.78873211145401 864.64 729.69 888.64 720.28 937.50 844.94 913.51 854.35
0107 0.3325691521167755 711.07 715.16 736.68 713.81 746.83 906.00 721.22 907.35
0107 0.3092992305755615 654.38 733.88 685.05 724.03 742.81 903.99 712.15 913.83
0107 0.2114175707101822 824.28 767.89 990.30 784.34 988.40 803.51 822.38 787.06
0107 0.125403493642807 921.18 724.33 941.64 714.84 999.96 840.63 979.50 850.12
0108 0.21474069356918335 697.31 248.37 713.10 236.64 781.37 328.56 765.59 340.29
