0005 0.13216134905815125 635.70 846.60 749.06 921.55 733.42 945.20 620.06 870.25
0044 0.5271314978599548 911.85 572.72 939.32 563.48 982.02 690.48 954.55 699.72
0044 0.4188229441642761 782.89 90.29 803.79 74.99 888.62 190.83 867.72 206.13
0044 0.29950088262557983 17.43 286.84 44.31 274.70 87.28 369.78 60.40 381.93
0044 0.23782728612422943 773.85 95.12 799.51 85.18 850.85 217.62 825.18 227.56
0044 0.13149864971637726 935.68 560.47 960.96 552.00 1000.75 670.71 975.48 679.18
0044 0.09224202483892441 600.41 441.58 625.09 429.17 676.02 530.42 651.34 542.84
0044 0.08174790441989899 254.56 448.80 285.62 458.24 246.90 585.64 215.84 576.20
0044 0.062245871871709824 982.98 562.58 1007.74 562.79 1006.71 683.64 981.96 683.43
0044 0.050969600677490234 978.74 518.62 1004.87 510.33 1044.51 635.25 1018.38 643.54
0013 0.2237483561038971 809.93 34.16 944.70 124.02 926.03 152.01 791.27 62.15
0018 0.06306329369544983 839.23 46.73 862.02 65.28 780.56 165.38 757.77 146.84
0097 0.40222829580307007 513.41 435.17 633.23 523.57 619.57 542.08 499.76 453.68
0097 0.3224734663963318 560.69 419.07 670.29 491.68 657.23 511.39 547.63 438.78
0097 0.2760329842567444 361.21 329.69 483.44 409.44 471.70 427.44 349.46 347.69
0097 0.26237985491752625 541.39 425.43 651.78 520.23 636.32 538.23 525.94 443.43
0097 0.2319623827934265 376.20 310.33 544.80 386.27 532.89 412.72 364.28 336.78
0097 0.2143615484237671 226.89 386.30 385.58 476.94 369.07 505.85 210.38 415.22
0097 0.08321958780288696 786.64 390.63 876.20 458.07 857.49 482.92 767.93 415.48
0097 0.08211487531661987 206.00 415.36 293.44 468.90 278.79 492.83 191.35 439.28
0045 0.5304344892501831 422.44 501.32 444.28 492.43 495.79 618.96 473.95 627.85
0045 0.3603065311908722 317.80 520.39 341.47 515.15 371.54 650.91 347.87 656.15
0045 0.32949385046958923 405.20 498.36 428.30 491.24 470.89 629.41 447.80 636.53
0045 0.30817750096321106 346.06 519.38 367.60 514.42 398.15 647.04 376.61 652.00
0045 0.2840192914009094 379.57 505.15 399.56 498.11 447.89 635.13 427.91 642.18
0045 0.05018226057291031 433.97 497.03 455.48 484.84 517.13 593.64 495.63 605.83
0006 0.23280875384807587 118.28 19.65 142.19 0.68 238.32 121.84 214.41 140.81
0006 0.0995703861117363 85.27 57.22 104.93 39.27 207.73 151.90 188.06 169.84
0006 0.07007783651351929 437.71 834.21 593.93 897.54 582.08 926.78 425.85 863.46
0006 0.05647341534495354 113.18 -20.17 144.62 -46.85 287.00 120.88 255.57 147.56
0183 0.36312881112098694 30.18 589.44 151.75 660.63 140.25 680.27 18.68 609.08
0183 0.28257879614830017 316.37 778.28 447.12 893.07 423.83 919.60 293.08 804.80
0183 0.28168758749961853 145.94 746.03 160.13 732.12 239.54 813.11 225.35 827.02
0183 0.24666741490364075 157.58 712.04 258.27 779.62 245.86 798.11 145.17 730.53
0183 0.23321060836315155 5.14 618.55 124.32 707.40 109.69 727.02 -9.49 638.18
0183 0.16711510717868805 37.87 889.34 121.76 950.98 105.80 972.70 21.91 911.06
0183 0.14823593199253082 25.71 603.59 137.60 698.81 122.17 716.94 10.28 621.72
0183 0.0548817403614521 133.52 750.88 148.74 738.05 232.75 837.71 217.53 850.54
0001 0.5054928064346313 662.27 791.90 777.81 873.01 765.84 890.07 650.30 808.95
0001 0.24919499456882477 678.71 775.35 784.00 862.24 770.54 878.55 665.25 791.66
0001 0.09951972961425781 653.70 809.52 771.54 890.39 760.01 907.20 642.17 826.33
0188 0.30932584404945374 744.84 -1.64 859.32 96.39 837.48 121.90 722.99 23.86
0198 0.09326744079589844 656.67 784.95 680.86 797.11 602.71 952.55 578.52 940.39
0040 0.3851151764392853 787.38 480.39 810.85 468.98 872.75 596.24 849.28 607.66
0040 0.16272570192813873 770.42 501.22 797.57 490.46 849.30 620.97 822.15 631.74
0040 0.07895401865243912 586.10 848.82 610.85 829.66 682.29 921.94 657.54 941.10
0040 0.07798921316862106 22.03 692.59 50.80 681.41 86.11 772.29 57.33 783.47
0094 0.292535662651062 786.74 468.40 809.37 484.84 733.57 589.19 710.94 572.75
0094 0.05723574385046959 -14.17 551.17 121.59 473.29 139.14 503.88 3.38 581.77
0002 0.15300577878952026 925.40 88.52 958.27 91.67 946.18 217.89 913.31 214.74
0002 0.07261470705270767 865.41 112.87 892.25 99.55 939.07 193.92 912.24 207.24
0099 0.4216007888317108 105.73 34.24 247.64 111.88 234.93 135.11 93.02 57.48
0099 0.30749133229255676 118.72 36.64 273.87 68.93 269.02 92.26 113.87 59.96
0099 0.06166590750217438 169.44 -17.62 189.40 -25.36 247.82 125.14 227.85 132.89
0099 0.05475732311606407 301.61 79.74 426.56 180.39 404.87 207.31 279.92 106.66
0007 0.17467962205410004 -28.91 872.27 80.69 942.87 66.34 965.13 -43.25 894.54
0185 0.49708136916160583 426.89 171.79 553.92 267.43 539.29 286.87 412.26 191.22
0185 0.3705703914165497 561.66 320.08 668.21 378.98 656.29 400.54 549.74 341.64
0185 0.36723724007606506 333.95 809.88 356.08 789.70 456.37 899.67 434.24 919.85
0185 0.32661938667297363 371.62 192.99 522.28 298.60 504.01 324.67 353.35 219.06
0185 0.30349618196487427 551.44 329.12 654.53 415.37 638.64 434.36 535.55 348.11
0185 0.2578011155128479 731.08 396.34 850.00 496.36 830.03 520.11 711.11 420.08
0185 0.2333981841802597 309.69 577.83 410.77 670.43 392.50 690.37 291.43 597.77
0185 0.13308146595954895 397.27 176.80 545.61 284.00 529.94 305.69 381.60 198.49
0041 0.1469898223876953 425.81 909.42 449.23 898.60 495.96 999.76 472.54 1010.58
0191 0.07370752841234207 939.41 574.01 960.60 557.04 1052.77 672.14 1031.58 689.11
0181 0.051630813628435135 411.55 980.65 520.31 1015.23 511.36 1043.38 402.60 1008.80
0200 0.10069988667964935 552.10 612.02 581.12 621.55 541.80 741.32 512.78 731.79
0196 0.10628052800893784 896.42 31.56 923.51 40.08 884.57 163.86 857.48 155.34
0037 0.4255206286907196 779.78 882.59 805.73 868.11 883.71 1007.86 857.75 1022.34
0037 0.1034766137599945 762.59 915.05 786.69 898.84 863.99 1013.73 839.89 1029.94
0186 0.07196783274412155 1027.43 637.78 1059.11 666.14 934.29 805.58 902.61 777.22
0042 0.21794630587100983 448.34 761.42 574.03 783.25 570.17 805.46 444.48 783.64
0096 0.3599546551704407 111.75 838.37 247.00 907.12 234.87 930.99 99.63 862.24
0096 0.3511468470096588 150.90 829.30 266.92 881.93 256.74 904.38 140.72 851.75
0096 0.24974089860916138 -15.66 692.04 135.47 790.19 121.00 812.46 -30.13 714.31
0096 0.16277353465557098 -38.28 728.15 113.27 796.96 102.34 821.03 -49.21 752.22
0096 0.1298648715019226 308.19 873.60 430.47 981.32 409.61 1004.99 287.33 897.28
0096 0.10310526192188263 374.97 806.66 398.68 788.82 453.32 861.41 429.60 879.26
0015 0.6149155497550964 769.20 333.57 897.60 435.16 882.32 454.47 753.93 352.87
0015 0.531928300857544 602.02 423.06 728.21 533.87 710.58 553.95 584.39 443.14
0015 0.25257793068885803 574.11 457.74 659.59 527.29 646.84 542.97 561.35 473.42
0015 0.1927100569009781 40.17 810.56 133.39 881.12 112.39 908.86 19.18 838.31
0015 0.11650168895721436 814.63 664.50 839.83 639.73 914.77 715.95 889.57 740.73
0015 0.054576288908720016 737.64 328.50 881.10 462.53 856.33 489.04 712.87 355.02
0009 0.0920194759964943 23.42 495.39 87.25 538.68 71.16 562.41 7.33 519.12
0023 0.051251281052827835 997.39 -11.78 1020.40 1.99 969.73 86.66 946.72 72.89
0038 0.19849687814712524 30.29 908.52 58.61 899.54 92.97 1007.80 64.64 1016.78
0028 0.559161365032196 532.31 503.21 681.76 532.66 677.75 553.00 528.30 523.55
0028 0.3895430862903595 376.59 464.68 520.94 509.47 514.83 529.16 370.48 484.37
0028 0.07316428422927856 546.82 478.30 566.37 469.07 629.55 602.86 610.01 612.09
0028 0.06489452719688416 474.48 511.64 660.34 547.13 655.63 571.82 469.77 536.33
0036 0.20341840386390686 477.21 120.08 602.51 42.56 619.35 69.79 494.05 147.30
0024 0.19384679198265076 791.66 610.71 907.79 704.83 885.03 732.91 768.90 638.80
0024 0.14158615469932556 703.48 516.97 781.61 593.78 766.13 609.54 687.99 532.73
0160 0.396185040473938 863.56 919.96 982.64 1008.98 966.96 1029.96 847.87 940.95
0160 0.25492748618125916 880.74 900.99 1024.80 968.35 1013.95 991.55 869.89 924.19
0089 0.5906293392181396 649.11 557.66 664.83 544.85 752.37 652.23 736.65 665.04
0089 0.4820656180381775 43.71 461.05 69.72 456.01 94.27 582.63 68.26 587.68
0089 0.420702189207077 92.35 628.06 118.05 623.03 142.81 749.69 117.12 754.72
0089 0.24628746509552002 537.60 427.89 558.18 411.29 634.53 505.97 613.95 522.56
0089 0.1548180729150772 12.90 326.20 44.74 327.12 41.90 425.42 10.06 424.50
0089 0.14329761266708374 523.53 777.35 547.83 762.06 624.04 883.20 599.74 898.48
0089 0.07791617512702942 640.38 561.05 660.69 550.36 730.55 682.99 710.24 693.68
0089 0.06745782494544983 666.10 546.26 685.54 531.79 764.61 638.00 745.17 652.47
0011 0.1336427628993988 322.48 708.18 344.41 719.53 291.79 821.27 269.85 809.93
0151 0.4779610335826874 625.46 903.67 650.22 896.28 688.39 1024.02 663.64 1031.42
0151 0.2914189398288727 430.68 919.15 455.60 910.02 497.48 1024.26 472.56 1033.40
0151 0.25619760155677795 373.62 916.02 398.21 910.88 425.96 1043.85 401.37 1048.99
0151 0.16696880757808685 589.27 912.86 611.25 903.31 668.15 1034.34 646.17 1043.89
0151 0.10222698003053665 398.60 920.16 421.54 908.57 482.31 1028.89 459.37 1040.48
0151 0.078029565513134 560.15 939.31 581.26 924.48 657.70 1033.27 636.59 1048.10
0057 0.36160722374916077 438.47 681.03 585.81 718.29 580.42 739.63 433.07 702.38
0057 0.17740269005298615 633.51 720.56 778.33 770.44 768.49 799.01 623.67 749.14
0057 0.05211321637034416 426.39 162.64 471.33 163.45 468.11 340.62 423.17 339.80
0057 0.050810787826776505 596.56 183.71 617.44 165.09 664.11 217.44 643.23 236.05
0032 0.4973285496234894 784.30 207.52 808.17 216.69 748.46 372.07 724.59 362.90
0032 0.30172330141067505 751.52 195.17 774.63 199.76 743.25 357.83 720.14 353.24
0032 0.0758323147892952 726.79 201.94 748.10 204.65 730.86 340.57 709.56 337.87
0052 0.2692536413669586 824.71 503.83 854.35 497.37 883.24 629.81 853.60 636.28
0047 0.07928239554166794 806.00 910.85 837.82 895.73 888.18 1001.70 856.36 1016.82
0161 0.3810645341873169 68.60 924.56 190.25 1017.99 175.38 1037.35 53.73 943.92
0161 0.28632116317749023 104.76 913.00 225.11 992.95 211.04 1014.13 90.69 934.18
0161 0.07265010476112366 57.02 940.07 173.14 1033.69 158.85 1051.40 42.74 957.78
0090 0.4964694380760193 112.83 382.39 134.81 365.52 238.96 501.18 216.98 518.05
0090 0.49512922763824463 244.30 157.94 261.98 143.03 350.46 247.92 332.79 262.83
0090 0.4657638370990753 137.03 22.04 152.89 8.79 237.85 110.49 221.99 123.74
0090 0.2705170512199402 142.92 375.42 163.75 360.68 248.27 480.13 227.44 494.87
0090 0.26499733328819275 174.30 379.84 188.70 370.15 244.45 453.03 230.04 462.72
0090 0.06788043677806854 229.71 171.43 246.34 157.22 336.41 262.64 319.78 276.85
0152 0.4615492522716522 433.24 528.14 456.44 518.00 505.38 629.96 482.19 640.10
0152 0.37295690178871155 617.88 501.59 641.44 493.33 691.41 635.80 667.85 644.06
0152 0.17123328149318695 564.75 534.25 591.73 520.30 667.95 667.70 640.98 681.65
0152 0.13874880969524384 588.34 513.39 610.01 504.01 670.32 643.27 648.65 652.66
0152 0.06736606359481812 420.76 534.89 444.69 527.29 482.77 647.22 458.84 654.82
0033 0.3570731580257416 753.47 31.11 771.27 13.91 882.99 129.55 865.19 146.74
0033 0.30023881793022156 300.25 11.77 324.35 6.68 353.13 142.91 329.03 148.01
0033 0.07674107700586319 324.46 3.97 351.01 -0.68 374.90 135.69 348.35 140.35
0053 0.5419296026229858 234.72 719.85 259.96 714.73 289.86 862.07 264.61 867.19
0053 0.39040234684944153 915.57 860.37 939.41 854.59 972.18 989.75 948.35 995.53
0053 0.20925162732601166 16.39 508.22 45.75 497.64 91.63 624.85 62.27 635.44
0053 0.17329049110412598 934.98 821.64 963.98 806.25 1043.61 956.24 1014.60 971.64
0053 0.17268504202365875 922.56 845.56 950.97 833.60 1012.47 979.66 984.07 991.62
0053 0.08484403789043427 596.20 708.21 621.63 694.86 679.32 804.72 653.89 818.07
0053 0.07691749185323715 965.04 802.03 990.95 788.17 1059.90 917.05 1033.98 930.91
0058 0.22866827249526978 811.01 121.53 838.99 108.97 890.56 223.80 862.58 236.36
0026 0.6422035098075867 472.14 612.67 497.98 608.27 520.49 740.61 494.65 745.01
0026 0.6333317160606384 520.46 604.15 544.25 597.79 582.88 742.17 559.09 748.54
0026 0.5031009912490845 732.16 613.68 753.74 607.19 794.07 741.24 772.48 747.74
0026 0.33865299820899963 511.27 610.54 535.56 608.88 544.46 739.38 520.17 741.03
0026 0.31502655148506165 710.67 616.18 734.23 609.81 771.67 748.22 748.10 754.60
0026 0.2484014630317688 692.97 616.43 718.65 611.04 750.68 763.50 725.00 768.90
0026 0.09464386850595474 302.11 522.66 326.28 507.04 380.16 590.45 355.98 606.07
0026 0.08437678217887878 300.83 197.27 329.55 178.00 423.83 318.53 395.11 337.80
0026 0.08008464425802231 122.76 547.66 147.72 533.20 201.35 625.75 176.39 640.21
0026 0.07857441157102585 658.35 642.30 683.57 631.68 740.75 767.52 715.52 778.13
0026 0.05060937628149986 534.61 600.72 559.02 592.13 606.00 725.73 581.59 734.31
0162 0.4644377529621124 889.87 727.92 984.57 814.61 968.37 832.31 873.66 745.62
0162 0.4263337552547455 863.81 507.90 997.36 631.06 978.17 651.87 844.62 528.71
0162 0.33259648084640503 794.42 906.07 895.44 994.84 883.06 1008.93 782.04 920.15
0162 0.3295847177505493 738.11 592.08 880.81 700.15 864.63 721.52 721.93 613.44
0162 0.31834784150123596 888.97 503.90 1034.34 586.36 1023.22 605.97 877.84 523.51
0162 0.29675859212875366 700.90 627.06 826.42 733.43 811.82 750.66 686.30 644.29
0162 0.19305787980556488 705.60 610.94 874.43 716.67 860.24 739.33 691.40 633.61
0162 0.07332845777273178 767.83 928.52 785.38 911.22 897.63 1025.07 880.08 1042.38
0162 0.05347716808319092 931.99 472.18 1047.26 584.57 1029.94 602.33 914.67 489.94
0162 0.05017603561282158 710.23 555.57 978.73 660.72 964.40 697.30 695.90 592.16
0157 0.19614800810813904 735.56 731.57 767.89 738.50 745.60 842.52 713.28 835.59
0091 0.052337370812892914 384.71 525.39 430.60 517.76 464.03 718.69 418.14 726.32
0020 0.08075331896543503 210.75 502.27 251.95 512.98 203.94 697.81 162.73 687.11
0054 0.6199888586997986 816.68 773.64 838.96 763.85 904.97 914.11 882.70 923.89
0054 0.4913865327835083 512.25 862.67 534.76 854.30 589.78 1002.23 567.27 1010.60
0054 0.4300227165222168 800.95 777.26 822.95 769.58 877.71 926.40 855.72 934.09
0054 0.37380120158195496 784.71 773.28 808.80 767.24 850.76 934.76 826.66 940.80
0054 0.3691953718662262 401.88 283.07 426.74 275.40 469.07 412.51 444.21 420.19
0054 0.32447102665901184 534.48 847.20 557.85 839.57 608.49 994.67 585.12 1002.30
0054 0.3196699619293213 688.91 808.12 711.72 795.70 790.01 939.51 767.20 951.93
0054 0.26919880509376526 556.71 832.01 581.53 825.35 627.03 994.94 602.21 1001.60
0054 0.24891500174999237 768.21 787.38 789.06 781.62 830.45 931.53 809.61 937.29
0054 0.22432874143123627 728.39 798.94 752.02 790.20 808.92 944.05 785.28 952.79
0054 0.20821690559387207 596.57 820.48 628.34 817.89 643.03 997.69 611.26 1000.28
0054 0.05828087776899338 508.50 921.51 623.26 1034.42 606.74 1051.21 491.98 938.30
0054 0.053842805325984955 370.78 311.03 396.52 298.32 461.86 430.69 436.13 443.40
0054 0.05296581983566284 362.58 607.05 448.94 586.28 456.19 616.45 369.84 637.22
0054 0.050398603081703186 828.74 759.54 853.70 747.22 919.04 879.59 894.08 891.91
0059 0.5482237935066223 911.81 475.46 932.52 465.88 995.00 601.01 974.29 610.58
0059 0.5419655442237854 229.43 320.98 255.70 312.88 302.30 463.97 276.02 472.07
0059 0.2919274568557739 929.27 451.99 951.02 443.95 1005.32 590.84 983.57 598.88
0059 0.2725028097629547 10.41 106.92 36.76 95.98 90.97 226.45 64.63 237.40
0059 0.18072184920310974 956.89 454.91 980.30 447.68 1025.40 593.78 1001.99 601.00
0059 0.09660431742668152 978.05 405.27 1006.52 401.35 1027.33 552.14 998.86 556.06
0059 0.07430925965309143 593.94 294.40 624.82 283.26 672.29 414.77 641.41 425.91
0059 0.052767667919397354 976.89 380.60 1003.83 368.30 1062.38 496.56 1035.43 508.86
0034 0.14596442878246307 84.55 124.46 203.10 49.52 220.75 77.44 102.20 152.38
0048 0.05929597467184067 399.65 916.48 427.51 898.45 494.05 1001.31 466.19 1019.34
0158 0.08879467099905014 369.48 73.47 488.03 109.81 481.22 132.04 362.67 95.70
0158 0.06878948956727982 933.22 280.05 1022.34 336.94 1006.88 361.17 917.75 304.27
0027 0.12661892175674438 601.85 228.77 704.29 300.79 683.44 330.46 580.99 258.44
0027 0.12482129037380219 924.02 151.37 948.36 137.69 1001.08 231.49 976.73 245.17
0027 0.057888202369213104 684.38 675.61 716.79 662.46 766.41 784.80 734.00 797.95
0092 0.12314458191394806 647.67 546.12 676.62 541.30 693.95 645.37 665.00 650.19
0092 0.08286381512880325 238.21 571.72 403.38 572.56 403.25 597.21 238.08 596.37
0060 0.4660913050174713 422.06 380.09 446.63 369.61 505.78 508.32 481.20 518.80
0060 0.41036751866340637 123.68 459.52 148.09 454.07 179.07 592.91 154.66 598.36
0060 0.3028886914253235 149.38 411.61 176.06 409.38 190.93 587.33 164.26 589.56
0060 0.29322561621665955 198.98 409.31 227.90 407.88 235.26 556.72 206.33 558.15
0055 0.478535532951355 413.57 773.64 435.65 764.79 497.97 920.23 475.89 929.09
0055 0.42738261818885803 114.40 860.79 138.23 853.02 182.95 990.10 159.12 997.87
0055 0.38108640909194946 190.39 804.00 215.44 798.42 251.87 961.91 226.81 967.49
0055 0.35437819361686707 299.78 792.45 326.00 785.20 368.12 937.69 341.89 944.94
0055 0.2946087718009949 139.19 831.20 166.96 824.87 205.68 994.91 177.91 1001.23
0055 0.25314366817474365 377.61 777.42 399.80 769.77 456.72 934.72 434.54 942.38
0055 0.22984066605567932 157.09 804.26 183.13 797.43 229.47 974.09 203.43 980.92
0055 0.2182745486497879 321.13 789.12 344.11 781.95 390.90 931.92 367.93 939.09
0055 0.18785862624645233 357.25 785.56 380.07 780.57 413.88 935.24 391.06 940.23
0055 0.10238543152809143 427.46 780.06 448.43 768.03 516.85 887.35 495.88 899.38
0055 0.05267291143536568 102.24 931.67 121.35 917.00 220.75 1046.59 201.64 1061.25
0035 0.14941485226154327 882.74 121.80 1010.58 45.54 1027.54 73.97 899.70 150.23
0159 0.05124944821000099 846.47 782.14 1052.12 940.40 1026.47 973.73 820.82 815.47
0088 0.3107283413410187 937.46 823.56 954.82 809.56 1029.19 901.80 1011.82 915.80
0088 0.1011204794049263 410.75 725.20 442.65 726.47 439.00 818.13 407.10 816.86
0088 0.05060359835624695 357.81 566.25 383.09 561.51 402.80 666.67 377.53 671.41
0062 0.15663006901741028 231.20 330.72 386.41 366.71 379.60 396.10 224.38 360.10
0061 0.4032766819000244 830.94 280.97 977.17 317.44 972.63 335.66 826.39 299.19
0061 0.05533698946237564 868.86 270.27 1006.00 306.87 1000.08 329.06 862.94 292.46
0056 0.6252222657203674 24.37 379.77 47.89 370.94 103.55 519.23 80.03 528.06
0056 0.2249433994293213 1.40 380.89 29.39 375.96 57.39 535.03 29.40 539.96
0056 0.05749508738517761 -76.15 416.68 -37.03 388.89 90.02 567.79 50.90 595.57
0154 0.38774949312210083 858.75 424.28 1009.70 447.85 1006.30 469.66 855.35 446.08
0154 0.3203805088996887 857.31 403.25 1010.71 428.21 1007.27 449.35 853.87 424.39
0154 0.09709708392620087 665.34 370.67 801.47 423.76 792.08 447.82 655.96 394.72
0154 0.05890302732586861 905.42 318.69 1079.54 489.61 1045.86 523.92 871.74 352.99
0067 0.4232511818408966 886.17 61.70 918.25 60.73 923.60 237.46 891.52 238.43
0067 0.07243812829256058 891.23 73.32 926.18 58.41 995.95 221.92 960.99 236.83
0049 0.1455293744802475 783.21 685.55 808.97 669.77 890.67 803.11 864.91 818.89
0049 0.13846923410892487 15.54 905.55 47.90 895.10 84.75 1009.21 52.39 1019.66
0093 0.12077455222606659 41.31 124.45 272.51 122.04 272.87 156.79 41.67 159.19
0077 0.20022425055503845 692.72 39.04 716.60 51.27 657.17 167.24 633.29 155.00
0077 0.12415166199207306 657.91 31.46 687.15 42.19 643.36 161.52 614.12 150.80
0077 0.06341022998094559 117.92 672.38 203.20 629.57 218.16 659.38 132.88 702.18
0063 0.18893703818321228 873.14 863.54 903.38 855.44 946.25 1015.54 916.01 1023.63
0082 0.5547420978546143 248.23 176.93 269.76 167.32 329.72 301.70 308.18 311.31
0082 0.06275748461484909 234.01 200.74 259.77 191.11 308.87 322.38 283.11 332.02
0082 0.06096803769469261 273.05 179.15 294.02 170.51 344.04 291.84 323.07 300.48
0050 0.05087990313768387 0.83 702.15 39.51 694.82 66.75 838.67 28.08 846.00
0117 0.22325964272022247 803.32 19.08 947.62 51.84 943.01 72.17 798.71 39.42
0117 0.15842032432556152 609.84 -1.90 747.32 1.38 746.78 23.81 609.31 20.53
0117 0.14318454265594482 808.29 2.31 979.80 37.23 975.37 58.97 803.86 24.05
0122 0.5494837760925293 105.89 598.47 131.11 590.62 179.60 746.38 154.38 754.23
0122 0.5023698806762695 328.55 594.67 350.01 586.44 405.96 732.38 384.49 740.60
0122 0.3155200779438019 312.94 591.34 332.53 585.59 378.80 743.21 359.22 748.96
0122 0.21858535706996918 291.06 600.67 310.65 593.47 369.48 753.35 349.89 760.56
0122 0.1526593714952469 256.40 612.59 279.33 601.26 362.99 770.52 340.06 781.86
0122 0.09400827437639236 136.91 594.52 163.40 589.24 193.18 738.85 166.69 744.12
0122 0.06300311535596848 205.21 604.61 248.17 583.68 355.98 805.02 313.01 825.95
0068 0.07010972499847412 559.82 463.99 578.22 448.58 645.05 528.39 626.66 543.80
0127 0.08506099879741669 704.75 199.69 726.54 201.81 716.41 306.17 694.62 304.06
0073 0.5103106498718262 30.36 179.44 158.92 263.79 146.88 282.14 18.32 197.79
0073 0.37816229462623596 10.96 221.47 116.39 315.55 100.11 333.80 -5.32 239.71
0073 0.3749769330024719 157.95 310.39 267.02 392.42 249.95 415.13 140.87 333.09
0073 0.3449188470840454 23.85 472.22 123.96 567.67 104.50 588.07 4.40 492.62
0073 0.3439006805419922 22.86 190.21 137.71 285.56 123.12 303.13 8.27 207.78
0073 0.1775231510400772 14.65 215.33 121.77 295.00 112.59 307.34 5.47 227.67
0073 0.15867821872234344 343.18 415.59 452.85 483.63 435.61 511.41 325.94 443.37
0073 0.12384592741727829 142.68 336.88 258.22 409.69 245.21 430.34 129.66 357.53
0064 0.5561710000038147 514.11 60.81 537.55 53.11 586.96 203.65 563.51 211.35
0064 0.2793734669685364 598.09 15.41 630.28 14.96 632.88 202.43 600.69 202.88
0064 0.2730048894882202 804.37 -20.78 826.49 -33.13 907.75 112.53 885.62 124.87
0064 0.26660189032554626 529.55 44.83 552.93 36.73 605.70 189.06 582.33 197.16
0064 0.19299839437007904 73.90 851.17 105.45 845.92 134.57 1020.97 103.02 1026.22
0064 0.15798285603523254 743.59 7.01 775.15 -3.53 827.14 152.14 795.58 162.68
0064 0.15664738416671753 788.00 -10.13 814.28 -21.68 883.99 136.94 857.71 148.49
0064 0.1333174705505371 700.89 3.41 730.58 -10.05 803.13 149.98 773.45 163.44
0064 0.10522841662168503 762.05 -4.39 785.93 -14.96 850.77 131.47 826.90 142.05
0064 0.0805312916636467 -3.44 559.68 31.24 540.69 106.88 678.81 72.20 697.80
0083 0.13965505361557007 507.30 69.90 637.90 120.52 628.53 144.69 497.93 94.07
0083 0.0870247408747673 101.15 370.47 130.13 372.49 123.61 465.73 94.63 463.70
0051 0.17763125896453857 629.21 -6.14 785.53 31.47 779.05 58.42 622.73 20.81
0069 0.08081144094467163 17.91 896.64 177.35 1004.75 156.61 1035.33 -2.83 927.22
0069 0.05748118460178375 255.19 -2.93 288.22 5.69 260.03 113.71 227.00 105.08
0123 0.22234147787094116 652.69 54.52 680.31 44.40 718.76 149.28 691.15 159.41
0123 0.10549350082874298 644.23 663.36 677.92 642.79 777.92 806.61 744.22 827.17
0065 0.3184517025947571 884.39 464.04 914.76 460.42 935.42 633.48 905.05 637.11
0084 0.08022419363260269 927.95 591.43 956.11 594.63 943.32 707.28 915.17 704.08
0084 0.05014250427484512 937.76 758.06 970.54 763.50 949.27 891.70 916.49 886.26
0134 0.060426633805036545 497.30 672.66 519.29 653.48 590.58 735.22 568.59 754.39
0124 0.4381498396396637 566.87 535.89 700.86 594.17 692.74 612.83 558.76 554.54
0124 0.3535568118095398 349.89 498.86 516.00 540.77 509.47 566.66 343.36 524.75
0124 0.16023975610733032 550.62 555.14 682.25 601.22 675.50 620.49 543.87 574.42
0080 0.15599490702152252 686.32 519.18 859.66 459.73 870.99 492.76 697.64 552.20
0119 0.08872082084417343 654.39 804.26 826.17 731.43 837.58 758.35 665.80 831.18
0066 0.18676751852035522 479.85 467.20 516.46 463.99 532.29 644.39 495.68 647.60
0085 0.43989667296409607 37.08 671.22 67.56 667.73 86.37 832.35 55.89 835.83
0085 0.1140846312046051 0.34 703.48 34.09 694.71 75.54 854.26 41.79 863.03
0135 0.10908526182174683 663.65 -0.69 696.87 -27.09 802.54 105.87 769.32 132.28
0125 0.5360423922538757 567.98 137.60 695.86 198.92 687.77 215.79 559.89 154.47
0125 0.399537056684494 353.31 115.42 506.81 141.94 502.98 164.11 349.48 137.59
0125 0.09535721689462662 588.49 120.41 710.35 186.17 698.29 208.52 576.42 142.76
0125 0.07919661700725555 384.12 94.24 531.20 126.27 525.54 152.23 378.47 120.19
0125 0.07261919975280762 548.91 171.15 676.10 202.43 671.11 222.72 543.93 191.44
0076 0.07212458550930023 278.78 520.07 421.05 494.65 425.03 516.90 282.75 542.31
0081 0.07533209770917892 -13.70 324.95 8.21 305.41 96.24 404.15 74.33 423.69
0142 0.22473332285881042 349.02 657.77 379.19 656.22 385.99 788.72 355.82 790.27
0142 0.11219286173582077 722.50 321.90 889.29 273.80 897.71 302.99 730.92 351.10
0142 0.10704348981380463 434.28 614.81 459.18 601.86 498.90 678.19 474.00 691.15
0142 0.10639213770627975 465.90 865.28 656.48 802.91 667.84 837.61 477.25 899.98
0142 0.05994526296854019 869.30 634.81 891.32 615.47 957.60 690.93 935.58 710.27
0142 0.05738028883934021 887.13 325.98 999.20 433.23 975.15 458.36 863.09 351.11
0139 0.16660143435001373 467.63 205.32 487.65 219.34 423.87 310.43 403.85 296.41
0086 0.33447155356407166 438.92 265.66 468.42 263.79 478.42 421.51 448.92 423.38
0046 0.36527082324028015 621.21 399.11 776.85 427.08 772.27 452.55 616.63 424.58
0121 0.3965229392051697 159.79 432.90 307.53 474.38 300.90 498.01 153.15 456.52
0121 0.2301366776227951 -32.93 400.88 122.92 430.44 118.48 453.84 -37.37 424.28
0143 0.3807229697704315 119.09 325.85 146.20 321.13 169.59 455.47 142.47 460.19
0143 0.2190982550382614 929.63 598.08 1049.42 649.64 1042.39 665.98 922.60 614.42
0177 0.2774410545825958 562.54 687.68 584.93 673.07 666.51 798.10 644.12 812.71
0177 0.17041721940040588 614.95 657.33 638.97 644.14 703.64 761.84 679.62 775.04
0177 0.11160077899694443 599.19 654.40 627.80 645.19 675.50 793.44 646.89 802.64
0163 0.4118182957172394 247.93 621.78 346.19 716.99 329.20 734.53 230.94 639.32
0163 0.2902850806713104 220.63 644.00 330.57 728.24 316.76 746.26 206.83 662.02
0163 0.2239283323287964 95.15 734.53 175.76 802.08 159.06 822.01 78.45 754.46
0163 0.2118438482284546 64.98 536.79 86.42 518.20 195.00 643.46 173.55 662.05
0163 0.2091580480337143 480.99 618.05 605.74 722.54 586.39 745.64 461.64 641.15
0163 0.13780559599399567 113.46 515.49 231.36 587.48 218.31 608.85 100.41 536.85
0163 0.09472038596868515 20.49 916.86 95.58 988.51 75.10 1009.96 0.02 938.32
0163 0.05447899177670479 392.20 51.11 563.66 182.76 540.12 213.42 368.67 81.77
0109 0.06467058509588242 156.44 568.08 299.85 605.23 292.00 635.55 148.59 598.40
0148 0.28337910771369934 959.40 626.19 986.75 621.89 1009.04 763.69 981.69 767.99
0148 0.09553030878305435 77.81 544.57 104.93 541.48 119.40 668.26 92.28 671.35
0148 0.0874142274260521 968.71 625.53 991.02 612.63 1056.72 726.17 1034.41 739.07
0148 0.05105780065059662 618.06 507.21 644.66 494.18 698.10 603.33 671.50 616.35
0114 0.24601969122886658 812.84 810.81 958.06 845.69 952.97 866.86 807.76 831.98
0114 0.23463241755962372 610.12 766.55 771.87 800.75 766.41 826.55 604.67 792.35
0144 0.06293616443872452 62.29 61.38 266.18 5.97 276.50 43.97 72.61 99.38
0168 0.24991950392723083 439.44 682.20 509.55 749.73 487.45 772.67 417.34 705.14
0168 0.05666358768939972 14.91 227.26 57.73 225.22 63.75 351.24 20.93 353.28
0164 0.30950772762298584 896.36 335.10 976.97 405.19 961.35 423.15 880.75 353.06
0164 0.3084951639175415 854.23 117.36 876.12 98.16 998.05 237.21 976.16 256.41
0164 0.1782214492559433 885.45 97.92 1032.86 189.12 1019.85 210.14 872.45 118.94
0164 0.09322592616081238 799.10 502.51 890.90 591.28 871.25 611.60 779.45 522.84
0164 0.08511947095394135 868.02 344.94 966.53 416.40 952.35 435.95 853.84 364.48
0145 0.056619253009557724 355.68 143.75 388.73 151.00 360.26 280.71 327.22 273.46
0165 0.28848153352737427 395.82 103.62 499.84 191.33 482.04 212.44 378.02 124.73
0165 0.09777599573135376 393.95 820.64 429.80 841.14 346.52 986.71 310.67 966.20
0165 0.08249639719724655 543.35 417.39 607.43 472.85 588.41 494.83 524.33 439.37
0017 0.47118762135505676 746.60 599.29 867.03 692.78 849.35 715.56 728.92 622.07
0017 0.43480411171913147 597.37 36.23 616.67 19.72 715.67 135.40 696.37 151.91
0017 0.27009743452072144 573.17 67.55 589.33 55.09 648.92 132.38 632.77 144.83
0017 0.25546225905418396 43.42 433.17 147.19 479.86 135.23 506.44 31.46 459.75
0017 0.134821355342865 573.80 43.42 593.92 26.09 691.43 139.26 671.31 156.60
0110 0.13615205883979797 346.93 222.83 471.82 241.27 468.51 263.69 343.62 245.26
0170 0.17612877488136292 13.34 298.28 36.46 276.28 108.49 351.99 85.37 373.98
0116 0.41717541217803955 400.48 409.31 549.87 447.06 544.60 467.92 395.21 430.17
0116 0.29653847217559814 216.05 371.26 369.16 395.84 364.93 422.18 211.82 397.60
0116 0.09830749034881592 422.11 381.41 561.02 441.92 551.74 463.23 412.83 402.72
0107 0.5812848806381226 860.84 722.52 885.08 715.57 923.46 849.52 899.23 856.46
0107 0.529911994934082 918.02 708.31 939.58 699.63 997.04 842.35 975.49 851.03
0107 0.3965415358543396 717.66 716.74 742.79 715.58 750.60 885.47 725.47 886.62
0107 0.3547053337097168 642.07 726.19 667.41 717.27 730.08 895.28 704.73 904.20
0107 0.3229215145111084 882.52 717.38 904.72 711.13 943.95 850.36 921.75 856.61
0107 0.31350892782211304 903.75 706.98 927.52 700.83 965.59 848.07 941.83 854.21
0107 0.097382090985775 486.92 608.39 515.22 593.40 569.49 695.86 541.19 710.84
0107 0.05358702316880226 907.74 663.53 944.97 641.86 1048.06 818.95 1010.83 840.62
0022 0.16938625276088715 654.71 110.04 679.89 130.90 550.51 287.07 525.33 266.21
0108 0.3226189911365509 714.78 238.61 738.32 232.08 767.77 338.26 744.24 344.79
0108 0.11782798916101456 887.81 209.20 910.24 193.86 986.79 305.79 964.36 321.13
0030 0.06118772551417351 793.87 113.15 989.84 1.79 1010.46 38.07 814.49 149.43
