0192 0.060772936791181564 654.65 742.16 679.04 763.17 587.80 869.07 563.41 848.06
0005 0.19390639662742615 44.79 392.38 91.36 350.34 257.30 534.18 210.73 576.22
0044 0.1117238849401474 809.33 80.68 842.49 78.76 851.95 241.51 818.79 243.44
0044 0.10201193392276764 957.59 522.96 994.20 529.97 963.53 690.02 926.92 683.01
0013 0.16159690916538239 165.07 691.02 225.58 651.32 375.01 879.08 314.50 918.77
0013 0.1162857934832573 804.59 38.17 945.30 123.35 928.08 151.80 787.36 66.62
0187 0.06649250537157059 654.50 760.08 695.10 766.81 666.11 941.59 625.50 934.85
0097 0.46561214327812195 226.89 386.30 385.58 476.94 369.07 505.85 210.38 415.22
0097 0.3272648751735687 380.61 303.89 547.13 387.19 533.10 415.24 366.58 331.94
0097 0.11097578704357147 745.16 -37.71 1061.57 48.93 1037.87 135.45 721.46 48.82
0097 0.10901092737913132 507.66 429.28 665.12 501.28 653.20 527.35 495.74 455.35
0097 0.09000732749700546 344.54 337.57 506.70 394.26 497.20 421.45 335.03 364.76
0097 0.08952910453081131 856.49 246.07 899.17 208.84 1062.79 396.42 1020.11 433.65
0097 0.06499770283699036 710.03 463.52 837.95 583.88 814.30 609.01 686.39 488.65
0006 0.27090898156166077 113.78 17.66 146.98 -3.33 246.93 154.77 213.73 175.76
0006 0.23624584078788757 625.93 826.03 763.86 737.78 784.80 770.51 646.87 858.76
0006 0.056990645825862885 113.18 -20.17 144.62 -46.85 287.00 120.88 255.57 147.56
0006 0.05488397553563118 431.69 850.67 680.84 817.80 688.40 875.09 439.25 907.95
0183 0.5952743887901306 320.75 775.69 444.17 891.53 421.87 915.29 298.45 799.45
0183 0.43582192063331604 406.10 501.60 438.86 471.71 601.76 650.27 569.00 680.16
0183 0.2230709046125412 14.22 594.33 130.17 704.58 108.58 727.30 -7.38 617.05
0183 0.18105213344097137 332.67 110.81 581.61 345.09 525.89 404.29 276.95 170.01
0183 0.08422607183456421 -18.24 607.45 127.59 730.82 104.15 758.53 -41.68 635.16
0183 0.058133840560913086 19.07 588.55 44.64 566.64 148.08 687.35 122.51 709.26
0183 0.055235981941223145 323.45 707.43 506.73 882.95 475.01 916.07 291.73 740.56
0183 0.05389414355158806 392.05 691.00 518.64 784.47 496.62 814.29 370.03 720.82
0183 0.05375529080629349 865.42 374.23 1101.41 447.03 1081.74 510.78 845.75 437.98
0183 0.05060293525457382 145.94 746.03 160.13 732.12 239.54 813.11 225.35 827.02
0001 0.44564369320869446 499.32 640.49 536.15 604.23 698.37 768.99 661.54 805.25
0001 0.06854717433452606 944.36 125.58 989.34 106.41 1063.93 281.44 1018.96 300.61
0001 0.05468957871198654 673.93 776.65 789.31 867.17 773.25 887.64 657.86 797.12
0188 0.21982628107070923 731.08 0.78 758.57 -20.42 858.64 109.35 831.15 130.55
0040 0.09176720678806305 805.98 473.13 840.99 471.56 848.25 632.81 813.24 634.39
0094 0.08002407103776932 796.52 469.34 816.18 488.66 725.07 581.37 705.41 562.05
0179 0.08328177779912949 144.67 771.06 324.45 874.25 302.41 912.65 122.62 809.45
0189 0.24097633361816406 630.34 255.56 680.52 222.13 814.20 422.78 764.01 456.22
0002 0.188466876745224 572.11 564.63 607.70 536.50 745.25 710.53 709.65 738.66
0002 0.057581666857004166 538.88 563.54 584.54 537.84 698.04 739.53 652.39 765.23
0099 0.06249307096004486 107.18 16.86 277.97 90.61 264.60 121.56 93.82 47.81
0099 0.06120707467198372 306.87 73.95 431.51 190.77 407.01 216.90 282.38 100.08
0007 0.05002322420477867 -28.91 872.27 80.69 942.87 66.34 965.13 -43.25 894.54
0180 0.16189280152320862 715.29 946.55 885.70 998.01 875.46 1031.91 705.05 980.44
0180 0.05505334213376045 716.73 976.80 855.36 1023.06 845.90 1051.42 707.27 1005.16
0190 0.09819943457841873 45.30 748.70 95.97 765.54 30.07 963.88 -20.61 947.04
0185 0.5413355231285095 385.83 188.45 518.96 306.54 499.92 328.00 366.79 209.91
0185 0.41492778062820435 809.44 96.36 840.56 69.08 998.89 249.66 967.76 276.95
0185 0.359267920255661 705.32 401.58 728.73 378.57 855.12 507.17 831.71 530.18
0185 0.23015612363815308 337.76 806.43 363.72 786.91 456.13 909.83 430.17 929.34
0185 0.1635647565126419 294.64 585.11 319.10 565.55 416.06 686.83 391.60 706.39
0185 0.0823548436164856 399.99 170.67 426.64 149.85 539.68 294.55 513.02 315.38
0095 0.27090004086494446 773.97 749.25 1044.38 856.02 1015.55 929.04 745.14 822.27
0191 0.0794646292924881 910.57 549.49 944.57 521.93 1084.11 694.07 1050.11 721.63
0181 0.2907103896141052 740.39 545.31 943.05 721.31 903.91 766.37 701.25 590.37
0181 0.12079277634620667 711.73 554.23 871.53 550.79 872.35 588.64 712.55 592.08
0181 0.05092625319957733 148.61 -27.87 186.12 -57.49 316.52 107.66 279.01 137.27
0200 0.08776260912418365 553.15 608.93 581.20 618.74 539.67 737.46 511.62 727.65
0037 0.13233886659145355 790.35 887.96 825.72 877.73 879.68 1064.19 844.32 1074.42
0186 0.18168899416923523 1024.26 622.14 1056.37 646.43 941.22 798.67 909.10 774.38
0042 0.14906127750873566 448.34 761.42 574.03 783.25 570.17 805.46 444.48 783.64
0096 0.5715724229812622 308.19 873.60 430.47 981.32 409.61 1004.99 287.33 897.28
0096 0.20511563122272491 -70.15 712.28 130.95 777.69 118.63 815.56 -82.47 750.15
0096 0.13480938971042633 109.11 828.55 268.04 879.76 259.02 907.76 100.09 856.54
0096 0.12491625547409058 469.96 341.87 625.91 472.29 599.17 504.26 443.22 373.84
0096 0.12387050688266754 271.54 893.42 471.45 1041.51 445.76 1076.18 245.85 928.09
0096 0.10443844646215439 482.81 633.47 729.68 803.22 689.49 861.67 442.62 691.92
0096 0.09666216373443604 382.04 372.54 578.17 522.10 546.72 563.35 350.59 413.78
0096 0.05089719593524933 306.96 833.27 470.27 959.80 446.31 990.72 283.01 864.19
0015 0.2558421492576599 40.17 810.56 133.39 881.12 112.39 908.86 19.18 838.31
0015 0.17522060871124268 596.61 420.73 725.79 538.90 703.30 563.49 574.12 445.32
0015 0.14298707246780396 768.18 328.39 894.25 433.79 874.67 457.21 748.61 351.81
0015 0.06368541717529297 574.11 457.74 659.59 527.29 646.84 542.97 561.35 473.42
0010 0.3319565951824188 736.61 607.90 970.37 819.44 931.15 862.78 697.39 651.24
0010 0.07005392760038376 651.98 675.16 989.40 847.89 951.88 921.19 614.46 748.45
0010 0.05028418079018593 402.57 2.52 640.81 -6.79 642.73 42.13 404.48 51.43
0028 0.10202652961015701 375.83 456.88 529.27 506.29 520.23 534.36 366.79 484.94
0028 0.06366102397441864 502.87 504.36 700.06 520.67 697.62 550.13 500.44 533.83
0043 0.12311137467622757 840.51 683.91 890.53 649.20 1020.52 836.52 970.50 871.23
0024 0.32118839025497437 785.43 606.85 952.71 719.24 930.25 752.67 762.97 640.29
0024 0.19191290438175201 122.17 -6.57 180.36 -58.79 402.26 188.51 344.07 240.73
0155 0.27139875292778015 57.47 636.76 387.88 603.02 395.05 673.24 64.64 706.97
0160 0.24494615197181702 869.06 906.03 1022.11 1026.97 998.57 1056.75 845.53 935.81
0160 0.09502854943275452 886.45 895.07 1032.29 982.36 1018.08 1006.10 872.25 918.81
0089 0.05851134657859802 10.13 330.17 40.52 328.76 44.84 421.97 14.45 423.38
0151 0.09994497150182724 627.20 883.55 667.82 889.15 641.56 1079.72 600.93 1074.12
0151 0.09236051887273788 217.80 501.28 256.76 486.04 321.04 650.30 282.07 665.55
0151 0.05405708774924278 381.39 922.85 419.31 902.89 518.22 1090.79 480.30 1110.76
0151 0.05106827989220619 -57.77 473.37 211.99 448.52 218.65 520.86 -51.10 545.71
0057 0.3038110136985779 630.20 732.68 803.29 771.24 797.25 798.35 624.16 759.80
0057 0.2727585434913635 426.47 159.13 469.03 158.44 471.91 334.46 429.34 335.15
0057 0.11816798150539398 441.43 684.12 581.56 716.79 577.21 735.46 437.08 702.79
0032 0.05875289812684059 763.67 215.37 790.17 221.44 756.53 368.25 730.03 362.18
0052 0.07411447167396545 824.71 503.83 854.35 497.37 883.24 629.81 853.60 636.28
0025 0.12532709538936615 668.64 706.55 910.86 609.71 931.05 660.23 688.83 757.07
0161 0.27057379484176636 77.81 935.70 105.45 914.96 208.03 1051.66 180.38 1072.40
0161 0.23966684937477112 432.41 416.20 468.75 380.95 682.83 601.63 646.49 636.89
0161 0.10629189014434814 90.07 915.97 118.08 888.61 256.54 1030.40 228.53 1057.76
0161 0.0832141861319542 20.02 940.57 50.92 911.75 200.48 1072.15 169.58 1100.97
0161 0.05545468628406525 367.79 462.22 652.65 605.93 617.42 675.77 332.56 532.05
0161 0.05214099586009979 756.91 -33.77 1085.67 54.38 1060.10 149.74 731.34 61.59
0090 0.10456542670726776 109.05 381.14 133.28 362.28 244.73 505.47 220.49 524.33
0090 0.08073875308036804 137.03 22.04 152.89 8.79 237.85 110.49 221.99 123.74
0152 0.3689797818660736 611.50 490.99 654.24 490.65 655.82 686.87 613.08 687.21
0033 0.0695824846625328 753.47 31.11 771.27 13.91 882.99 129.55 865.19 146.74
0053 0.3241148889064789 963.05 805.48 999.79 811.75 972.96 968.87 936.23 962.60
0053 0.24250200390815735 369.92 958.18 606.61 856.83 625.13 900.08 388.43 1001.42
0053 0.21713478863239288 336.93 410.78 584.67 330.04 599.58 375.79 351.84 456.53
0053 0.09112662076950073 24.57 516.89 52.81 507.91 89.62 623.69 61.38 632.67
0053 0.08581613004207611 241.73 721.38 269.96 718.59 285.07 871.40 256.83 874.19
0053 0.07676998525857925 965.04 802.03 990.95 788.17 1059.90 917.05 1033.98 930.91
0053 0.06935731321573257 840.05 894.59 875.34 861.89 1058.56 1059.62 1023.27 1092.32
0058 0.05280456691980362 811.01 121.53 838.99 108.97 890.56 223.80 862.58 236.36
0026 0.39652910828590393 305.52 190.30 340.50 174.88 412.51 338.21 377.54 353.63
0026 0.052833229303359985 122.76 547.66 147.72 533.20 201.35 625.75 176.39 640.21
0162 0.29165413975715637 877.51 503.49 1017.99 612.01 998.29 637.51 857.82 528.99
0162 0.23064874112606049 718.08 584.87 876.91 707.34 855.80 734.70 696.98 612.24
0162 0.21008369326591492 685.34 616.52 868.50 721.98 852.06 750.54 668.90 645.08
0162 0.13898028433322906 873.79 715.33 1016.66 838.30 992.71 866.12 849.85 743.14
0162 0.13567103445529938 774.50 913.79 801.08 892.33 909.60 1026.71 883.02 1048.18
0162 0.09360916167497635 905.55 496.09 1031.64 594.73 1016.41 614.20 890.32 515.55
0162 0.057431917637586594 856.24 521.79 992.60 629.16 977.18 648.75 840.81 541.38
0091 0.3731715977191925 364.98 523.36 410.81 506.93 486.70 718.76 440.86 735.18
0020 0.24552226066589355 210.75 502.27 251.95 512.98 203.94 697.81 162.73 687.11
0020 0.21227902173995972 155.23 787.09 226.70 742.55 380.05 988.60 308.58 1033.14
0020 0.09589636325836182 753.62 -67.46 963.00 69.26 930.36 119.23 720.98 -17.49
0054 0.2902526259422302 584.23 812.87 619.66 812.02 624.13 997.76 588.70 998.62
0054 0.23719720542430878 537.99 831.13 571.18 824.05 612.07 1015.58 578.88 1022.67
0054 0.12749020755290985 845.29 772.05 875.19 774.47 861.27 946.24 831.37 943.81
0054 0.08542026579380035 754.64 779.72 781.25 779.45 782.88 940.36 756.27 940.63
0054 0.07815809547901154 766.64 781.25 793.58 776.91 820.64 945.16 793.71 949.49
0054 0.06959258764982224 408.70 284.10 434.49 278.78 463.36 418.79 437.58 424.11
0054 0.06655853241682053 501.28 848.13 529.55 838.21 586.34 1000.04 558.07 1009.96
0054 0.062457628548145294 563.65 798.15 590.63 774.92 737.40 945.41 710.43 968.63
0054 0.059255000203847885 443.74 875.81 479.91 852.09 622.89 1070.20 586.71 1093.91
0054 0.053886111825704575 701.69 800.02 730.04 790.78 782.86 952.81 754.51 962.05
0059 0.56346595287323 355.31 864.36 393.17 842.84 487.45 1008.68 449.59 1030.20
0059 0.22031503915786743 377.25 571.07 619.98 452.78 640.87 495.66 398.15 613.95
0059 0.21080565452575684 943.29 418.83 975.74 418.64 976.78 598.11 944.33 598.30
0059 0.18036815524101257 262.18 299.85 296.27 304.32 275.04 466.35 240.95 461.88
0059 0.11104829609394073 331.05 1.41 534.52 -31.86 542.37 16.12 338.90 49.40
0059 0.10186892747879028 952.47 386.52 991.43 380.82 1020.72 580.80 981.77 586.50
0059 0.08408890664577484 296.84 890.59 336.26 858.83 501.80 1064.27 462.39 1096.03
0059 0.055863361805677414 15.81 101.43 46.13 92.37 88.24 233.25 57.92 242.31
0048 0.22988399863243103 732.12 811.65 975.74 733.34 990.45 779.08 746.83 857.39
0158 0.05419325828552246 358.37 74.89 481.42 103.17 475.78 127.72 352.73 99.45
0027 0.3885129392147064 701.12 363.70 927.12 264.42 947.55 310.94 721.55 410.22
0027 0.059946246445178986 929.81 143.12 956.79 132.89 994.65 232.74 967.66 242.97
0060 0.28185805678367615 166.40 402.19 199.11 402.87 195.32 585.77 162.60 585.09
0060 0.1820133477449417 455.22 364.27 489.29 366.19 479.66 537.24 445.59 535.33
0060 0.16306839883327484 209.99 400.29 243.95 406.95 210.94 575.33 176.99 568.67
0060 0.1432410627603531 143.90 417.93 174.98 421.63 154.45 593.89 123.37 590.19
0055 0.22885338962078094 184.37 801.23 216.28 805.79 189.78 991.23 157.87 986.67
0055 0.15374496579170227 218.42 804.16 248.91 810.93 210.75 982.89 180.26 976.13
0055 0.15081731975078583 120.65 827.97 152.02 821.75 189.51 1010.87 158.15 1017.09
0055 0.13598719239234924 413.86 773.43 445.91 769.68 467.10 950.76 435.05 954.51
0055 0.10043124109506607 377.77 778.61 408.15 771.77 447.89 948.29 417.51 955.13
0055 0.09256535023450851 329.92 773.93 361.14 771.01 377.21 943.10 345.99 946.01
0055 0.09021947532892227 352.98 775.13 383.20 771.19 406.01 946.03 375.78 949.97
0055 0.05672537907958031 21.30 294.33 64.04 302.23 33.65 466.75 -9.09 458.86
0055 0.055942755192518234 157.38 831.25 532.20 819.36 535.21 914.13 160.38 926.03
0159 0.3902519643306732 860.99 785.39 1060.06 959.37 1028.19 995.83 829.12 821.86
0159 0.07448799163103104 762.37 868.91 1056.66 1000.17 1026.16 1068.55 731.87 937.28
0088 0.06595712155103683 938.65 827.99 955.73 813.43 1029.56 900.07 1012.48 914.62
0062 0.281345397233963 233.27 324.87 410.21 372.16 401.79 403.66 224.85 356.37
0061 0.12886331975460052 850.33 283.68 987.84 315.05 982.63 337.92 845.11 306.55
0061 0.0501747652888298 -26.82 -55.08 18.41 -71.20 94.36 141.92 49.13 158.03
0056 0.13349515199661255 11.85 382.47 47.07 383.94 39.60 562.91 4.38 561.44
0154 0.11518638581037521 862.46 382.17 1042.03 457.35 1028.10 490.61 848.53 415.44
0154 0.05951589345932007 834.52 416.04 997.55 466.79 987.85 497.93 824.83 447.18
0067 0.4204990565776825 866.38 59.90 902.58 51.55 945.65 238.17 909.45 246.52
0067 0.09348264336585999 891.23 73.32 926.18 58.41 995.95 221.92 960.99 236.83
0049 0.2493879348039627 333.83 805.46 581.77 733.36 595.14 779.32 347.20 851.43
0049 0.13129548728466034 797.33 665.19 835.06 657.56 872.96 844.99 835.23 852.62
0093 0.5793225765228271 32.68 136.77 273.05 116.38 276.05 151.68 35.68 172.07
0063 0.3231146037578583 862.45 858.02 902.23 848.73 948.25 1045.72 908.47 1055.01
0063 0.30666133761405945 774.12 153.57 1027.25 62.28 1044.22 109.32 791.08 200.61
0063 0.2931618094444275 757.59 470.93 804.23 447.70 908.62 657.34 861.98 680.56
0082 0.0660344809293747 884.38 773.12 935.45 760.17 987.84 966.76 936.77 979.71
0082 0.05243304744362831 245.80 169.61 275.33 157.57 338.04 311.42 308.51 323.46
0050 0.12791091203689575 24.89 702.13 61.30 707.94 40.37 839.11 3.95 833.30
0117 0.28233984112739563 810.35 16.59 1010.80 21.75 1009.85 58.83 809.40 53.68
0117 0.08496297895908356 605.72 -1.90 749.05 -1.31 748.94 23.65 605.62 23.06
0122 0.42543911933898926 258.40 605.18 306.36 594.82 350.57 799.50 302.62 809.85
0122 0.4005260467529297 265.92 316.57 321.61 301.55 386.96 543.81 331.27 558.83
0122 0.2360830307006836 112.78 597.93 143.44 592.28 173.25 754.14 142.59 759.79
0122 0.1611069291830063 306.54 573.75 346.20 569.10 372.16 790.47 332.50 795.12
0122 0.07281728088855743 124.41 584.76 158.10 567.71 252.89 755.08 219.20 772.13
0068 0.05296991020441055 559.82 463.99 578.22 448.58 645.05 528.39 626.66 543.80
0127 0.10361997038125992 580.07 154.96 621.80 132.11 713.15 298.91 671.43 321.76
0132 0.19077041745185852 32.36 604.75 77.39 597.75 105.58 779.08 60.55 786.08
0073 0.4386425018310547 399.87 90.50 432.74 61.65 596.71 248.48 563.84 277.33
0073 0.19654099643230438 -3.89 208.31 21.60 187.17 126.24 313.34 100.74 334.49
0073 0.1621742993593216 395.60 296.45 545.67 402.60 526.26 430.03 376.20 323.87
0073 0.10818177461624146 24.22 180.33 49.49 163.27 139.00 295.78 113.74 312.84
0073 0.09939933568239212 13.49 485.92 127.06 549.17 114.69 571.38 1.12 508.13
0073 0.09703458100557327 338.73 423.60 455.66 473.53 442.01 505.48 325.09 455.55
0073 0.07224360853433609 824.53 -27.95 1088.70 35.50 1070.86 109.76 806.70 46.31
0073 0.05876109004020691 124.87 325.43 149.95 303.98 260.55 433.36 235.47 454.80
0064 0.3530605733394623 1.18 548.64 36.56 530.14 111.84 674.18 76.46 692.67
0064 0.3395192623138428 73.34 844.88 113.37 841.17 131.17 1033.25 91.14 1036.96
0064 0.27395564317703247 567.08 9.75 602.76 12.29 589.82 193.93 554.15 191.39
0064 0.24586907029151917 8.90 147.01 213.66 64.44 231.19 107.89 26.42 190.47
0064 0.14232531189918518 605.87 6.70 645.01 12.90 611.80 222.55 572.67 216.35
0064 0.12099916487932205 808.49 -55.78 844.18 -68.61 908.87 111.37 873.18 124.20
0064 0.10076741874217987 786.76 -37.00 821.80 -47.39 876.49 137.04 841.45 147.43
0064 0.0972757562994957 726.13 -42.05 766.87 -53.49 822.51 144.66 781.77 156.10
0064 0.07451064884662628 523.83 48.24 558.72 45.31 574.96 239.21 540.07 242.13
0064 0.07411444932222366 -41.90 884.76 -2.36 854.49 149.76 1053.19 110.22 1083.46
0064 0.050623100250959396 578.61 -39.68 769.01 134.18 740.18 165.75 549.78 -8.11
0051 0.21042180061340332 243.87 640.05 285.58 634.47 307.88 801.14 266.17 806.72
0051 0.11358442902565002 629.44 -19.82 825.27 30.86 815.52 68.53 619.69 17.85
0118 0.08442037552595139 212.92 586.96 525.78 626.64 514.97 711.92 202.11 672.24
0069 0.3051668703556061 38.98 889.17 195.53 1014.80 167.01 1050.35 10.46 924.72
0069 0.29844558238983154 329.33 650.54 362.53 627.91 449.96 756.16 416.75 778.79
0069 0.18576650321483612 -7.76 642.97 44.32 593.80 211.57 770.94 159.48 820.11
0123 0.4998246431350708 644.23 663.36 677.92 642.79 777.92 806.61 744.22 827.17
0123 0.11229714006185532 654.59 53.72 682.70 44.75 716.29 150.04 688.19 159.01
0123 0.07136128842830658 -75.23 -4.74 280.71 40.57 269.11 131.73 -86.84 86.42
0123 0.07059861719608307 643.97 320.43 919.82 263.34 935.86 340.83 660.01 397.92
0133 0.060162097215652466 635.44 224.20 728.66 285.02 712.65 309.56 619.43 248.74
0074 0.11954529583454132 345.63 235.95 389.42 245.47 353.45 410.99 309.66 401.48
0065 0.41460347175598145 861.81 456.22 899.46 445.46 953.77 635.60 916.12 646.36
0065 0.26144862174987793 750.00 70.38 799.94 45.88 912.49 275.34 862.55 299.84
0065 0.05832063779234886 869.51 431.76 909.87 412.14 998.47 594.42 958.12 614.03
0124 0.1936628371477127 332.81 498.59 516.06 537.83 509.13 570.17 325.89 530.93
0124 0.18026955425739288 537.65 547.19 705.94 587.68 699.63 613.89 531.34 573.39
0080 0.40777909755706787 632.91 723.40 841.04 614.72 861.72 654.32 653.59 763.00
0080 0.27526429295539856 670.28 544.23 846.88 444.53 865.48 477.47 688.88 577.17
0080 0.17180654406547546 610.76 246.72 854.61 152.54 875.37 206.27 631.51 300.45
0119 0.48815295100212097 647.91 805.27 823.38 733.27 836.00 764.03 660.53 836.02
0066 0.3900786340236664 358.99 75.55 409.41 50.48 516.89 266.64 466.46 291.71
0066 0.3848390579223633 481.67 468.23 526.12 463.89 547.35 681.62 502.90 685.95
0085 0.3033708333969116 41.03 682.03 78.78 682.44 77.00 846.80 39.26 846.39
0085 0.06711264699697495 -32.20 711.09 3.59 696.99 79.57 889.88 43.77 903.98
0135 0.37850314378738403 663.65 -0.69 696.87 -27.09 802.54 105.87 769.32 132.28
0125 0.18131068348884583 348.99 86.45 519.39 157.93 505.94 190.00 335.54 118.51
0125 0.15492798388004303 538.10 152.50 701.47 190.66 695.28 217.16 531.91 179.00
0125 0.1313452124595642 203.58 847.39 257.24 839.97 284.98 1040.83 231.33 1048.24
0125 0.061184369027614594 172.25 476.78 265.55 437.97 275.46 461.78 182.16 500.59
0071 0.4869878888130188 26.67 489.41 216.20 639.79 186.70 676.96 -2.82 526.59
0071 0.23903466761112213 23.99 209.56 206.62 376.54 165.12 421.93 -17.51 254.96
0071 0.05423913896083832 -36.46 516.65 201.86 666.55 174.04 710.79 -64.28 560.89
0076 0.06031596288084984 278.78 520.07 421.05 494.65 425.03 516.90 282.75 542.31
0130 0.18329152464866638 800.02 258.07 842.13 242.61 909.96 427.36 867.85 442.83
0142 0.34267938137054443 457.96 867.70 653.33 794.65 666.81 830.69 471.44 903.74
0142 0.1777850091457367 722.50 321.90 889.29 273.80 897.71 302.99 730.92 351.10
0142 0.1224956214427948 448.09 433.15 642.25 318.28 667.75 361.39 473.59 476.25
0139 0.08975193649530411 399.78 278.76 479.83 211.85 494.97 229.97 414.93 296.88
0126 0.242588073015213 590.92 0.55 653.78 -7.07 683.32 236.53 620.46 244.15
0086 0.2286849319934845 453.67 277.35 489.15 281.68 469.68 441.22 434.20 436.89
0046 0.10507921129465103 616.16 395.35 816.88 432.39 810.63 466.27 609.91 429.22
0121 0.07962577044963837 156.29 425.13 348.62 478.32 338.87 513.58 146.54 460.39
0121 0.05444762110710144 -79.81 384.46 117.41 421.17 109.97 461.15 -87.25 424.43
0147 0.1341310441493988 554.99 685.74 819.92 615.43 831.93 660.71 567.01 731.02
0140 0.17942968010902405 835.36 830.51 1057.66 736.15 1076.95 781.60 854.65 875.96
0167 0.5670151710510254 382.75 213.09 424.73 237.31 317.10 423.85 275.12 399.63
0177 0.12961819767951965 614.25 637.58 648.59 632.23 675.42 804.25 641.07 809.60
0163 0.27709048986434937 70.83 515.80 224.05 627.75 202.79 656.85 49.57 544.90
0163 0.2677217423915863 480.99 618.05 605.74 722.54 586.39 745.64 461.64 641.15
0163 0.2065930813550949 16.85 685.80 199.56 808.43 173.49 847.27 -9.22 724.65
0163 0.19991125166416168 448.79 -11.76 678.74 145.44 650.13 187.29 420.18 30.09
0163 0.1430668830871582 222.64 636.01 247.65 613.66 361.38 740.90 336.38 763.25
0163 0.09273753315210342 346.29 39.02 675.73 166.65 644.25 247.92 314.80 120.29
0163 0.061879172921180725 6.11 934.12 30.17 915.69 95.15 1000.50 71.08 1018.93
0109 0.07231894135475159 55.70 859.59 147.00 837.22 151.50 855.56 60.20 877.92
0148 0.5306540131568909 172.47 767.83 398.60 647.02 419.83 686.76 193.70 807.57
0148 0.18271726369857788 153.11 299.14 405.54 198.09 422.33 240.03 169.90 341.09
0148 0.08676072210073471 954.22 614.25 997.00 603.20 1044.77 788.23 1001.98 799.28
0114 0.30834755301475525 809.86 809.55 1035.65 820.64 1033.49 864.68 807.70 853.59
0114 0.05040638521313667 610.12 766.55 771.87 800.75 766.41 826.55 604.67 792.35
0173 0.09546326845884323 454.89 768.24 491.16 788.39 403.72 945.84 367.45 925.69
0144 0.11242202669382095 66.57 38.78 272.42 -12.30 283.93 34.11 78.08 85.19
0168 0.11925259232521057 -18.27 206.53 30.53 190.22 86.80 358.61 38.00 374.91
0168 0.050870656967163086 439.44 682.20 509.55 749.73 487.45 772.67 417.34 705.14
0164 0.39711660146713257 854.23 117.36 876.12 98.16 998.05 237.21 976.16 256.41
0164 0.15610577166080475 898.40 95.41 1028.72 225.63 1009.33 245.04 879.01 114.82
0164 0.12047075480222702 799.06 509.86 894.04 596.29 874.74 617.50 779.76 531.08
0164 0.054688312113285065 718.62 191.45 899.70 323.89 869.04 365.80 687.96 233.36
0164 0.05223168432712555 881.92 318.03 1050.52 464.97 1021.71 498.03 853.11 351.09
0103 0.05649872496724129 816.94 106.86 842.73 116.65 803.75 219.32 777.96 209.53
0115 0.28055277466773987 540.73 517.90 581.34 492.25 697.97 676.90 657.36 702.56
0165 0.11096002161502838 393.95 820.64 429.80 841.14 346.52 986.71 310.67 966.20
0165 0.10883381217718124 395.82 103.62 499.84 191.33 482.04 212.44 378.02 124.73
0017 0.3411671221256256 736.39 587.21 865.58 693.70 844.44 719.35 715.25 612.85
0017 0.28819260001182556 27.81 414.40 149.01 489.05 132.85 515.28 11.65 440.63
0017 0.07044246792793274 572.31 42.27 597.77 18.99 713.55 145.64 688.09 168.91
0170 0.06416694819927216 13.34 298.28 36.46 276.28 108.49 351.99 85.37 373.98
0170 0.05779361352324486 537.10 -58.27 589.47 -92.26 723.51 114.24 671.14 148.23
0116 0.07036608457565308 223.10 344.75 383.25 419.98 368.69 450.99 208.54 375.76
0107 0.21838468313217163 668.23 723.05 700.27 722.38 704.07 902.59 672.04 903.26
0107 0.12980902194976807 58.27 834.92 338.64 753.77 352.80 802.68 72.43 883.83
0107 0.12082698941230774 900.32 711.18 928.61 697.25 996.49 835.06 968.20 848.99
0107 0.11003786325454712 708.14 704.22 739.94 705.30 733.83 885.50 702.04 884.42
0107 0.09706945717334747 881.31 723.18 904.96 711.46 974.70 852.11 951.06 863.84
0107 0.05221610888838768 907.74 663.53 944.97 641.86 1048.06 818.95 1010.83 840.62
0107 0.051604095846414566 858.27 724.05 881.91 712.91 948.10 853.30 924.46 864.44
0022 0.3115842342376709 547.72 378.08 621.74 335.13 774.16 597.83 700.14 640.78
0022 0.24838869273662567 654.71 110.04 679.89 130.90 550.51 287.07 525.33 266.21
0108 0.18629328906536102 452.57 440.34 734.36 343.11 751.98 394.16 470.19 491.39
0029 0.40309444069862366 780.08 488.37 1031.30 421.69 1043.09 466.12 791.87 532.79
0029 0.11461367458105087 824.15 941.01 1062.02 877.18 1073.95 921.61 836.07 985.44
0016 0.08321168273687363 741.21 215.84 839.39 147.70 856.99 173.06 758.81 241.20
0112 0.14978022873401642 790.76 502.11 978.87 462.98 985.82 496.37 797.71 535.50
0030 0.47241654992103577 793.87 113.15 989.84 1.79 1010.46 38.07 814.49 149.43
0030 0.176983043551445 827.34 551.26 1061.37 476.11 1074.54 517.14 840.52 592.29
