0192 0.6483832001686096 653.32 747.03 677.78 770.12 583.86 869.61 559.40 846.52
0182 0.8223899602890015 692.17 868.94 751.50 850.16 756.92 867.28 697.59 886.07
0182 0.5594668388366699 967.16 57.22 1044.28 120.02 1029.35 138.35 952.23 75.55
0005 0.12709052860736847 44.79 392.38 91.36 350.34 257.30 534.18 210.73 576.22
0013 0.11716095358133316 165.07 691.02 225.58 651.32 375.01 879.08 314.50 918.77
0018 0.2944411039352417 619.40 696.27 675.20 732.55 665.63 747.28 609.82 711.00
0018 0.07701871544122696 548.87 390.62 581.93 413.29 489.28 548.41 456.23 525.75
0187 0.8102077841758728 692.22 70.32 752.01 51.85 756.92 67.73 697.13 86.20
0197 0.5858364701271057 761.73 247.66 788.75 240.16 809.60 315.27 782.58 322.77
0197 0.4533555507659912 334.17 562.35 363.22 557.50 379.18 653.00 350.13 657.86
0097 0.25893518328666687 775.58 12.88 1009.89 18.10 1008.83 65.71 774.52 60.49
0097 0.0857764258980751 856.49 246.07 899.17 208.84 1062.79 396.42 1020.11 433.65
0097 0.08176368474960327 554.40 91.97 579.69 76.45 614.79 133.63 589.50 149.16
0097 0.058794550597667694 380.61 303.89 547.13 387.19 533.10 415.24 366.58 331.94
0097 0.05768582597374916 765.17 18.27 947.08 102.13 928.39 142.69 746.47 58.83
0097 0.054954323917627335 226.89 386.30 385.58 476.94 369.07 505.85 210.38 415.22
0097 0.052651725709438324 797.02 390.02 880.09 462.59 857.86 488.04 774.79 415.48
0193 0.1933213323354721 844.22 29.52 876.32 40.78 827.75 179.24 795.65 167.98
0019 0.4138926863670349 1008.72 765.11 1031.53 779.26 966.83 883.57 944.02 869.42
0006 0.13129238784313202 625.93 826.03 763.86 737.78 784.80 770.51 646.87 858.76
0006 0.09614253044128418 119.62 19.94 146.50 -1.33 246.90 125.55 220.02 146.82
0183 0.679804801940918 825.86 -5.54 877.83 37.13 863.10 55.07 811.13 12.40
0183 0.335458904504776 423.62 483.25 610.89 635.73 580.77 672.72 393.50 520.23
0183 0.3162505030632019 345.28 127.22 593.77 353.58 539.57 413.08 291.08 186.72
0183 0.10545390099287033 97.57 353.93 195.12 325.61 201.97 349.19 104.41 377.51
0183 0.0726894661784172 311.30 774.72 441.59 894.55 420.90 917.04 290.61 797.22
0183 0.05458444729447365 1.55 637.54 20.01 619.13 113.82 713.15 95.37 731.56
0001 0.14504171907901764 98.79 39.96 162.36 35.89 163.85 59.06 100.27 63.13
0001 0.10290215164422989 954.47 139.66 995.36 118.10 1057.96 236.79 1017.08 258.35
0001 0.06377732008695602 483.46 606.09 718.86 725.57 689.50 783.40 454.10 663.92
0001 0.055031441152095795 821.94 320.40 840.99 301.86 887.50 349.64 868.44 368.19
0188 0.09724480658769608 731.08 0.78 758.57 -20.42 858.64 109.35 831.15 130.55
0098 0.8123608827590942 691.34 902.02 718.76 898.31 731.20 990.32 703.78 994.02
0098 0.0750906839966774 664.69 959.05 683.65 944.56 759.85 1044.25 740.89 1058.74
0094 0.691511332988739 265.80 896.78 291.61 891.20 310.79 980.01 284.98 985.59
0094 0.07253430783748627 786.74 468.40 809.37 484.84 733.57 589.19 710.94 572.75
0194 0.8792482018470764 45.52 791.07 127.77 794.21 126.93 816.28 44.68 813.15
0189 0.48177894949913025 660.63 254.53 820.24 403.17 784.69 441.34 625.08 292.70
0184 0.8981481790542603 654.59 581.50 681.37 589.21 654.24 683.49 627.47 675.78
0002 0.20980601012706757 419.93 780.65 447.60 762.07 495.36 833.22 467.69 851.80
0002 0.17194554209709167 560.12 577.47 596.48 541.86 759.83 708.68 723.47 744.29
0007 0.05635067820549011 -28.91 872.27 80.69 942.87 66.34 965.13 -43.25 894.54
0199 0.4189358055591583 789.57 764.99 856.48 729.62 866.04 747.72 799.14 783.09
0195 0.8859080076217651 821.34 502.06 844.67 493.28 871.99 565.91 848.66 574.68
0180 0.15813134610652924 709.34 959.07 868.66 955.11 869.72 997.79 710.40 1001.74
0180 0.06053660064935684 716.73 976.80 855.36 1023.06 845.90 1051.42 707.27 1005.16
0185 0.40730953216552734 826.99 78.55 1003.81 234.97 972.60 270.25 795.77 113.84
0185 0.34567394852638245 459.32 508.94 516.57 555.07 504.17 570.45 446.92 524.33
0185 0.1620240956544876 312.08 584.41 415.42 667.83 397.29 690.28 293.96 606.85
0185 0.0717652291059494 334.32 809.51 356.43 789.64 456.44 900.93 434.33 920.80
0185 0.05109969154000282 363.20 200.54 385.89 179.09 510.93 311.34 488.25 332.79
0095 0.4982803761959076 845.57 732.75 1034.00 876.71 1003.50 916.63 815.07 772.68
0095 0.2069365382194519 782.62 777.56 1002.92 898.22 978.62 942.59 758.32 821.93
0095 0.055095650255680084 743.61 615.95 1137.15 770.47 1103.25 856.82 709.71 702.30
0095 0.05506697669625282 696.11 764.00 1062.30 1004.40 1012.30 1080.56 646.11 840.16
0095 0.055048730224370956 550.01 895.88 572.04 877.04 616.94 929.53 594.92 948.37
0181 0.3038844168186188 726.20 547.20 952.12 708.88 916.54 758.61 690.62 596.93
0181 0.07354418188333511 713.81 558.09 869.95 546.92 872.68 585.08 716.54 596.25
0200 0.24608591198921204 554.04 609.90 581.99 620.36 541.77 727.74 513.82 717.27
0196 0.33890748023986816 782.06 226.38 868.62 295.01 850.13 318.33 763.57 249.70
0037 0.1097526103258133 367.81 971.55 586.70 931.72 595.53 980.27 376.65 1020.11
0186 0.47712481021881104 1027.43 637.78 1059.11 666.14 934.29 805.58 902.61 777.22
0042 0.25790953636169434 614.70 323.70 661.48 370.31 646.27 385.58 599.49 338.96
0096 0.2799997627735138 459.95 343.29 630.83 467.50 606.15 501.45 435.27 377.24
0096 0.11543940007686615 477.63 632.66 745.20 802.14 707.09 862.32 439.52 692.84
0096 0.10053062438964844 383.21 370.99 590.83 519.04 560.51 561.56 352.89 413.51
0096 0.07547061890363693 295.98 859.04 441.08 1003.37 416.15 1028.44 271.05 884.11
0015 0.17038142681121826 684.01 734.45 755.62 773.18 741.46 799.35 669.86 760.63
0015 0.06125527620315552 568.32 466.84 582.64 453.96 651.21 530.16 636.89 543.05
0009 0.06013820692896843 23.42 495.39 87.25 538.68 71.16 562.41 7.33 519.12
0010 0.365601122379303 726.78 624.06 988.20 788.77 955.00 841.47 693.57 676.77
0010 0.09340018033981323 964.96 166.70 989.76 152.35 1025.62 214.31 1000.82 228.66
0010 0.06943538784980774 666.30 678.62 1018.13 834.90 981.79 916.72 629.96 760.44
0010 0.06895174831151962 659.95 198.83 741.15 231.54 730.79 257.27 649.58 224.57
0023 0.12201489508152008 994.23 -15.64 1018.27 -2.95 969.54 89.37 945.50 76.68
0004 0.689773678779602 965.92 545.27 995.22 551.11 975.51 649.89 946.21 644.04
0004 0.08764997869729996 958.21 534.64 982.38 520.11 1041.55 618.51 1017.38 633.04
0024 0.2454141229391098 122.17 -6.57 180.36 -58.79 402.26 188.51 344.07 240.73
0024 0.11092580854892731 689.59 523.05 711.24 507.37 776.81 597.87 755.16 613.55
0024 0.07174312323331833 829.69 607.63 1125.74 843.84 1067.41 916.94 771.36 680.73
0155 0.8429998159408569 62.87 630.54 396.12 612.01 400.02 682.09 66.77 700.63
0089 0.05346297100186348 10.13 330.17 40.52 328.76 44.84 421.97 14.45 423.38
0057 0.32727521657943726 595.89 182.17 615.22 164.18 666.27 219.05 646.93 237.04
0057 0.08648660778999329 624.48 717.79 782.45 761.79 773.44 794.14 615.47 750.13
0057 0.0671028196811676 426.39 162.64 471.33 163.45 468.11 340.62 423.17 339.80
0025 0.1299816071987152 668.64 706.55 910.86 609.71 931.05 660.23 688.83 757.07
0161 0.20255134999752045 432.41 416.20 468.75 380.95 682.83 601.63 646.49 636.89
0161 0.1507459282875061 390.34 452.87 630.07 637.42 583.06 698.48 343.34 513.94
0161 0.075632244348526 97.40 910.52 235.73 1029.00 212.36 1056.28 74.03 937.81
0161 0.061121828854084015 421.61 853.86 805.20 951.83 782.41 1041.07 398.82 943.11
0161 0.057816170156002045 601.44 438.08 665.41 419.38 673.36 446.57 609.38 465.27
0012 0.3306989073753357 753.14 1000.06 848.85 960.87 859.28 986.33 763.56 1025.51
0090 0.05260670930147171 252.05 160.90 270.63 148.26 338.48 247.94 319.90 260.58
0152 0.05539185553789139 600.64 498.00 645.55 496.44 652.52 697.08 607.61 698.64
0053 0.7830061316490173 336.93 410.78 584.67 330.04 599.58 375.79 351.84 456.53
0053 0.7388241291046143 369.92 958.18 606.61 856.83 625.13 900.08 388.43 1001.42
0053 0.05230807885527611 932.53 814.64 969.97 808.37 997.16 970.82 959.71 977.08
0026 0.1891358345746994 126.10 546.74 149.08 533.75 202.82 628.80 179.85 641.80
0026 0.05855860188603401 305.52 190.30 340.50 174.88 412.51 338.21 377.54 353.63
0026 0.058330439031124115 4.90 721.91 135.74 679.91 148.22 718.80 17.38 760.80
0162 0.05698854476213455 784.94 914.07 906.79 981.16 894.54 1003.42 772.69 936.33
0157 0.42654916644096375 677.50 668.53 738.95 701.91 729.51 719.28 668.07 685.90
0091 0.4029697775840759 364.98 523.36 410.81 506.93 486.70 718.76 440.86 735.18
0020 0.1908482164144516 178.81 776.26 405.17 957.63 356.22 1018.71 129.87 837.34
0059 0.8919921517372131 370.33 550.38 618.68 463.38 635.41 511.13 387.05 598.13
0059 0.27639269828796387 335.76 2.39 540.20 -29.74 547.02 13.62 342.58 45.76
0059 0.25671058893203735 354.81 865.98 401.11 842.65 488.74 1016.58 442.44 1039.91
0048 0.8169263005256653 732.12 811.65 975.74 733.34 990.45 779.08 746.83 857.39
0158 0.10109099745750427 943.40 299.76 1014.22 345.68 1003.24 362.63 932.41 316.71
0027 0.4884229302406311 701.12 363.70 927.12 264.42 947.55 310.94 721.55 410.22
0027 0.08224768191576004 929.81 143.12 956.79 132.89 994.65 232.74 967.66 242.97
0027 0.07166474312543869 722.03 172.77 807.30 139.56 817.16 164.89 731.90 198.10
0021 0.49199971556663513 565.07 867.45 618.41 850.77 623.54 867.16 570.20 883.85
0021 0.3329472541809082 110.98 246.76 139.09 254.02 112.34 357.62 84.23 350.36
0021 0.14083051681518555 985.10 916.66 1044.22 898.70 1049.65 916.57 990.53 934.54
0159 0.3630361557006836 843.12 799.83 1055.58 926.93 1030.00 969.68 817.54 842.59
0159 0.16870537400245667 720.00 854.54 1086.21 941.96 1065.75 1027.69 699.53 940.26
0062 0.08106115460395813 222.44 324.93 390.28 361.37 383.11 394.40 215.26 357.97
0154 0.16972966492176056 470.19 687.73 561.72 654.95 569.27 676.02 477.74 708.80
0067 0.09167725592851639 878.13 69.10 913.07 64.42 935.95 235.51 901.01 240.19
0049 0.8287410140037537 333.83 805.46 581.77 733.36 595.14 779.32 347.20 851.43
0093 0.13175706565380096 34.65 127.71 253.88 135.45 252.71 168.49 33.49 160.75
0072 0.707822322845459 262.92 579.78 286.05 588.94 249.28 681.76 226.15 672.60
0077 0.19755789637565613 362.51 399.00 383.61 414.08 337.37 478.79 316.26 463.71
0077 0.14160093665122986 117.92 672.38 203.20 629.57 218.16 659.38 132.88 702.18
0063 0.6663694381713867 775.36 141.67 1026.14 69.54 1039.10 114.61 788.32 186.73
0063 0.6572824716567993 757.59 470.93 804.23 447.70 908.62 657.34 861.98 680.56
0063 0.09855398535728455 857.44 869.29 895.41 856.26 951.98 1021.15 914.01 1034.18
0117 0.13495421409606934 128.77 911.18 197.41 866.56 215.61 894.56 146.97 939.18
0117 0.09454222023487091 802.91 5.02 1009.33 46.87 1002.52 80.50 796.09 38.65
0117 0.0836254134774208 616.86 -9.80 750.99 5.02 748.70 25.72 614.58 10.89
0117 0.05206943675875664 981.00 1012.71 1049.87 1012.67 1049.89 1030.62 981.01 1030.66
0122 0.14585129916667938 283.01 605.29 328.97 603.42 337.56 815.12 291.61 816.98
0122 0.12421523779630661 258.63 295.21 325.90 281.92 378.89 550.05 311.62 563.34
0068 0.3514576852321625 569.55 458.16 651.22 524.27 635.78 543.34 554.11 477.23
0132 0.4638684391975403 376.92 237.23 446.35 241.83 445.23 258.79 375.79 254.19
0078 0.9573413729667664 661.81 120.56 763.04 107.70 765.50 127.05 664.27 139.91
0073 0.4993535280227661 429.33 79.93 610.80 244.34 579.10 279.33 397.62 114.92
0073 0.08129788935184479 824.53 -27.95 1088.70 35.50 1070.86 109.76 806.70 46.31
0073 0.060282543301582336 13.49 485.92 127.06 549.17 114.69 571.38 1.12 508.13
0064 0.5965691208839417 8.90 147.01 213.66 64.44 231.19 107.89 26.42 190.47
0064 0.20278778672218323 -8.31 558.13 23.86 536.48 111.86 667.25 79.69 688.91
0064 0.16231872141361237 47.15 863.49 83.90 846.52 155.24 1000.99 118.48 1017.96
0064 0.05124248191714287 808.49 -55.78 844.18 -68.61 908.87 111.37 873.18 124.20
0083 0.08908646553754807 96.47 369.45 124.80 368.25 128.91 465.10 100.58 466.30
0051 0.24906255304813385 241.73 647.82 286.05 638.67 319.47 800.62 275.15 809.77
0051 0.05102754756808281 627.34 -4.82 770.55 25.65 765.34 50.14 622.13 19.68
0118 0.057962752878665924 222.67 587.94 512.98 620.53 503.35 706.32 213.04 673.74
0069 0.683441162109375 424.02 394.83 477.73 433.19 464.17 452.18 410.46 413.82
0069 0.3856850862503052 317.35 658.93 352.11 630.49 448.76 748.60 414.00 777.05
0069 0.16379427909851074 38.98 889.17 195.53 1014.80 167.01 1050.35 10.46 924.72
0069 0.06256496161222458 561.57 248.70 592.81 267.81 550.98 336.16 519.74 317.05
0069 0.056629110127687454 7.96 589.54 231.68 750.27 183.07 817.92 -40.64 657.19
0123 0.21974097192287445 640.44 667.55 672.76 648.07 775.64 818.78 743.32 838.26
0123 0.05806417018175125 654.59 53.72 682.70 44.75 716.29 150.04 688.19 159.01
0123 0.0572807677090168 -75.23 -4.74 280.71 40.57 269.11 131.73 -86.84 86.42
0123 0.050997812300920486 643.97 320.43 919.82 263.34 935.86 340.83 660.01 397.92
0133 0.5716884732246399 644.30 218.52 720.62 293.39 699.61 314.82 623.28 239.95
0079 0.7742174863815308 530.99 69.54 598.79 88.70 592.82 109.80 525.03 90.64
0065 0.6241502165794373 750.00 70.38 799.94 45.88 912.49 275.34 862.55 299.84
0084 0.10356006771326065 926.00 589.10 955.40 592.91 940.61 707.21 911.21 703.41
0137 0.8442263007164001 556.50 548.87 584.29 544.19 597.88 624.83 570.09 629.51
0137 0.6880189776420593 312.68 603.49 341.51 596.62 360.81 677.61 331.98 684.48
0137 0.6857191920280457 183.25 949.52 219.80 943.05 235.76 1033.22 199.22 1039.69
0070 0.7784406542778015 289.98 874.52 351.73 849.06 358.31 865.00 296.55 890.47
0070 0.5280470252037048 571.86 56.28 649.44 124.19 631.14 145.09 553.56 77.19
0134 0.4493405818939209 499.46 671.47 521.98 653.90 588.87 739.57 566.35 757.15
0124 0.14909765124320984 161.21 865.67 267.93 841.81 274.67 871.95 167.95 895.81
0124 0.061427146196365356 -124.82 9.29 212.61 12.74 211.80 91.96 -125.63 88.51
0080 0.17540788650512695 632.91 723.40 841.04 614.72 861.72 654.32 653.59 763.00
0080 0.1286032497882843 679.28 534.81 845.20 449.14 860.28 478.34 694.36 564.01
0080 0.06522638350725174 610.76 246.72 854.61 152.54 875.37 206.27 631.51 300.45
0119 0.29056039452552795 648.37 794.40 821.33 736.39 831.78 767.52 658.82 825.53
0066 0.4857041537761688 358.99 75.55 409.41 50.48 516.89 266.64 466.46 291.71
0085 0.094288669526577 33.19 688.40 69.99 688.07 71.47 851.97 34.67 852.31
0135 0.6889398097991943 105.07 270.35 131.24 254.86 180.77 338.53 154.60 354.02
0135 0.46290677785873413 2.26 683.77 28.54 667.17 91.12 766.17 64.85 782.77
0135 0.38157328963279724 689.07 -8.62 798.26 94.23 769.46 124.80 660.27 21.95
0125 0.2365311086177826 172.25 476.78 265.55 437.97 275.46 461.78 182.16 500.59
0125 0.07993816584348679 211.02 849.21 262.37 846.06 274.83 1048.90 223.47 1052.06
0071 0.6650000214576721 423.03 -6.73 480.27 34.13 465.15 55.31 407.91 14.46
0071 0.34017035365104675 38.51 492.26 215.65 640.52 184.71 677.49 7.57 529.22
0071 0.0738191157579422 -6.85 180.85 229.53 326.13 185.25 398.17 -51.13 252.90
0076 0.13514108955860138 276.59 525.55 376.59 505.90 380.06 523.56 280.06 543.21
0120 0.7515028715133667 338.68 361.86 473.23 318.05 481.97 344.90 347.42 388.71
0130 0.5978902578353882 797.00 265.65 839.67 247.60 917.65 432.03 874.98 450.08
0142 0.14702284336090088 457.96 867.70 653.33 794.65 666.81 830.69 471.44 903.74
0142 0.10791905969381332 448.09 433.15 642.25 318.28 667.75 361.39 473.59 476.25
0139 0.2980193495750427 399.78 278.76 479.83 211.85 494.97 229.97 414.93 296.88
0136 0.8098738193511963 819.57 281.21 847.15 271.53 885.64 381.23 858.05 390.91
0126 0.3451918065547943 705.50 582.02 759.55 537.08 772.71 552.92 718.67 597.85
0126 0.17618322372436523 590.92 0.55 653.78 -7.07 683.32 236.53 620.46 244.15
0086 0.12317613512277603 32.99 628.52 115.92 629.50 115.60 657.19 32.66 656.21
0086 0.10644940286874771 453.87 263.68 487.60 268.26 464.90 435.17 431.18 430.58
0131 0.7128154635429382 776.09 634.43 845.01 647.01 842.06 663.18 773.14 650.61
0101 0.5761763453483582 301.78 509.55 328.50 510.46 325.78 590.27 299.05 589.36
0101 0.07453392446041107 996.66 412.33 1012.89 397.37 1049.34 436.92 1033.11 451.88
0101 0.05148499831557274 1000.00 482.81 1014.64 473.25 1046.00 521.29 1031.36 530.85
0147 0.2370288372039795 554.99 685.74 819.92 615.43 831.93 660.71 567.01 731.02
0140 0.17579032480716705 847.22 825.30 1027.97 745.73 1043.05 779.97 862.29 859.54
0172 0.6030550599098206 174.53 792.47 191.98 800.59 162.87 863.17 145.43 855.06
0167 0.31149107217788696 366.03 217.87 411.91 236.53 336.62 421.64 290.74 402.98
0177 0.12134967744350433 603.29 664.85 623.35 647.62 709.09 747.42 689.03 764.65
0102 0.06859486550092697 816.81 607.61 1110.43 813.93 1058.98 887.16 765.35 680.85
0163 0.20198211073875427 6.11 934.12 30.17 915.69 95.15 1000.50 71.08 1018.93
0163 0.1861809939146042 395.95 49.14 636.49 248.30 584.66 310.90 344.12 111.73
0163 0.14334525167942047 448.79 -11.76 678.74 145.44 650.13 187.29 420.18 30.09
0163 0.05231175199151039 471.96 613.32 622.69 716.43 602.18 746.42 451.44 643.31
0109 0.6102628111839294 55.70 859.59 147.00 837.22 151.50 855.56 60.20 877.92
0148 0.4589433968067169 153.11 299.14 405.54 198.09 422.33 240.03 169.90 341.09
0148 0.20779187977313995 172.47 767.83 398.60 647.02 419.83 686.76 193.70 807.57
0114 0.11687426269054413 955.37 1006.67 1015.28 1003.68 1016.16 1021.29 956.25 1024.28
0114 0.0849304273724556 811.54 779.13 1030.03 843.47 1018.06 884.12 799.57 819.78
0173 0.6956851482391357 463.52 768.91 500.10 792.00 403.66 944.77 367.08 921.67
0144 0.0706506222486496 66.57 38.78 272.42 -12.30 283.93 34.11 78.08 85.19
0168 0.06354674696922302 -18.80 192.77 33.89 177.45 85.48 354.93 32.79 370.25
0178 0.1212284043431282 699.88 745.92 719.68 758.50 681.11 819.22 661.30 806.64
0164 0.29512059688568115 800.55 511.57 894.08 587.79 874.81 611.43 781.29 535.21
0164 0.12621185183525085 949.82 823.74 1013.37 862.34 997.74 888.08 934.19 849.48
0103 0.6588818430900574 816.94 106.86 842.73 116.65 803.75 219.32 777.96 209.53
0149 0.34929245710372925 53.68 551.86 116.11 576.45 109.00 594.51 46.57 569.92
0174 0.8428565263748169 139.28 538.77 162.45 538.41 163.85 628.60 140.68 628.96
0174 0.7948644757270813 682.36 392.24 705.15 390.24 712.03 468.36 689.24 470.36
0169 0.8867953419685364 948.89 138.93 974.11 139.65 971.44 233.17 946.23 232.45
0169 0.07038601487874985 946.55 108.53 1021.23 183.12 1005.34 199.04 930.65 124.44
0115 0.22054870426654816 540.73 517.90 581.34 492.25 697.97 676.90 657.36 702.56
0115 0.11313256621360779 959.92 16.97 978.42 1.75 1033.42 68.57 1014.92 83.79
0106 0.6219587922096252 569.68 79.71 596.43 78.93 598.53 150.86 571.79 151.64
0165 0.1931036114692688 545.51 417.16 604.69 474.12 584.71 494.87 525.54 437.91
0165 0.0936914011836052 395.82 103.62 499.84 191.33 482.04 212.44 378.02 124.73
0017 0.08853097259998322 51.46 419.68 135.05 489.32 120.34 506.98 36.74 437.34
0017 0.058156274259090424 722.69 592.42 871.75 697.03 852.16 724.94 703.10 620.33
0175 0.4794032573699951 941.04 135.90 966.28 134.13 972.22 218.79 946.98 220.57
0110 0.5935695767402649 56.77 461.20 140.18 435.37 146.28 455.07 62.87 480.89
0170 0.1364843100309372 176.52 804.78 235.51 813.35 231.94 837.92 172.95 829.35
0116 0.056724999099969864 185.33 329.96 253.53 298.12 265.37 323.48 197.17 355.32
0107 0.502693772315979 58.27 834.92 338.64 753.77 352.80 802.68 72.43 883.83
0166 0.9106386303901672 552.10 937.13 576.87 939.80 566.98 1031.49 542.21 1028.82
0022 0.4073529541492462 547.72 378.08 621.74 335.13 774.16 597.83 700.14 640.78
0176 0.327310711145401 782.46 363.34 851.48 330.60 860.68 349.99 791.66 382.73
0105 0.6446172595024109 169.85 872.91 196.11 871.26 201.16 951.86 174.89 953.51
0014 0.8152103424072266 630.87 190.68 656.57 186.95 668.06 266.10 642.36 269.83
0171 0.07004434615373611 528.41 163.64 545.72 157.52 565.79 214.38 548.48 220.49
0108 0.27038875222206116 452.57 440.34 734.36 343.11 751.98 394.16 470.19 491.39
0029 0.5758782625198364 824.15 941.01 1062.02 877.18 1073.95 921.61 836.07 985.44
0029 0.3365759253501892 780.08 488.37 1031.30 421.69 1043.09 466.12 791.87 532.79
0029 0.06099295616149902 772.17 911.59 1005.06 1017.47 986.20 1058.96 753.31 953.08
0016 0.7082459330558777 741.21 215.84 839.39 147.70 856.99 173.06 758.81 241.20
0112 0.0571458600461483 663.23 995.02 807.18 985.74 809.23 1017.53 665.28 1026.82
0030 0.5454460382461548 823.80 548.46 1064.73 466.07 1079.05 507.96 838.12 590.34
0030 0.17281003296375275 793.87 113.15 989.84 1.79 1010.46 38.07 814.49 149.43
