0192 0.0537586584687233 653.32 747.03 677.78 770.12 583.86 869.61 559.40 846.52
0005 0.08208753168582916 631.85 846.37 744.77 917.32 731.39 938.62 618.46 867.67
0044 0.2187170684337616 911.85 572.72 939.32 563.48 982.02 690.48 954.55 699.72
0044 0.1468788981437683 777.65 91.53 796.68 75.04 895.00 188.51 875.96 205.00
0044 0.11174974590539932 17.43 286.84 44.31 274.70 87.28 369.78 60.40 381.93
0044 0.09404880553483963 773.85 95.12 799.51 85.18 850.85 217.62 825.18 227.56
0044 0.06591898947954178 600.41 441.58 625.09 429.17 676.02 530.42 651.34 542.84
0044 0.06451275199651718 935.68 560.47 960.96 552.00 1000.75 670.71 975.48 679.18
0013 0.1076773926615715 809.93 34.16 944.70 124.02 926.03 152.01 791.27 62.15
0097 0.1816004067659378 361.21 329.69 483.44 409.44 471.70 427.44 349.46 347.69
0097 0.1789952665567398 513.41 435.17 633.23 523.57 619.57 542.08 499.76 453.68
0097 0.15634922683238983 380.61 303.89 547.13 387.19 533.10 415.24 366.58 331.94
0097 0.13279592990875244 226.89 386.30 385.58 476.94 369.07 505.85 210.38 415.22
0097 0.11433583498001099 554.00 420.20 674.85 488.54 663.71 508.24 542.86 439.90
0097 0.10552677512168884 541.39 425.43 651.78 520.23 636.32 538.23 525.94 443.43
0097 0.08893530070781708 786.64 390.63 876.20 458.07 857.49 482.92 767.93 415.48
0097 0.08553510904312134 203.93 415.56 287.02 475.75 272.27 496.10 189.19 435.91
0097 0.06185680255293846 861.88 -27.44 1020.64 35.87 1007.90 67.82 849.14 4.51
0045 0.2000790536403656 422.44 501.32 444.28 492.43 495.79 618.96 473.95 627.85
0045 0.17172087728977203 321.34 518.98 346.14 515.19 367.35 653.75 342.56 657.55
0045 0.13991300761699677 350.46 521.61 374.49 518.57 391.21 651.03 367.17 654.07
0045 0.13336917757987976 405.20 498.36 428.30 491.24 470.89 629.41 447.80 636.53
0045 0.11843129247426987 368.33 504.65 388.43 498.22 433.36 638.57 413.26 645.01
0006 0.15646104514598846 125.10 17.61 151.15 -0.21 235.07 122.48 209.01 140.30
0006 0.05174750089645386 95.67 31.27 127.29 11.60 219.75 160.21 188.13 179.88
0006 0.05153828114271164 635.36 823.58 770.91 743.41 790.10 775.84 654.54 856.02
0183 0.21951372921466827 5.14 618.55 124.32 707.40 109.69 727.02 -9.49 638.18
0183 0.21809808909893036 27.48 580.80 149.02 662.60 136.37 681.40 14.83 599.59
0183 0.2052750587463379 152.41 743.36 242.74 803.99 232.57 819.15 142.24 758.51
0183 0.14083534479141235 164.43 703.88 253.52 785.79 238.56 802.06 149.47 720.15
0183 0.1318710595369339 318.02 771.89 446.06 897.04 419.75 923.96 291.71 798.81
0183 0.12824782729148865 37.87 889.34 121.76 950.98 105.80 972.70 21.91 911.06
0183 0.08951651304960251 25.71 603.59 137.60 698.81 122.17 716.94 10.28 621.72
0001 0.24902936816215515 645.28 804.09 777.58 861.46 769.07 881.09 636.77 823.72
0001 0.1729835867881775 659.61 786.63 789.70 850.56 779.91 870.47 649.82 806.53
0188 0.2741508185863495 744.84 -1.64 859.32 96.39 837.48 121.90 722.99 23.86
0040 0.14736568927764893 774.97 494.01 793.33 477.13 889.54 581.78 871.18 598.66
0040 0.08043345808982849 591.09 847.95 616.28 831.23 673.48 917.45 648.29 934.16
0040 0.07959247380495071 759.63 502.58 783.26 485.01 872.49 605.09 848.86 622.65
0094 0.1641761064529419 786.74 468.40 809.37 484.84 733.57 589.19 710.94 572.75
0094 0.0682695135474205 263.60 896.97 287.17 890.97 311.84 987.89 288.27 993.89
0002 0.08517328649759293 925.40 88.52 958.27 91.67 946.18 217.89 913.31 214.74
0002 0.06317771226167679 420.11 783.83 438.38 770.17 493.92 844.47 475.65 858.13
0002 0.05237024649977684 865.41 112.87 892.25 99.55 939.07 193.92 912.24 207.24
0099 0.193985715508461 105.73 34.24 247.64 111.88 234.93 135.11 93.02 57.48
0099 0.13488315045833588 143.24 20.57 269.36 78.84 258.46 102.42 132.35 44.14
0007 0.1409749835729599 -23.80 872.73 80.38 942.45 64.22 966.60 -39.96 896.88
0185 0.2945607304573059 333.95 809.88 356.08 789.70 456.37 899.67 434.24 919.85
0185 0.2356942743062973 309.69 577.83 410.77 670.43 392.50 690.37 291.43 597.77
0185 0.2048235982656479 420.11 175.50 555.77 265.35 542.44 285.49 406.78 195.64
0185 0.169740229845047 360.14 190.57 533.76 299.77 515.29 329.12 341.68 219.93
0185 0.13689512014389038 561.66 320.08 668.21 378.98 656.29 400.54 549.74 341.64
0185 0.12913772463798523 551.44 329.12 654.53 415.37 638.64 434.36 535.55 348.11
0185 0.10053444653749466 716.01 387.94 854.78 499.48 836.41 522.33 697.65 410.79
0185 0.06624108552932739 457.53 507.97 518.02 554.42 504.14 572.49 443.65 526.04
0041 0.09790405631065369 420.09 905.48 442.88 893.58 496.08 995.51 473.30 1007.40
0200 0.09723949432373047 552.10 612.02 581.12 621.55 541.80 741.32 512.78 731.79
0196 0.08291728049516678 782.06 226.38 868.62 295.01 850.13 318.33 763.57 249.70
0196 0.053658727556467056 896.42 31.56 923.51 40.08 884.57 163.86 857.48 155.34
0037 0.1396431028842926 787.08 874.34 813.04 863.55 873.06 1007.96 847.10 1018.75
0037 0.05246134102344513 762.59 915.05 786.69 898.84 863.99 1013.73 839.89 1029.94
0186 0.08942072093486786 1027.43 637.78 1059.11 666.14 934.29 805.58 902.61 777.22
0042 0.14614303410053253 448.34 761.42 574.03 783.25 570.17 805.46 444.48 783.64
0096 0.14580436050891876 111.75 838.37 247.00 907.12 234.87 930.99 99.63 862.24
0096 0.1412201076745987 150.90 829.30 266.92 881.93 256.74 904.38 140.72 851.75
0096 0.09670743346214294 308.19 873.60 430.47 981.32 409.61 1004.99 287.33 897.28
0096 0.09349171817302704 371.80 811.78 392.49 793.41 452.68 861.21 431.99 879.58
0096 0.09118252247571945 -15.66 692.04 135.47 790.19 121.00 812.46 -30.13 714.31
0096 0.06506919115781784 -37.30 742.28 96.83 802.42 87.04 824.24 -47.08 764.10
0015 0.3086707293987274 774.64 330.56 890.25 437.68 873.28 456.00 757.67 348.87
0015 0.22936835885047913 602.02 423.06 728.21 533.87 710.58 553.95 584.39 443.14
0015 0.19106723368167877 574.11 457.74 659.59 527.29 646.84 542.97 561.35 473.42
0015 0.10948539525270462 42.70 810.82 134.32 885.12 113.99 910.19 22.37 835.88
0015 0.0895436480641365 814.63 664.50 839.83 639.73 914.77 715.95 889.57 740.73
0015 0.0876322090625763 684.01 734.45 755.62 773.18 741.46 799.35 669.86 760.63
0009 0.10215648263692856 23.42 495.39 87.25 538.68 71.16 562.41 7.33 519.12
0023 0.06869931519031525 997.39 -11.78 1020.40 1.99 969.73 86.66 946.72 72.89
0038 0.11490918695926666 30.29 908.52 58.61 899.54 92.97 1007.80 64.64 1016.78
0028 0.24884669482707977 369.56 465.82 520.84 517.72 513.46 539.24 362.17 487.34
0028 0.24160881340503693 535.57 509.94 672.06 527.10 669.64 546.33 533.15 529.16
0028 0.05273040756583214 474.48 511.64 660.34 547.13 655.63 571.82 469.77 536.33
0036 0.11947910487651825 477.21 120.08 602.51 42.56 619.35 69.79 494.05 147.30
0024 0.1536109447479248 686.58 534.32 706.87 515.76 778.57 594.15 758.27 612.71
0024 0.09559106826782227 776.67 637.87 793.23 622.16 859.13 691.60 842.57 707.32
0160 0.19758635759353638 863.56 919.96 982.64 1008.98 966.96 1029.96 847.87 940.95
0160 0.0940309539437294 883.48 896.21 1006.28 1001.12 988.17 1022.31 865.38 917.39
0089 0.3110274076461792 643.36 549.33 663.02 536.37 746.14 662.39 726.49 675.36
0089 0.28418678045272827 37.30 464.93 61.32 456.35 104.71 577.88 80.69 586.45
0089 0.2763780653476715 92.35 628.06 118.05 623.03 142.81 749.69 117.12 754.72
0089 0.21360881626605988 537.60 427.89 558.18 411.29 634.53 505.97 613.95 522.56
0089 0.11547663807868958 12.90 326.20 44.74 327.12 41.90 425.42 10.06 424.50
0089 0.07897473871707916 504.92 783.54 525.95 765.72 624.57 882.13 603.54 899.95
0011 0.07241183519363403 322.48 708.18 344.41 719.53 291.79 821.27 269.85 809.93
0151 0.16185280680656433 625.46 903.67 650.22 896.28 688.39 1024.02 663.64 1031.42
0151 0.1393517255783081 430.68 919.15 455.60 910.02 497.48 1024.26 472.56 1033.40
0151 0.11863093823194504 371.83 916.19 398.06 910.54 426.90 1044.39 400.68 1050.05
0151 0.06737376749515533 589.27 912.86 611.25 903.31 668.15 1034.34 646.17 1043.89
0151 0.05644514411687851 398.60 920.16 421.54 908.57 482.31 1028.89 459.37 1040.48
0057 0.2109423726797104 627.61 725.58 786.28 767.62 779.29 794.01 620.62 751.97
0057 0.19666944444179535 438.16 689.38 591.13 707.79 588.30 731.26 435.34 712.85
0057 0.09406232088804245 596.56 183.71 617.44 165.09 664.11 217.44 643.23 236.05
0032 0.2053840607404709 784.30 207.52 808.17 216.69 748.46 372.07 724.59 362.90
0032 0.1155526340007782 764.98 200.37 786.51 208.87 730.38 350.97 708.85 342.47
0052 0.1042877733707428 824.71 503.83 854.35 497.37 883.24 629.81 853.60 636.28
0161 0.16401594877243042 68.60 924.56 190.25 1017.99 175.38 1037.35 53.73 943.92
0161 0.12147175520658493 115.50 902.76 220.39 998.48 202.99 1017.55 98.09 921.83
0161 0.05284213274717331 456.74 384.44 641.27 535.81 614.03 569.01 429.51 417.64
0090 0.3151690661907196 137.03 22.04 152.89 8.79 237.85 110.49 221.99 123.74
0090 0.30589720606803894 243.34 160.72 259.84 145.86 347.05 242.71 330.54 257.57
0090 0.180626779794693 109.11 381.54 129.38 364.38 248.77 505.31 228.50 522.47
0090 0.17126883566379547 163.19 375.89 180.02 362.92 249.97 453.68 233.14 466.65
0090 0.052649401128292084 229.71 171.43 246.34 157.22 336.41 262.64 319.78 276.85
0152 0.23168209195137024 440.28 521.24 463.00 514.85 496.53 634.17 473.81 640.56
0152 0.1152317002415657 617.88 501.59 641.44 493.33 691.41 635.80 667.85 644.06
0152 0.08823295682668686 597.69 503.71 640.37 499.78 658.03 691.50 615.36 695.44
0033 0.12963822484016418 765.53 17.51 892.38 124.83 873.25 147.44 746.40 40.12
0033 0.10923919826745987 303.46 10.69 331.66 6.56 350.96 138.46 322.76 142.58
0053 0.22550562024116516 234.72 719.85 259.96 714.73 289.86 862.07 264.61 867.19
0053 0.1744968444108963 915.57 860.37 939.41 854.59 972.18 989.75 948.35 995.53
0053 0.09180285036563873 949.69 811.46 979.36 798.50 1050.19 960.60 1020.53 973.57
0053 0.0828186571598053 922.56 845.56 950.97 833.60 1012.47 979.66 984.07 991.62
0053 0.0798678770661354 24.57 516.89 52.81 507.91 89.62 623.69 61.38 632.67
0053 0.07124496251344681 596.20 708.21 621.63 694.86 679.32 804.72 653.89 818.07
0058 0.11461490392684937 811.01 121.53 838.99 108.97 890.56 223.80 862.58 236.36
0026 0.29271069169044495 471.01 614.74 496.52 609.30 525.18 743.76 499.66 749.20
0026 0.21741235256195068 720.85 614.29 742.67 605.77 792.59 733.56 770.77 742.08
0026 0.2049081027507782 520.46 604.15 544.25 597.79 582.88 742.17 559.09 748.54
0026 0.15334123373031616 500.99 606.63 525.97 603.26 545.33 746.47 520.34 749.85
0026 0.10915222764015198 704.13 613.48 731.62 612.56 737.03 774.55 709.54 775.47
0026 0.10226815193891525 122.76 547.66 147.72 533.20 201.35 625.75 176.39 640.21
0026 0.08877082914113998 302.11 522.66 326.28 507.04 380.16 590.45 355.98 606.07
0026 0.05984153226017952 448.00 634.13 470.95 626.92 509.63 750.10 486.67 757.30
0026 0.0524737611413002 4.90 721.91 135.74 679.91 148.22 718.80 17.38 760.80
0162 0.2387051284313202 791.41 902.88 902.85 994.77 884.29 1017.29 772.85 925.40
0162 0.1701793074607849 889.87 727.92 984.57 814.61 968.37 832.31 873.66 745.62
0162 0.1654696762561798 859.09 519.64 1007.61 618.73 990.71 644.06 842.19 544.97
0162 0.12699724733829498 721.26 592.76 880.68 690.15 866.63 713.17 707.20 615.78
0162 0.10788623988628387 901.61 487.95 1023.05 598.57 1006.89 616.31 885.45 505.68
0162 0.10297061502933502 683.55 614.88 886.50 710.63 870.28 745.00 667.33 649.25
0157 0.10493742674589157 735.56 731.57 767.89 738.50 745.60 842.52 713.28 835.59
0091 0.05493924394249916 384.71 525.39 430.60 517.76 464.03 718.69 418.14 726.32
0020 0.05248226225376129 210.75 502.27 251.95 512.98 203.94 697.81 162.73 687.11
0054 0.21403051912784576 512.78 866.29 534.97 857.92 588.66 1000.20 566.47 1008.57
0054 0.2139645516872406 817.66 775.80 839.24 766.38 906.01 919.35 884.44 928.77
0054 0.1719723343849182 800.95 777.26 822.95 769.58 877.71 926.40 855.72 934.09
0054 0.16192428767681122 784.78 784.83 805.86 779.56 845.10 936.42 824.01 941.69
0054 0.15925565361976624 601.72 812.82 631.12 813.07 629.45 1009.23 600.05 1008.97
0054 0.15575072169303894 690.14 807.59 713.64 796.44 784.70 946.19 761.20 957.34
0054 0.15369930863380432 534.48 847.20 557.85 839.57 608.49 994.67 585.12 1002.30
0054 0.1306651532649994 387.38 290.77 409.68 277.26 488.16 406.78 465.86 420.29
0054 0.1220010370016098 728.39 798.94 752.02 790.20 808.92 944.05 785.28 952.79
0054 0.09546257555484772 751.45 781.46 773.04 775.45 815.63 928.57 794.05 934.58
0054 0.0622689425945282 362.58 607.05 448.94 586.28 456.19 616.45 369.84 637.22
0059 0.2236279398202896 229.43 320.98 255.70 312.88 302.30 463.97 276.02 472.07
0059 0.20888307690620422 907.18 472.39 926.81 462.20 1001.23 605.52 981.60 615.71
0059 0.10926543176174164 929.27 451.99 951.02 443.95 1005.32 590.84 983.57 598.88
0059 0.10047053545713425 28.17 98.62 55.36 93.84 79.99 233.98 52.80 238.76
0059 0.08667093515396118 951.69 405.22 983.10 398.96 1019.19 579.95 987.79 586.21
0059 0.06353574246168137 593.94 294.40 624.82 283.26 672.29 414.77 641.41 425.91
0059 0.05906085669994354 361.74 854.91 401.37 838.84 474.42 1018.94 434.79 1035.02
0034 0.10227587819099426 84.55 124.46 203.10 49.52 220.75 77.44 102.20 152.38
0158 0.07509215176105499 369.48 73.47 488.03 109.81 481.22 132.04 362.67 95.70
0158 0.0674280971288681 933.22 280.05 1022.34 336.94 1006.88 361.17 917.75 304.27
0027 0.10757958889007568 924.02 151.37 948.36 137.69 1001.08 231.49 976.73 245.17
0027 0.09916648268699646 601.85 228.77 704.29 300.79 683.44 330.46 580.99 258.44
0092 0.08077220618724823 647.67 546.12 676.62 541.30 693.95 645.37 665.00 650.19
0060 0.22399117052555084 422.06 380.09 446.63 369.61 505.78 508.32 481.20 518.80
0060 0.1389676183462143 123.68 459.52 148.09 454.07 179.07 592.91 154.66 598.36
0060 0.13515962660312653 198.98 409.31 227.90 407.88 235.26 556.72 206.33 558.15
0060 0.10816506296396255 149.38 411.61 176.06 409.38 190.93 587.33 164.26 589.56
0055 0.18842655420303345 413.57 773.64 435.65 764.79 497.97 920.23 475.89 929.09
0055 0.18285344541072845 120.64 859.17 144.76 854.61 170.57 991.21 146.46 995.77
0055 0.18070903420448303 190.90 807.42 217.21 802.03 250.93 966.75 224.62 972.14
0055 0.14757613837718964 160.13 819.30 188.09 814.25 222.46 1004.53 194.51 1009.58
0055 0.1400289237499237 129.66 838.18 157.71 830.46 205.94 1005.60 177.89 1013.33
0055 0.1259288191795349 378.54 779.87 399.92 772.60 455.83 936.80 434.46 944.07
0055 0.11879336833953857 294.21 795.03 319.68 786.03 371.55 932.85 346.07 941.85
0055 0.10228732228279114 357.25 785.56 380.07 780.57 413.88 935.24 391.06 940.23
0055 0.09985025972127914 332.79 791.64 358.72 784.90 401.36 948.93 375.44 955.67
0055 0.054649002850055695 427.46 780.06 448.43 768.03 516.85 887.35 495.88 899.38
0035 0.10123278945684433 882.74 121.80 1010.58 45.54 1027.54 73.97 899.70 150.23
0159 0.060383811593055725 846.47 782.14 1052.12 940.40 1026.47 973.73 820.82 815.47
0159 0.05112191289663315 793.10 854.72 961.52 972.78 941.37 1001.54 772.94 883.48
0088 0.21318045258522034 945.70 813.13 1034.97 898.61 1017.48 916.88 928.21 831.39
0088 0.08361085504293442 410.75 725.20 442.65 726.47 439.00 818.13 407.10 816.86
0062 0.16967225074768066 231.20 330.72 386.41 366.71 379.60 396.10 224.38 360.10
0061 0.2199649214744568 844.41 281.12 986.29 312.44 981.33 334.92 839.45 303.59
0056 0.27413731813430786 26.42 388.42 51.00 379.74 99.68 517.66 75.10 526.34
0056 0.10463917255401611 -5.96 386.78 20.26 377.51 76.50 536.63 50.29 545.90
0154 0.22403617203235626 855.50 421.05 998.02 457.79 993.25 476.32 850.73 439.58
0154 0.15182912349700928 857.31 403.25 1010.71 428.21 1007.27 449.35 853.87 424.39
0154 0.07119326293468475 601.74 653.48 681.12 628.75 687.91 650.55 608.54 675.28
0154 0.05446312949061394 665.62 383.35 797.19 420.04 791.18 441.58 659.62 404.90
0154 0.052977755665779114 470.86 679.36 564.47 659.68 569.09 681.66 475.48 701.34
0067 0.25263866782188416 886.17 61.70 918.25 60.73 923.60 237.46 891.52 238.43
0067 0.052456244826316833 891.23 73.32 926.18 58.41 995.95 221.92 960.99 236.83
0049 0.059380874037742615 783.21 685.55 808.97 669.77 890.67 803.11 864.91 818.89
0049 0.05793409049510956 15.54 905.55 47.90 895.10 84.75 1009.21 52.39 1019.66
0093 0.12416195124387741 37.99 134.54 278.45 116.81 281.10 152.82 40.64 170.55
0077 0.09635540843009949 117.92 672.38 203.20 629.57 218.16 659.38 132.88 702.18
0077 0.0844692662358284 670.62 35.40 696.66 41.69 665.17 171.99 639.13 165.69
0063 0.15230952203273773 868.61 865.89 903.85 857.58 942.58 1021.98 907.33 1030.28
0082 0.17735934257507324 249.99 166.29 276.17 158.13 323.11 308.80 296.93 316.96
0117 0.15250597894191742 609.84 -1.90 747.32 1.38 746.78 23.81 609.31 20.53
0117 0.1454089730978012 803.32 19.08 947.62 51.84 943.01 72.17 798.71 39.42
0117 0.08668901771306992 808.29 2.31 979.80 37.23 975.37 58.97 803.86 24.05
0122 0.20242822170257568 104.33 603.97 128.98 594.98 182.71 742.29 158.06 751.28
0122 0.1375151127576828 341.06 591.55 364.34 589.76 377.50 760.78 354.22 762.57
0122 0.12461809068918228 283.01 605.29 328.97 603.42 337.56 815.12 291.61 816.98
0122 0.05980246886610985 315.55 593.18 338.18 590.68 357.67 766.99 335.04 769.49
0068 0.10649082064628601 569.63 451.35 644.65 525.33 628.13 542.08 553.12 468.10
0127 0.059467121958732605 710.68 200.47 732.58 204.66 713.30 305.53 691.40 301.35
0073 0.2597790062427521 30.36 179.44 158.92 263.79 146.88 282.14 18.32 197.79
0073 0.19230453670024872 13.49 485.92 127.06 549.17 114.69 571.38 1.12 508.13
0073 0.18703314661979675 10.96 221.47 116.39 315.55 100.11 333.80 -5.32 239.71
0073 0.1701287478208542 154.71 307.96 258.28 383.21 243.16 404.02 139.60 328.77
0073 0.16378013789653778 22.86 190.21 137.71 285.56 123.12 303.13 8.27 207.78
0073 0.08574770390987396 14.65 215.33 121.77 295.00 112.59 307.34 5.47 227.67
0073 0.08124588429927826 343.18 415.59 452.85 483.63 435.61 511.41 325.94 443.37
0073 0.06847450882196426 143.40 332.07 263.62 408.17 250.31 429.19 130.09 353.09
0064 0.2269895076751709 510.39 65.07 531.80 54.74 600.08 196.27 578.66 206.60
0064 0.1683911234140396 73.90 851.17 105.45 845.92 134.57 1020.97 103.02 1026.22
0064 0.1543765664100647 598.09 15.41 630.28 14.96 632.88 202.43 600.69 202.88
0064 0.13363321125507355 807.52 -22.29 831.67 -33.69 901.74 114.80 877.59 126.19
0064 0.10182585567235947 788.00 -10.13 814.28 -21.68 883.99 136.94 857.71 148.49
0064 0.09209083765745163 751.15 20.56 778.50 5.92 851.40 142.12 824.05 156.75
0064 0.08940412104129791 531.83 45.53 555.40 35.27 622.08 188.46 598.52 198.72
0064 0.08543568849563599 1.18 548.64 36.56 530.14 111.84 674.18 76.46 692.67
0064 0.08339790254831314 730.93 2.80 763.46 -5.66 804.80 153.28 772.27 161.74
0083 0.10783585160970688 517.58 72.45 641.03 117.09 631.54 143.33 508.09 98.69
0083 0.09222041070461273 98.64 369.90 128.03 370.74 125.33 465.16 95.94 464.32
0051 0.14023086428642273 629.30 -2.10 778.50 30.04 773.09 55.15 623.89 23.01
0069 0.08217702060937881 17.91 896.64 177.35 1004.75 156.61 1035.33 -2.83 927.22
0069 0.06691329926252365 313.93 663.91 345.38 635.64 443.11 744.35 411.65 772.63
0123 0.15099136531352997 654.59 53.72 682.70 44.75 716.29 150.04 688.19 159.01
0123 0.09404820203781128 644.23 663.36 677.92 642.79 777.92 806.61 744.22 827.17
0133 0.07691796123981476 635.44 224.20 728.66 285.02 712.65 309.56 619.43 248.74
0065 0.17723596096038818 888.38 459.41 920.17 458.04 927.66 632.34 895.87 633.71
0084 0.0784834697842598 927.95 591.43 956.11 594.63 943.32 707.28 915.17 704.08
0070 0.08612923324108124 555.08 67.19 573.61 50.30 646.56 130.35 628.03 147.24
0134 0.11297807842493057 517.24 657.69 592.84 730.28 572.06 751.93 496.46 679.34
0124 0.20297043025493622 561.86 537.65 698.63 596.80 690.50 615.59 553.73 556.45
0124 0.14999887347221375 349.89 498.86 516.00 540.77 509.47 566.66 343.36 524.75
0080 0.17860034108161926 701.73 510.49 862.54 466.63 870.79 496.87 709.98 540.73
0119 0.09585035592317581 647.91 805.27 823.38 733.27 836.00 764.03 660.53 836.02
0066 0.09911349415779114 482.37 462.78 520.60 460.95 529.23 640.63 491.01 642.47
0085 0.30346930027008057 37.14 676.39 68.08 673.32 84.12 834.80 53.18 837.88
0085 0.0595545619726181 1.47 708.71 28.10 700.98 69.27 842.86 42.64 850.59
0135 0.10424047708511353 663.65 -0.69 696.87 -27.09 802.54 105.87 769.32 132.28
0125 0.24704952538013458 559.46 148.36 696.33 192.47 689.46 213.81 552.58 169.70
0125 0.22790612280368805 359.72 119.10 513.67 139.67 510.60 162.65 356.65 142.08
0125 0.060793329030275345 571.35 140.61 687.33 164.27 683.49 183.07 567.51 159.41
0076 0.0664854422211647 278.78 520.07 421.05 494.65 425.03 516.90 282.75 542.31
0130 0.05717887729406357 807.58 251.58 855.42 241.71 897.47 445.54 849.63 455.41
0142 0.11182558536529541 457.96 867.70 653.33 794.65 666.81 830.69 471.44 903.74
0142 0.0973891168832779 343.01 662.41 371.92 657.69 392.46 783.26 363.55 787.99
0142 0.08457961678504944 434.28 614.81 459.18 601.86 498.90 678.19 474.00 691.15
0142 0.08203498274087906 722.50 321.90 889.29 273.80 897.71 302.99 730.92 351.10
0142 0.06375940889120102 869.30 634.81 891.32 615.47 957.60 690.93 935.58 710.27
0139 0.15629658102989197 467.63 205.32 487.65 219.34 423.87 310.43 403.85 296.41
0086 0.2900107800960541 438.92 265.66 468.42 263.79 478.42 421.51 448.92 423.38
0046 0.19059064984321594 615.34 401.96 772.06 424.76 768.61 448.50 611.88 425.70
0121 0.15858058631420135 158.98 434.22 310.57 480.12 304.32 500.75 152.73 454.85
0121 0.09673908352851868 -32.93 400.88 122.92 430.44 118.48 453.84 -37.37 424.28
0143 0.17447207868099213 119.09 325.85 146.20 321.13 169.59 455.47 142.47 460.19
0143 0.10509775578975677 917.86 599.76 1051.44 638.77 1045.92 657.66 912.35 618.66
0140 0.06008600443601608 853.97 809.36 1021.90 763.78 1031.27 798.32 863.35 843.90
0167 0.05121302232146263 364.44 206.45 409.81 223.90 332.76 424.25 287.40 406.80
0177 0.12508465349674225 614.24 660.14 635.46 646.41 705.24 754.28 684.02 768.01
0177 0.1152815893292427 585.67 666.81 614.19 659.71 651.98 811.63 623.46 818.73
0163 0.18185093998908997 247.93 621.78 346.19 716.99 329.20 734.53 230.94 639.32
0163 0.14859500527381897 92.76 736.23 175.67 799.31 158.59 821.76 75.68 758.68
0163 0.13017982244491577 220.63 644.00 330.57 728.24 316.76 746.26 206.83 662.02
0163 0.11190449446439743 23.02 924.16 93.82 988.15 73.24 1010.91 2.44 946.93
0163 0.10639874637126923 480.99 618.05 605.74 722.54 586.39 745.64 461.64 641.15
0163 0.08482891321182251 64.98 536.79 86.42 518.20 195.00 643.46 173.55 662.05
0163 0.060787733644247055 392.20 51.11 563.66 182.76 540.12 213.42 368.67 81.77
0163 0.05686211213469505 117.87 512.25 226.39 590.20 211.75 610.58 103.23 532.63
0109 0.08117286115884781 51.98 863.98 143.34 835.17 149.39 854.39 58.04 883.19
0148 0.11574356257915497 959.40 626.19 986.75 621.89 1009.04 763.69 981.69 767.99
0148 0.05394038185477257 146.24 278.32 396.78 233.87 404.35 276.53 153.80 320.98
0148 0.05292617529630661 88.41 545.65 116.90 547.29 110.08 665.46 81.60 663.82
0114 0.14151522517204285 812.84 810.81 958.06 845.69 952.97 866.86 807.76 831.98
0114 0.12083564698696136 610.12 766.55 771.87 800.75 766.41 826.55 604.67 792.35
0144 0.052334580570459366 62.29 61.38 266.18 5.97 276.50 43.97 72.61 99.38
0168 0.14606152474880219 439.44 682.20 509.55 749.73 487.45 772.67 417.34 705.14
0164 0.23225674033164978 896.36 335.10 976.97 405.19 961.35 423.15 880.75 353.06
0164 0.13021300733089447 854.23 117.36 876.12 98.16 998.05 237.21 976.16 256.41
0164 0.1024044007062912 799.10 502.51 890.90 591.28 871.25 611.60 779.45 522.84
0164 0.06285155564546585 868.02 344.94 966.53 416.40 952.35 435.95 853.84 364.48
0164 0.06192030385136604 885.45 97.92 1032.86 189.12 1019.85 210.14 872.45 118.94
0164 0.0575685054063797 952.10 821.17 1009.86 868.72 991.34 891.23 933.57 843.68
0115 0.062307149171829224 972.38 3.95 1033.99 65.11 1017.02 82.20 955.42 21.04
0165 0.21371518075466156 393.52 104.83 497.97 193.05 479.78 214.58 375.34 126.37
0165 0.14615684747695923 543.35 417.39 607.43 472.85 588.41 494.83 524.33 439.37
0165 0.05967238172888756 393.95 820.64 429.80 841.14 346.52 986.71 310.67 966.20
0017 0.275423139333725 746.60 599.29 867.03 692.78 849.35 715.56 728.92 622.07
0017 0.212082639336586 43.42 433.17 147.19 479.86 135.23 506.44 31.46 459.75
0017 0.2024095505475998 568.77 65.05 583.27 52.55 651.50 131.72 637.00 144.22
0017 0.16959916055202484 597.37 36.23 616.67 19.72 715.67 135.40 696.37 151.91
0017 0.09654340893030167 573.80 43.42 593.92 26.09 691.43 139.26 671.31 156.60
0110 0.127354696393013 346.93 222.83 471.82 241.27 468.51 263.69 343.62 245.26
0170 0.08665680140256882 13.34 298.28 36.46 276.28 108.49 351.99 85.37 373.98
0116 0.23277218639850616 400.48 409.31 549.87 447.06 544.60 467.92 395.21 430.17
0116 0.1446927785873413 216.05 371.26 369.16 395.84 364.93 422.18 211.82 397.60
0116 0.05930367484688759 422.11 381.41 561.02 441.92 551.74 463.23 412.83 402.72
0107 0.22853685915470123 860.84 722.52 885.08 715.57 923.46 849.52 899.23 856.46
0107 0.1963047832250595 641.87 721.44 670.03 714.02 719.34 901.16 691.19 908.58
0107 0.14131349325180054 918.02 708.31 939.58 699.63 997.04 842.35 975.49 851.03
0107 0.1397947072982788 707.36 716.71 729.73 711.35 765.30 859.65 742.93 865.02
0107 0.11097978800535202 889.42 708.29 913.34 704.12 939.30 853.01 915.38 857.18
0107 0.10448448359966278 659.39 727.26 682.71 718.20 746.54 882.40 723.22 891.46
0107 0.1042201966047287 903.75 706.98 927.52 700.83 965.59 848.07 941.83 854.21
0107 0.06503653526306152 486.92 608.39 515.22 593.40 569.49 695.86 541.19 710.84
0022 0.07140310108661652 654.71 110.04 679.89 130.90 550.51 287.07 525.33 266.21
0108 0.1829535812139511 714.78 238.61 738.32 232.08 767.77 338.26 744.24 344.79
0108 0.07366496324539185 887.81 209.20 910.24 193.86 986.79 305.79 964.36 321.13
0029 0.05121684446930885 784.50 496.01 1008.52 412.79 1025.17 457.60 801.15 540.82
0030 0.05937923491001129 793.87 113.15 989.84 1.79 1010.46 38.07 814.49 149.43
