0005 0.35505980253219604 44.79 392.38 91.36 350.34 257.30 534.18 210.73 576.22
0013 0.46096479892730713 165.07 691.02 225.58 651.32 375.01 879.08 314.50 918.77
0097 0.18263991177082062 892.98 210.70 1080.38 395.79 1034.38 442.36 846.98 257.27
0097 0.12743568420410156 745.16 -37.71 1061.57 48.93 1037.87 135.45 721.46 48.82
0097 0.05677374452352524 226.89 386.30 385.58 476.94 369.07 505.85 210.38 415.22
0006 0.1382952630519867 442.09 863.31 713.58 721.29 753.23 797.09 481.74 939.11
0183 0.5887171030044556 331.48 139.68 624.40 349.54 579.59 412.09 286.67 202.23
0183 0.3787574768066406 432.57 469.69 614.71 646.05 576.97 685.03 394.82 508.67
0183 0.08892371505498886 372.49 269.66 669.21 508.33 612.90 578.33 316.18 339.66
0183 0.08718610554933548 320.75 775.69 444.17 891.53 421.87 915.29 298.45 799.45
0183 0.08173190802335739 865.42 374.23 1101.41 447.03 1081.74 510.78 845.75 437.98
0183 0.0707298219203949 310.49 170.47 459.50 143.47 466.67 183.07 317.66 210.06
0001 0.24552111327648163 499.32 640.49 536.15 604.23 698.37 768.99 661.54 805.25
0098 0.05146396532654762 695.95 906.28 723.92 904.20 730.46 992.29 702.49 994.37
0179 0.07676321268081665 144.67 771.06 324.45 874.25 302.41 912.65 122.62 809.45
0189 0.4475353956222534 630.34 255.56 680.52 222.13 814.20 422.78 764.01 456.22
0184 0.05092279240489006 661.98 585.13 687.39 596.02 648.58 686.56 623.17 675.66
0002 0.2110375612974167 560.12 577.47 596.48 541.86 759.83 708.68 723.47 744.29
0002 0.11534801870584488 534.43 660.02 592.45 614.20 778.24 849.44 720.23 895.26
0180 0.08724748343229294 715.29 946.55 885.70 998.01 875.46 1031.91 705.05 980.44
0180 0.05280521512031555 108.68 333.74 307.08 471.32 275.53 516.82 77.13 379.24
0190 0.07746484130620956 54.38 713.50 119.97 732.23 52.76 967.53 -12.83 948.79
0185 0.28327229619026184 824.28 83.42 1023.63 238.55 991.24 280.17 791.89 125.04
0185 0.06215469166636467 705.32 401.58 728.73 378.57 855.12 507.17 831.71 530.18
0185 0.05561213940382004 795.52 0.28 1111.39 142.41 1074.47 224.46 758.60 82.33
0095 0.4184158146381378 773.97 749.25 1044.38 856.02 1015.55 929.04 745.14 822.27
0095 0.08055290579795837 696.11 764.00 1062.30 1004.40 1012.30 1080.56 646.11 840.16
0095 0.054689161479473114 743.61 615.95 1137.15 770.47 1103.25 856.82 709.71 702.30
0008 0.06118104234337807 433.24 453.27 724.05 358.73 750.07 438.77 459.26 533.31
0181 0.5115759372711182 726.20 547.20 952.12 708.88 916.54 758.61 690.62 596.93
0181 0.07005912065505981 708.14 502.62 1111.29 584.13 1093.21 673.58 690.05 592.06
0181 0.063325434923172 626.14 -61.27 812.51 47.55 779.95 103.31 593.58 -5.50
0186 0.051517073065042496 1011.84 624.34 1048.18 644.55 954.63 812.77 918.29 792.56
0096 0.4537968337535858 482.81 633.47 729.68 803.22 689.49 861.67 442.62 691.92
0096 0.374033659696579 345.50 376.36 639.82 436.84 623.45 516.51 329.13 456.02
0096 0.1434796005487442 608.78 548.84 835.99 671.64 801.76 734.97 574.55 612.17
0096 0.10188855975866318 308.19 873.60 430.47 981.32 409.61 1004.99 287.33 897.28
0096 0.06512102484703064 527.37 615.96 833.97 710.33 816.87 765.87 510.27 671.50
0010 0.42568039894104004 650.04 665.56 984.40 732.62 967.98 814.49 633.62 747.43
0010 0.16960765421390533 627.84 694.43 928.06 830.27 894.58 904.24 594.37 768.41
0010 0.05282141640782356 683.24 550.08 1123.92 669.09 1100.71 755.04 660.03 636.03
0043 0.17067743837833405 883.03 663.66 1044.06 818.16 1005.31 858.55 844.27 704.05
0024 0.41481631994247437 163.71 -70.30 404.44 162.07 348.27 220.27 107.54 -12.10
0024 0.09695752710103989 841.15 620.00 1074.81 849.11 1016.17 908.92 782.50 679.81
0155 0.48078683018684387 62.87 630.54 396.12 612.01 400.02 682.09 66.77 700.63
0151 0.11152972280979156 -57.77 473.37 211.99 448.52 218.65 520.86 -51.10 545.71
0151 0.055405523627996445 217.80 501.28 256.76 486.04 321.04 650.30 282.07 665.55
0057 0.1098044291138649 426.47 159.13 469.03 158.44 471.91 334.46 429.34 335.15
0025 0.10694146901369095 663.41 704.40 900.14 617.88 918.02 666.81 681.29 753.33
0161 0.4491574764251709 379.30 431.31 691.78 518.57 667.83 604.32 355.35 517.05
0161 0.11261775344610214 503.19 794.22 735.61 965.05 689.27 1028.09 456.85 857.26
0161 0.0642412081360817 756.91 -33.77 1085.67 54.38 1060.10 149.74 731.34 61.59
0161 0.052694570273160934 450.03 398.27 645.84 502.22 627.35 537.05 431.54 433.09
0161 0.05087706074118614 382.09 481.62 655.28 708.02 605.15 768.50 331.96 542.10
0152 0.06595639139413834 -51.10 39.14 191.93 95.58 175.66 165.65 -67.37 109.21
0152 0.057619012892246246 598.27 495.97 640.58 494.86 645.71 690.06 603.40 691.17
0053 0.27114999294281006 336.93 410.78 584.67 330.04 599.58 375.79 351.84 456.53
0053 0.18160714209079742 373.31 952.19 622.39 865.40 637.40 908.50 388.33 995.29
0053 0.062403589487075806 963.05 805.48 999.79 811.75 972.96 968.87 936.23 962.60
0026 0.1427670419216156 305.52 190.30 340.50 174.88 412.51 338.21 377.54 353.63
0162 0.05984965339303017 708.63 543.34 956.93 742.84 910.75 800.32 662.45 600.83
0162 0.059365853667259216 721.45 549.92 1057.86 601.03 1046.75 674.20 710.34 623.09
0091 0.14022214710712433 364.98 523.36 410.81 506.93 486.70 718.76 440.86 735.18
0020 0.5531041026115417 155.23 787.09 226.70 742.55 380.05 988.60 308.58 1033.14
0020 0.07964438199996948 753.64 -67.28 962.35 70.98 930.41 119.19 721.71 -19.07
0020 0.05408034846186638 210.75 502.27 251.95 512.98 203.94 697.81 162.73 687.11
0054 0.13481269776821136 542.75 833.94 908.87 826.35 910.74 916.64 544.63 924.23
0054 0.05470171198248863 473.09 817.63 829.87 994.79 790.48 1074.11 433.70 896.95
0059 0.20077918469905853 370.33 550.38 618.68 463.38 635.41 511.13 387.05 598.13
0059 0.19222097098827362 351.58 867.53 393.93 843.69 486.94 1008.96 444.60 1032.80
0059 0.07258356362581253 331.05 1.41 534.52 -31.86 542.37 16.12 338.90 49.40
0048 0.2528562843799591 732.12 811.65 975.74 733.34 990.45 779.08 746.83 857.39
0027 0.3619498908519745 701.12 363.70 927.12 264.42 947.55 310.94 721.55 410.22
0055 0.15281164646148682 247.85 768.39 534.11 829.86 514.30 922.12 228.04 860.65
0055 0.06699095666408539 212.29 799.29 576.59 1004.85 529.29 1088.69 164.98 883.13
0159 0.3187670111656189 868.52 786.10 1065.84 969.76 1031.72 1006.43 834.39 822.77
0159 0.18930575251579285 746.69 876.68 1061.15 972.02 1037.18 1051.07 722.72 955.72
0062 0.05973135307431221 233.35 322.37 417.35 370.92 408.72 403.63 224.72 355.08
0049 0.28292006254196167 333.83 805.46 581.77 733.36 595.14 779.32 347.20 851.43
0049 0.05844546854496002 809.25 672.41 850.74 667.31 873.08 848.99 831.59 854.09
0093 0.12932522594928741 32.68 136.77 273.05 116.38 276.05 151.68 35.68 172.07
0063 0.23959407210350037 751.19 459.19 807.27 436.70 902.65 674.57 846.57 697.06
0063 0.21236203610897064 782.86 169.15 1009.43 51.61 1030.47 92.18 803.90 209.72
0063 0.07418224960565567 862.45 858.02 902.23 848.73 948.25 1045.72 908.47 1055.01
0082 0.06931007653474808 884.38 773.12 935.45 760.17 987.84 966.76 936.77 979.71
0117 0.08314225822687149 812.20 18.70 1013.54 19.45 1013.39 59.04 812.05 58.29
0122 0.4922378361225128 256.76 310.01 318.20 293.58 385.02 543.53 323.57 559.95
0122 0.08902326971292496 201.84 558.05 430.89 723.11 382.55 790.19 153.50 625.12
0127 0.052125975489616394 580.07 154.96 621.80 132.11 713.15 298.91 671.43 321.76
0132 0.11144635081291199 32.36 604.75 77.39 597.75 105.58 779.08 60.55 786.08
0078 0.09852995723485947 664.28 124.34 755.97 107.14 759.40 125.45 667.72 142.65
0073 0.34829849004745483 436.95 68.73 610.36 239.81 571.85 278.84 398.44 107.76
0073 0.16005286574363708 824.53 -27.95 1088.70 35.50 1070.86 109.76 806.70 46.31
0073 0.0987241268157959 391.02 295.93 570.46 392.58 550.34 429.92 370.91 333.27
0073 0.05061971768736839 377.05 18.35 737.85 97.51 719.02 183.33 358.22 104.17
0064 0.2827548384666443 12.32 146.16 216.50 69.56 232.48 112.16 28.31 188.76
0064 0.0933147743344307 631.30 -45.81 951.10 73.55 916.85 165.33 597.05 45.97
0064 0.07820641994476318 -8.31 558.13 23.86 536.48 111.86 667.25 79.69 688.91
0064 0.07200944423675537 73.34 844.88 113.37 841.17 131.17 1033.25 91.14 1036.96
0064 0.05787746608257294 481.94 35.22 810.42 79.38 799.93 157.43 471.45 113.28
0051 0.10826295614242554 239.06 640.68 281.88 631.96 314.58 792.51 271.76 801.23
0118 0.4351341724395752 214.58 594.86 513.79 620.29 506.74 703.26 207.53 677.83
0069 0.3966745436191559 -7.76 642.97 44.32 593.80 211.57 770.94 159.48 820.11
0069 0.2792920172214508 21.99 890.71 207.99 1000.14 181.58 1045.04 -4.43 935.60
0069 0.11300040036439896 329.33 650.54 362.53 627.91 449.96 756.16 416.75 778.79
0069 0.06311259418725967 25.01 685.16 288.27 920.28 229.08 986.56 -34.18 751.44
0123 0.265642374753952 643.97 320.43 919.82 263.34 935.86 340.83 660.01 397.92
0123 0.2556687593460083 -30.02 -10.60 223.57 76.04 200.75 142.82 -52.84 56.19
0123 0.08945534378290176 648.75 656.16 683.81 640.87 757.32 809.49 722.25 824.77
0074 0.059984467923641205 345.63 235.95 389.42 245.47 353.45 410.99 309.66 401.48
0065 0.1525140404701233 756.28 60.55 810.93 40.25 900.64 281.76 845.99 302.05
0065 0.08344092220067978 861.81 456.22 899.46 445.46 953.77 635.60 916.12 646.36
0124 0.06731145828962326 -73.14 37.97 160.46 -24.19 177.22 38.80 -56.37 100.97
0124 0.05232197791337967 332.81 498.59 516.06 537.83 509.13 570.17 325.89 530.93
0080 0.191158264875412 610.76 246.72 854.61 152.54 875.37 206.27 631.51 300.45
0080 0.16338695585727692 632.91 723.40 841.04 614.72 861.72 654.32 653.59 763.00
0080 0.05374698340892792 670.28 544.23 846.88 444.53 865.48 477.47 688.88 577.17
0119 0.11356157064437866 647.91 805.27 823.38 733.27 836.00 764.03 660.53 836.02
0066 0.37604328989982605 358.99 75.55 409.41 50.48 516.89 266.64 466.46 291.71
0066 0.059470243752002716 481.67 468.23 526.12 463.89 547.35 681.62 502.90 685.95
0135 0.05749606713652611 663.65 -0.69 696.87 -27.09 802.54 105.87 769.32 132.28
0125 0.19138787686824799 203.58 847.39 257.24 839.97 284.98 1040.83 231.33 1048.24
0071 0.4259943664073944 37.84 473.65 217.47 641.89 179.54 682.40 -0.09 514.16
0071 0.37488657236099243 -12.14 242.98 36.16 196.13 213.40 378.86 165.09 425.71
0071 0.07480838149785995 5.50 303.60 293.82 526.29 238.62 597.77 -49.70 375.08
0130 0.0622929222881794 800.02 258.07 842.13 242.61 909.96 427.36 867.85 442.83
0142 0.11084167659282684 465.18 869.43 655.72 788.58 672.51 828.13 481.97 908.99
0142 0.09105999767780304 448.09 433.15 642.25 318.28 667.75 361.39 473.59 476.25
0126 0.3755711317062378 590.92 0.55 653.78 -7.07 683.32 236.53 620.46 244.15
0126 0.05660579726099968 709.05 395.36 749.25 364.76 870.87 524.53 830.68 555.13
0147 0.19615313410758972 543.28 668.65 841.95 612.55 851.74 664.67 553.06 720.77
0140 0.08567223697900772 835.36 830.51 1057.66 736.15 1076.95 781.60 854.65 875.96
0167 0.22207011282444 399.02 218.28 437.83 248.80 300.95 422.81 262.14 392.29
0102 0.07674539089202881 818.64 649.74 1087.90 767.43 1056.37 839.56 787.11 721.87
0163 0.3371572196483612 357.13 35.85 697.72 143.84 671.26 227.30 330.67 119.31
0163 0.08634159713983536 57.49 524.39 116.58 470.30 324.90 697.89 265.81 751.98
0163 0.07734524458646774 16.85 685.80 199.56 808.43 173.49 847.27 -9.22 724.65
0163 0.05407842621207237 471.96 613.32 622.69 716.43 602.18 746.42 451.44 643.31
0163 0.05207202956080437 392.40 -121.98 818.18 106.28 770.69 194.87 344.91 -33.39
0148 0.2293475866317749 172.47 767.83 398.60 647.02 419.83 686.76 193.70 807.57
0148 0.22919929027557373 158.55 288.45 457.38 158.22 485.00 221.61 186.18 351.84
0114 0.10341991484165192 811.08 802.54 1047.35 821.48 1043.46 869.89 807.20 850.94
0144 0.10661131143569946 66.57 38.78 272.42 -12.30 283.93 34.11 78.08 85.19
0168 0.0738910362124443 -18.27 206.53 30.53 190.22 86.80 358.61 38.00 374.91
0115 0.1985386461019516 540.73 517.90 581.34 492.25 697.97 676.90 657.36 702.56
0017 0.05542462319135666 8.60 408.30 33.12 385.10 148.81 507.35 124.28 530.55
0104 0.09451618045568466 -40.90 204.76 239.87 354.90 200.21 429.07 -80.56 278.93
0170 0.07808037102222443 540.95 -57.85 603.35 -89.18 713.73 130.66 651.33 161.99
0107 0.16274495422840118 51.49 834.77 347.06 757.07 361.51 812.04 65.93 889.73
0166 0.05117582529783249 552.52 936.52 578.64 939.72 567.10 1033.96 540.98 1030.76
0022 0.645962119102478 547.72 378.08 621.74 335.13 774.16 597.83 700.14 640.78
0100 0.052549753338098526 774.05 42.89 830.40 57.24 779.72 256.21 723.37 241.85
0108 0.21641753613948822 452.38 429.61 741.82 353.78 756.73 410.69 467.29 486.52
0029 0.20275430381298065 780.08 488.37 1031.30 421.69 1043.09 466.12 791.87 532.79
0029 0.10529549419879913 824.15 941.01 1062.02 877.18 1073.95 921.61 836.07 985.44
0030 0.14233195781707764 787.53 108.87 995.04 19.40 1009.97 54.01 802.45 143.48
0030 0.10006841272115707 806.00 455.64 1075.88 504.40 1061.86 581.99 791.98 533.23
