0044 0.16045860946178436 784.99 79.14 807.38 67.55 878.11 204.16 855.73 215.76
0044 0.13555745780467987 911.85 572.72 939.32 563.48 982.02 690.48 954.55 699.72
0044 0.09954804927110672 17.43 286.84 44.31 274.70 87.28 369.78 60.40 381.93
0044 0.09157628566026688 773.85 95.12 799.51 85.18 850.85 217.62 825.18 227.56
0044 0.053809475153684616 935.68 560.47 960.96 552.00 1000.75 670.71 975.48 679.18
0013 0.15939576923847198 809.93 34.16 944.70 124.02 926.03 152.01 791.27 62.15
0097 0.21287567913532257 226.89 386.30 385.58 476.94 369.07 505.85 210.38 415.22
0097 0.16975444555282593 380.61 303.89 547.13 387.19 533.10 415.24 366.58 331.94
0097 0.13807986676692963 519.03 433.11 634.07 528.77 619.83 545.90 504.79 450.24
0097 0.1225798949599266 553.59 420.06 670.22 493.62 656.41 515.51 539.78 441.95
0097 0.09244585782289505 351.98 358.43 513.40 386.80 509.09 411.32 347.67 382.95
0097 0.05328730121254921 695.74 477.93 835.17 571.67 812.94 604.73 673.51 510.99
0045 0.1699514240026474 422.44 501.32 444.28 492.43 495.79 618.96 473.95 627.85
0045 0.11265411972999573 405.20 498.36 428.30 491.24 470.89 629.41 447.80 636.53
0045 0.09789817780256271 317.80 520.39 341.47 515.15 371.54 650.91 347.87 656.15
0045 0.09502425789833069 385.49 497.70 408.16 492.19 442.81 634.83 420.14 640.34
0045 0.09135595709085464 350.46 521.61 374.49 518.57 391.21 651.03 367.17 654.07
0006 0.13363751769065857 118.28 19.65 142.19 0.68 238.32 121.84 214.41 140.81
0006 0.0725116953253746 95.67 31.27 127.29 11.60 219.75 160.21 188.13 179.88
0006 0.06070351600646973 625.93 826.03 763.86 737.78 784.80 770.51 646.87 858.76
0183 0.35171258449554443 317.61 777.51 446.10 896.83 423.50 921.16 295.01 801.84
0183 0.13192158937454224 14.22 594.33 130.17 704.58 108.58 727.30 -7.38 617.05
0183 0.10832832008600235 30.18 589.44 151.75 660.63 140.25 680.27 18.68 609.08
0183 0.09767048805952072 145.94 746.03 160.13 732.12 239.54 813.11 225.35 827.02
0183 0.07493936270475388 154.09 712.32 254.23 773.38 242.87 792.02 142.72 730.96
0183 0.06051851436495781 -18.24 607.45 127.59 730.82 104.15 758.53 -41.68 635.16
0183 0.05933103337883949 37.87 889.34 121.76 950.98 105.80 972.70 21.91 911.06
0001 0.1604786068201065 660.49 790.33 773.53 878.80 760.97 894.85 647.93 806.38
0001 0.1325703114271164 670.13 781.52 790.74 860.16 778.51 878.91 657.91 800.27
0001 0.08054248243570328 499.32 640.49 536.15 604.23 698.37 768.99 661.54 805.25
0188 0.10841047018766403 744.84 -1.64 859.32 96.39 837.48 121.90 722.99 23.86
0040 0.12700589001178741 787.38 480.39 810.85 468.98 872.75 596.24 849.28 607.66
0040 0.06065133959054947 771.29 494.84 801.80 484.25 852.27 629.65 821.76 640.24
0094 0.09541837871074677 786.74 468.40 809.37 484.84 733.57 589.19 710.94 572.75
0002 0.05524399131536484 925.40 88.52 958.27 91.67 946.18 217.89 913.31 214.74
0099 0.153716579079628 107.75 27.69 250.30 111.20 237.09 133.75 94.54 50.24
0099 0.10636212676763535 131.11 29.83 277.47 78.78 269.91 101.38 123.55 52.43
0099 0.07914300262928009 306.22 79.24 424.99 182.02 403.79 206.52 285.03 103.74
0007 0.06153703108429909 -28.91 872.27 80.69 942.87 66.34 965.13 -43.25 894.54
0185 0.307918906211853 716.01 387.94 854.78 499.48 836.41 522.33 697.65 410.79
0185 0.2916331887245178 385.83 188.45 518.96 306.54 499.92 328.00 366.79 209.91
0185 0.16940954327583313 426.24 176.52 555.41 261.66 543.52 279.70 414.35 194.56
0185 0.13511376082897186 333.95 809.88 356.08 789.70 456.37 899.67 434.24 919.85
0185 0.11464934051036835 561.66 320.08 668.21 378.98 656.29 400.54 549.74 341.64
0185 0.11073584854602814 393.83 184.56 538.97 269.25 525.38 292.53 380.24 207.84
0185 0.09866493195295334 551.87 328.42 661.53 416.10 646.72 434.63 537.06 346.95
0185 0.09630074352025986 312.08 584.41 415.42 667.83 397.29 690.28 293.96 606.85
0196 0.05532585456967354 896.42 31.56 923.51 40.08 884.57 163.86 857.48 155.34
0037 0.15840020775794983 787.08 874.34 813.04 863.55 873.06 1007.96 847.10 1018.75
0186 0.054402969777584076 1024.26 622.14 1056.37 646.43 941.22 798.67 909.10 774.38
0042 0.15276235342025757 448.34 761.42 574.03 783.25 570.17 805.46 444.48 783.64
0096 0.19798916578292847 301.00 876.28 432.54 982.75 411.62 1008.60 280.08 902.12
0096 0.17412953078746796 -3.86 691.49 133.77 800.58 118.24 820.17 -19.39 711.08
0096 0.15559259057044983 110.05 834.21 250.97 904.28 238.88 928.60 97.96 858.53
0096 0.14844322204589844 150.90 829.30 266.92 881.93 256.74 904.38 140.72 851.75
0096 0.09715712815523148 -38.28 728.15 113.27 796.96 102.34 821.03 -49.21 752.22
0015 0.21244125068187714 769.20 333.57 897.60 435.16 882.32 454.47 753.93 352.87
0015 0.20297887921333313 602.02 423.06 728.21 533.87 710.58 553.95 584.39 443.14
0015 0.1850213259458542 40.17 810.56 133.39 881.12 112.39 908.86 19.18 838.31
0015 0.08845333755016327 574.11 457.74 659.59 527.29 646.84 542.97 561.35 473.42
0038 0.05415506288409233 30.29 908.52 58.61 899.54 92.97 1007.80 64.64 1016.78
0028 0.2965499460697174 532.31 503.21 681.76 532.66 677.75 553.00 528.30 523.55
0028 0.12678435444831848 369.56 465.82 520.84 517.72 513.46 539.24 362.17 487.34
0036 0.0816236212849617 477.21 120.08 602.51 42.56 619.35 69.79 494.05 147.30
0024 0.1864752620458603 793.96 609.70 931.83 726.71 911.60 750.54 773.74 633.52
0024 0.05236109718680382 686.58 534.32 706.87 515.76 778.57 594.15 758.27 612.71
0160 0.19096645712852478 880.74 900.99 1024.80 968.35 1013.95 991.55 869.89 924.19
0160 0.1386873871088028 863.56 919.96 982.64 1008.98 966.96 1029.96 847.87 940.95
0089 0.19182145595550537 643.36 549.33 663.02 536.37 746.14 662.39 726.49 675.36
0089 0.1293320208787918 37.30 464.93 61.32 456.35 104.71 577.88 80.69 586.45
0089 0.10255327820777893 92.35 628.06 118.05 623.03 142.81 749.69 117.12 754.72
0089 0.0733044221997261 537.60 427.89 558.18 411.29 634.53 505.97 613.95 522.56
0089 0.057676851749420166 12.90 326.20 44.74 327.12 41.90 425.42 10.06 424.50
0089 0.05211319774389267 516.50 779.70 539.63 765.11 617.71 888.91 594.58 903.50
0151 0.14407917857170105 625.46 903.67 650.22 896.28 688.39 1024.02 663.64 1031.42
0151 0.08091617375612259 371.83 916.19 398.06 910.54 426.90 1044.39 400.68 1050.05
0151 0.07682980597019196 430.68 919.15 455.60 910.02 497.48 1024.26 472.56 1033.40
0151 0.07527761161327362 589.27 912.86 611.25 903.31 668.15 1034.34 646.17 1043.89
0057 0.22670330107212067 438.47 681.03 585.81 718.29 580.42 739.63 433.07 702.38
0057 0.15426716208457947 630.20 732.68 803.29 771.24 797.25 798.35 624.16 759.80
0057 0.06491097807884216 426.47 159.13 469.03 158.44 471.91 334.46 429.34 335.15
0032 0.17778877913951874 784.30 207.52 808.17 216.69 748.46 372.07 724.59 362.90
0032 0.10857632756233215 764.98 200.37 786.51 208.87 730.38 350.97 708.85 342.47
0052 0.11060551553964615 824.71 503.83 854.35 497.37 883.24 629.81 853.60 636.28
0161 0.1234285905957222 68.60 924.56 190.25 1017.99 175.38 1037.35 53.73 943.92
0161 0.1127263531088829 104.76 913.00 225.11 992.95 211.04 1014.13 90.69 934.18
0090 0.19243915379047394 112.83 382.39 134.81 365.52 238.96 501.18 216.98 518.05
0090 0.1659790277481079 137.03 22.04 152.89 8.79 237.85 110.49 221.99 123.74
0090 0.11632940173149109 238.18 156.96 256.22 142.21 344.93 250.70 326.88 265.46
0090 0.09923451393842697 142.92 375.42 163.75 360.68 248.27 480.13 227.44 494.87
0090 0.07372593134641647 175.47 369.74 191.27 361.73 240.45 458.77 224.65 466.78
0152 0.1715434491634369 620.59 499.88 644.81 492.39 690.13 638.96 665.90 646.45
0152 0.13710789382457733 597.69 503.71 640.37 499.78 658.03 691.50 615.36 695.44
0152 0.1329551488161087 440.28 521.24 463.00 514.85 496.53 634.17 473.81 640.56
0033 0.20135502517223358 753.47 31.11 771.27 13.91 882.99 129.55 865.19 146.74
0033 0.08962864428758621 300.25 11.77 324.35 6.68 353.13 142.91 329.03 148.01
0053 0.221660315990448 234.72 719.85 259.96 714.73 289.86 862.07 264.61 867.19
0053 0.1251947283744812 16.39 508.22 45.75 497.64 91.63 624.85 62.27 635.44
0053 0.12241347879171371 915.57 860.37 939.41 854.59 972.18 989.75 948.35 995.53
0053 0.10856441408395767 949.69 811.46 979.36 798.50 1050.19 960.60 1020.53 973.57
0053 0.10099031031131744 932.53 814.64 969.97 808.37 997.16 970.82 959.71 977.08
0058 0.08013136684894562 811.01 121.53 838.99 108.97 890.56 223.80 862.58 236.36
0026 0.25542765855789185 520.46 604.15 544.25 597.79 582.88 742.17 559.09 748.54
0026 0.18458689749240875 470.22 615.00 495.05 609.89 521.90 740.43 497.07 745.53
0026 0.16211627423763275 298.28 196.80 328.09 178.26 421.56 328.56 391.75 347.10
0026 0.1440434604883194 508.13 611.07 531.60 607.23 552.79 736.78 529.32 740.62
0026 0.13304685056209564 726.98 615.02 748.60 607.48 794.32 738.55 772.69 746.09
0026 0.1031753197312355 720.89 605.30 747.02 605.43 746.25 765.02 720.13 764.90
0026 0.059429023414850235 672.36 626.40 698.66 619.11 738.24 761.99 711.94 769.27
0162 0.27463340759277344 730.56 593.42 881.18 706.28 864.72 728.26 714.10 615.39
0162 0.2710459530353546 863.81 507.90 997.36 631.06 978.17 651.87 844.62 528.71
0162 0.2657720148563385 888.97 503.90 1034.34 586.36 1023.22 605.97 877.84 523.51
0162 0.23651665449142456 694.34 637.00 863.82 713.96 851.80 740.42 682.33 663.45
0162 0.15061569213867188 868.80 743.44 887.04 725.64 977.85 818.67 959.61 836.47
0162 0.14071045815944672 794.42 906.07 895.44 994.84 883.06 1008.93 782.04 920.15
0162 0.060944557189941406 710.23 555.57 978.73 660.72 964.40 697.30 695.90 592.16
0157 0.05689577758312225 735.56 731.57 767.89 738.50 745.60 842.52 713.28 835.59
0091 0.06203152984380722 384.71 525.39 430.60 517.76 464.03 718.69 418.14 726.32
0020 0.09719564020633698 210.75 502.27 251.95 512.98 203.94 697.81 162.73 687.11
0054 0.26243850588798523 816.68 773.64 838.96 763.85 904.97 914.11 882.70 923.89
0054 0.17816013097763062 408.70 284.10 434.49 278.78 463.36 418.79 437.58 424.11
0054 0.15503747761249542 800.95 777.26 822.95 769.58 877.71 926.40 855.72 934.09
0054 0.14680583775043488 512.78 866.29 534.97 857.92 588.66 1000.20 566.47 1008.57
0054 0.1417081654071808 555.36 817.01 589.78 814.53 602.76 994.98 568.34 997.45
0054 0.1205533966422081 784.71 773.28 808.80 767.24 850.76 934.76 826.66 940.80
0054 0.0956694483757019 761.01 795.29 788.66 787.77 830.81 942.87 803.16 950.39
0054 0.09496388584375381 601.34 809.83 636.34 809.19 639.52 982.12 604.51 982.76
0054 0.092234767973423 699.90 800.16 723.41 789.56 793.71 945.49 770.20 956.09
0054 0.07695013284683228 734.01 793.16 755.93 785.45 809.47 937.64 787.55 945.35
0059 0.27106475830078125 229.43 320.98 255.70 312.88 302.30 463.97 276.02 472.07
0059 0.1771143227815628 911.81 475.46 932.52 465.88 995.00 601.01 974.29 610.58
0059 0.12851063907146454 10.41 106.92 36.76 95.98 90.97 226.45 64.63 237.40
0059 0.11609506607055664 929.27 451.99 951.02 443.95 1005.32 590.84 983.57 598.88
0059 0.0891173928976059 361.74 854.91 401.37 838.84 474.42 1018.94 434.79 1035.02
0059 0.08438216894865036 956.89 454.91 980.30 447.68 1025.40 593.78 1001.99 601.00
0034 0.05590014159679413 84.55 124.46 203.10 49.52 220.75 77.44 102.20 152.38
0158 0.05437864363193512 358.37 74.89 481.42 103.17 475.78 127.72 352.73 99.45
0027 0.05048128217458725 601.85 228.77 704.29 300.79 683.44 330.46 580.99 258.44
0092 0.08391663432121277 238.21 571.72 403.38 572.56 403.25 597.21 238.08 596.37
0060 0.17755699157714844 165.40 389.73 197.78 397.53 154.90 575.62 122.53 567.83
0060 0.1598977893590927 422.06 380.09 446.63 369.61 505.78 508.32 481.20 518.80
0060 0.09642777591943741 198.98 409.31 227.90 407.88 235.26 556.72 206.33 558.15
0060 0.07995734363794327 173.60 425.42 198.98 424.61 204.15 586.07 178.76 586.88
0060 0.06827573478221893 108.21 469.37 122.52 459.47 203.98 577.30 189.66 587.20
0055 0.17929041385650635 184.37 801.23 216.28 805.79 189.78 991.23 157.87 986.67
0055 0.17294201254844666 413.57 773.64 435.65 764.79 497.97 920.23 475.89 929.09
0055 0.13814568519592285 294.21 795.03 319.68 786.03 371.55 932.85 346.07 941.85
0055 0.13529546558856964 114.40 860.79 138.23 853.02 182.95 990.10 159.12 997.87
0055 0.13131684064865112 218.42 804.16 248.91 810.93 210.75 982.89 180.26 976.13
0055 0.09229416400194168 377.77 778.61 408.15 771.77 447.89 948.29 417.51 955.13
0055 0.0876927375793457 321.13 789.12 344.11 781.95 390.90 931.92 367.93 939.09
0055 0.07552050054073334 347.54 762.95 377.73 757.10 412.10 934.39 381.90 940.24
0055 0.05085865035653114 427.46 780.06 448.43 768.03 516.85 887.35 495.88 899.38
0055 0.05078030750155449 184.38 737.17 222.76 723.47 300.44 941.15 262.06 954.85
0035 0.06147332116961479 882.74 121.80 1010.58 45.54 1027.54 73.97 899.70 150.23
0088 0.11807769536972046 938.65 827.99 955.73 813.43 1029.56 900.07 1012.48 914.62
0062 0.10701370984315872 229.09 332.40 415.05 367.84 408.53 402.02 222.58 366.58
0061 0.22675581276416779 844.88 286.59 982.49 312.84 978.71 332.65 841.11 306.39
0056 0.2289792001247406 18.07 380.91 40.54 371.07 108.23 525.70 85.76 535.54
0056 0.09548275172710419 3.99 392.82 40.27 392.49 41.82 563.25 5.54 563.58
0154 0.12047908455133438 858.75 424.28 1009.70 447.85 1006.30 469.66 855.35 446.08
0154 0.10067889094352722 857.31 403.25 1010.71 428.21 1007.27 449.35 853.87 424.39
0154 0.05014924705028534 665.34 370.67 801.47 423.76 792.08 447.82 655.96 394.72
0067 0.2154524326324463 886.17 61.70 918.25 60.73 923.60 237.46 891.52 238.43
0067 0.0765649601817131 891.23 73.32 926.18 58.41 995.95 221.92 960.99 236.83
0049 0.11078910529613495 782.69 684.52 813.45 668.30 892.17 817.59 861.40 833.81
0049 0.06656283140182495 15.54 905.55 47.90 895.10 84.75 1009.21 52.39 1019.66
0093 0.14384609460830688 38.91 132.21 271.70 120.45 273.51 156.43 40.73 168.19
0077 0.07233249396085739 692.72 39.04 716.60 51.27 657.17 167.24 633.29 155.00
0077 0.05009308457374573 657.91 31.46 687.15 42.19 643.36 161.52 614.12 150.80
0063 0.10324608534574509 862.45 858.02 902.23 848.73 948.25 1045.72 908.47 1055.01
0082 0.26417437195777893 246.57 176.69 269.35 166.46 330.16 301.82 307.38 312.05
0050 0.05961247906088829 23.93 698.15 60.20 704.11 38.03 838.97 1.76 833.01
0117 0.08253798633813858 796.57 26.89 1010.84 20.19 1011.89 53.75 797.62 60.45
0117 0.08163346350193024 609.84 -1.90 747.32 1.38 746.78 23.81 609.31 20.53
0122 0.3199446499347687 118.74 599.95 143.58 594.87 175.25 750.03 150.41 755.10
0122 0.2587311863899231 332.88 591.59 353.21 586.96 389.85 747.75 369.53 752.39
0122 0.195133775472641 291.06 600.67 310.65 593.47 369.48 753.35 349.89 760.56
0122 0.1916971206665039 256.40 612.59 279.33 601.26 362.99 770.52 340.06 781.86
0122 0.08617916703224182 205.21 604.61 248.17 583.68 355.98 805.02 313.01 825.95
0122 0.05547507479786873 357.84 594.45 380.78 591.36 398.91 725.96 375.97 729.05
0122 0.05283723771572113 124.41 584.76 158.10 567.71 252.89 755.08 219.20 772.13
0132 0.05316594988107681 42.73 598.77 88.60 597.56 93.38 779.28 47.51 780.49
0073 0.15431047976016998 30.36 179.44 158.92 263.79 146.88 282.14 18.32 197.79
0073 0.14670483767986298 -3.89 208.31 21.60 187.17 126.24 313.34 100.74 334.49
0073 0.1330108940601349 23.85 472.22 123.96 567.67 104.50 588.07 4.40 492.62
0073 0.1192113384604454 154.71 307.96 258.28 383.21 243.16 404.02 139.60 328.77
0073 0.11072734743356705 343.18 415.59 452.85 483.63 435.61 511.41 325.94 443.37
0073 0.05933889001607895 395.60 296.45 545.67 402.60 526.26 430.03 376.20 323.87
0073 0.058762840926647186 143.40 332.07 263.62 408.17 250.31 429.19 130.09 353.09
0073 0.05084972456097603 24.54 203.16 132.01 268.03 124.69 280.15 17.22 215.29
0064 0.1998319774866104 510.39 65.07 531.80 54.74 600.08 196.27 578.66 206.60
0064 0.14009955525398254 600.86 10.85 637.43 16.47 606.03 220.49 569.47 214.87
0064 0.1210440993309021 73.34 844.88 113.37 841.17 131.17 1033.25 91.14 1036.96
0064 0.09129875898361206 807.52 -22.29 831.67 -33.69 901.74 114.80 877.59 126.19
0064 0.08196266740560532 1.18 548.64 36.56 530.14 111.84 674.18 76.46 692.67
0064 0.06349020451307297 730.93 2.80 763.46 -5.66 804.80 153.28 772.27 161.74
0064 0.06006556749343872 793.27 -17.59 830.11 -24.96 867.56 162.22 830.72 169.59
0064 0.05206975340843201 757.13 15.79 783.75 3.59 846.26 139.93 819.63 152.14
0051 0.07743441313505173 629.21 -6.14 785.53 31.47 779.05 58.42 622.73 20.81
0069 0.07674261927604675 17.91 896.64 177.35 1004.75 156.61 1035.33 -2.83 927.22
0123 0.12566082179546356 644.23 663.36 677.92 642.79 777.92 806.61 744.22 827.17
0123 0.09256738424301147 654.59 53.72 682.70 44.75 716.29 150.04 688.19 159.01
0065 0.144772008061409 884.39 464.04 914.76 460.42 935.42 633.48 905.05 637.11
0124 0.1786663681268692 349.89 498.86 516.00 540.77 509.47 566.66 343.36 524.75
0124 0.16828638315200806 537.65 547.19 705.94 587.68 699.63 613.89 531.34 573.39
0124 0.05329609289765358 566.69 544.15 694.04 563.62 691.06 583.09 563.72 563.62
0080 0.10145648568868637 670.28 544.23 846.88 444.53 865.48 477.47 688.88 577.17
0080 0.07785771042108536 632.91 723.40 841.04 614.72 861.72 654.32 653.59 763.00
0119 0.12458634376525879 648.20 806.52 824.22 732.42 836.29 761.06 660.26 835.17
0066 0.17499752342700958 495.63 466.01 530.11 467.75 521.12 645.31 486.64 643.57
0085 0.14361704885959625 37.08 671.22 67.56 667.73 86.37 832.35 55.89 835.83
0085 0.08311140537261963 0.34 703.48 34.09 694.71 75.54 854.26 41.79 863.03
0135 0.08838333189487457 663.65 -0.69 696.87 -27.09 802.54 105.87 769.32 132.28
0125 0.19823214411735535 567.98 137.60 695.86 198.92 687.77 215.79 559.89 154.47
0125 0.15366941690444946 356.54 105.24 513.95 157.71 506.21 180.94 348.79 128.47
0125 0.05809367820620537 530.91 138.04 697.19 222.88 681.97 252.72 515.69 167.87
0125 0.057908330112695694 369.99 94.00 520.22 131.62 514.09 156.09 363.86 118.47
0071 0.0673280730843544 21.76 489.13 219.30 628.15 192.48 666.27 -5.06 527.25
0076 0.05298234894871712 278.78 520.07 421.05 494.65 425.03 516.90 282.75 542.31
0142 0.11931613832712173 457.96 867.70 653.33 794.65 666.81 830.69 471.44 903.74
0142 0.1050572395324707 722.50 321.90 889.29 273.80 897.71 302.99 730.92 351.10
0142 0.08873492479324341 349.02 657.77 379.19 656.22 385.99 788.72 355.82 790.27
0142 0.05858137458562851 881.36 328.84 992.27 438.96 969.79 461.59 858.89 351.47
0086 0.13638542592525482 435.12 279.63 470.95 278.13 477.52 434.94 441.69 436.44
0046 0.16350851953029633 611.98 396.97 774.16 426.05 769.22 453.60 607.04 424.53
0121 0.17061538994312286 159.79 432.90 307.53 474.38 300.90 498.01 153.15 456.52
0121 0.1145351305603981 -32.93 400.88 122.92 430.44 118.48 453.84 -37.37 424.28
0143 0.09919296950101852 119.09 325.85 146.20 321.13 169.59 455.47 142.47 460.19
0143 0.09227174520492554 929.63 598.08 1049.42 649.64 1042.39 665.98 922.60 614.42
0167 0.08584856986999512 364.44 206.45 409.81 223.90 332.76 424.25 287.40 406.80
0177 0.0886971652507782 614.25 637.58 648.59 632.23 675.42 804.25 641.07 809.60
0177 0.08094775676727295 557.92 696.28 578.32 680.66 665.63 794.70 645.23 810.32
0163 0.1786748319864273 480.99 618.05 605.74 722.54 586.39 745.64 461.64 641.15
0163 0.1585538685321808 79.09 526.44 199.91 624.27 181.13 647.45 60.32 549.62
0163 0.12880496680736542 247.93 621.78 346.19 716.99 329.20 734.53 230.94 639.32
0163 0.1084185391664505 224.95 658.79 323.83 720.90 315.17 734.69 216.29 672.58
0163 0.07167932391166687 99.84 521.71 219.81 597.07 203.90 622.40 83.93 547.04
0163 0.07046143710613251 92.76 736.23 175.67 799.31 158.59 821.76 75.68 758.68
0148 0.12407764792442322 952.52 629.48 977.49 621.10 1024.67 761.59 999.69 769.97
0148 0.09424376487731934 172.47 767.83 398.60 647.02 419.83 686.76 193.70 807.57
0148 0.05541578680276871 77.81 544.57 104.93 541.48 119.40 668.26 92.28 671.35
0114 0.10749460756778717 610.12 766.55 771.87 800.75 766.41 826.55 604.67 792.35
0114 0.10085641592741013 811.42 822.72 997.27 826.86 996.54 859.46 810.69 855.32
0144 0.07439017295837402 62.29 61.38 266.18 5.97 276.50 43.97 72.61 99.38
0168 0.07970060408115387 439.44 682.20 509.55 749.73 487.45 772.67 417.34 705.14
0164 0.2906264364719391 854.23 117.36 876.12 98.16 998.05 237.21 976.16 256.41
0164 0.2028353363275528 889.11 93.02 1030.32 203.39 1014.45 223.70 873.24 113.32
0164 0.08785127103328705 886.03 334.91 901.03 324.62 965.19 418.20 950.18 428.49
0165 0.10289941728115082 395.82 103.62 499.84 191.33 482.04 212.44 378.02 124.73
0165 0.06590437144041061 393.95 820.64 429.80 841.14 346.52 986.71 310.67 966.20
0017 0.20070546865463257 746.60 599.29 867.03 692.78 849.35 715.56 728.92 622.07
0017 0.15768179297447205 27.81 414.40 149.01 489.05 132.85 515.28 11.65 440.63
0017 0.13850754499435425 597.37 36.23 616.67 19.72 715.67 135.40 696.37 151.91
0017 0.0910806804895401 568.77 65.05 583.27 52.55 651.50 131.72 637.00 144.22
0017 0.05510604381561279 573.80 43.42 593.92 26.09 691.43 139.26 671.31 156.60
0110 0.053830139338970184 348.44 213.94 481.74 235.41 477.34 262.70 344.04 241.23
0170 0.08952885121107101 13.34 298.28 36.46 276.28 108.49 351.99 85.37 373.98
0116 0.13684023916721344 406.84 402.86 551.63 454.30 544.38 474.71 399.59 423.27
0116 0.13027100265026093 216.05 371.26 369.16 395.84 364.93 422.18 211.82 397.60
0116 0.050586603581905365 421.54 385.69 552.52 440.74 544.47 459.91 413.49 404.86
0107 0.21774034202098846 918.02 708.31 939.58 699.63 997.04 842.35 975.49 851.03
0107 0.2094760686159134 860.84 722.52 885.08 715.57 923.46 849.52 899.23 856.46
0107 0.16065536439418793 717.66 716.74 742.79 715.58 750.60 885.47 725.47 886.62
0107 0.15032325685024261 641.87 721.44 670.03 714.02 719.34 901.16 691.19 908.58
0107 0.14999766647815704 903.75 706.98 927.52 700.83 965.59 848.07 941.83 854.21
0107 0.1443103849887848 889.42 708.29 913.34 704.12 939.30 853.01 915.38 857.18
0107 0.11134088784456253 659.39 727.26 682.71 718.20 746.54 882.40 723.22 891.46
0022 0.15677152574062347 654.71 110.04 679.89 130.90 550.51 287.07 525.33 266.21
0108 0.08268635720014572 714.78 238.61 738.32 232.08 767.77 338.26 744.24 344.79
0029 0.05665631219744682 780.08 488.37 1031.30 421.69 1043.09 466.12 791.87 532.79
0112 0.07139488309621811 790.76 502.11 978.87 462.98 985.82 496.37 797.71 535.50
0030 0.1038346141576767 793.87 113.15 989.84 1.79 1010.46 38.07 814.49 149.43
