0192 0.31439700722694397 653.32 747.03 677.78 770.12 583.86 869.61 559.40 846.52
0182 0.23836034536361694 969.88 60.85 1045.20 117.24 1029.79 137.83 954.46 81.44
0044 0.07458598166704178 911.85 572.72 939.32 563.48 982.02 690.48 954.55 699.72
0044 0.06323657929897308 784.07 85.70 814.36 75.51 867.18 232.54 836.89 242.73
0044 0.05662357062101364 17.43 286.84 44.31 274.70 87.28 369.78 60.40 381.93
0013 0.10633328557014465 822.32 47.12 942.83 121.02 925.30 149.61 804.79 75.70
0018 0.055104393512010574 619.40 696.27 675.20 732.55 665.63 747.28 609.82 711.00
0187 0.06126199662685394 691.33 63.53 754.82 49.68 759.65 71.85 696.17 85.70
0197 0.12986385822296143 767.81 242.10 797.00 239.77 803.60 322.32 774.41 324.65
0097 0.3114655613899231 380.61 303.89 547.13 387.19 533.10 415.24 366.58 331.94
0097 0.2321164309978485 226.89 386.30 385.58 476.94 369.07 505.85 210.38 415.22
0097 0.2131645381450653 861.88 -27.44 1020.64 35.87 1007.90 67.82 849.14 4.51
0097 0.19355905055999756 357.68 327.27 505.66 399.03 495.15 420.70 347.17 348.95
0097 0.18670974671840668 786.64 390.63 876.20 458.07 857.49 482.92 767.93 415.48
0097 0.17196166515350342 206.00 415.36 293.44 468.90 278.79 492.83 191.35 439.28
0097 0.12139660120010376 769.04 20.31 960.41 67.27 951.15 104.99 759.78 58.03
0097 0.11583022028207779 510.22 432.63 635.25 515.30 621.04 536.80 496.01 454.13
0097 0.11115842312574387 834.93 -2.19 991.07 66.10 977.67 96.73 821.53 28.45
0193 0.11560987681150436 844.22 29.52 876.32 40.78 827.75 179.24 795.65 167.98
0019 0.21376754343509674 1008.72 765.11 1031.53 779.26 966.83 883.57 944.02 869.42
0045 0.09195543080568314 321.34 518.98 346.14 515.19 367.35 653.75 342.56 657.55
0045 0.07888637483119965 407.43 508.06 430.71 495.63 499.45 624.35 476.17 636.78
0045 0.07240375876426697 336.24 529.81 358.63 521.69 405.84 651.93 383.45 660.05
0045 0.051774825900793076 377.17 522.03 396.96 507.18 489.16 630.07 469.37 644.92
0006 0.3621630072593689 125.10 17.61 151.15 -0.21 235.07 122.48 209.01 140.30
0006 0.1525830328464508 625.93 826.03 763.86 737.78 784.80 770.51 646.87 858.76
0006 0.07823062688112259 95.67 31.27 127.29 11.60 219.75 160.21 188.13 179.88
0006 0.059729866683483124 113.18 -20.17 144.62 -46.85 287.00 120.88 255.57 147.56
0183 0.5450954437255859 10.24 627.86 114.78 705.28 100.86 724.07 -3.68 646.66
0183 0.3908052444458008 152.74 740.46 243.24 804.72 232.21 820.26 141.71 756.01
0183 0.33125197887420654 33.80 573.14 153.41 665.75 137.32 686.54 17.70 593.92
0183 0.2752080261707306 320.75 775.69 444.17 891.53 421.87 915.29 298.45 799.45
0183 0.18400104343891144 15.66 603.74 136.03 688.15 121.40 709.01 1.02 624.60
0183 0.1775863617658615 429.57 476.60 610.59 651.49 578.83 684.36 397.81 509.47
0183 0.17426280677318573 97.57 353.93 195.12 325.61 201.97 349.19 104.41 377.51
0183 0.14857330918312073 37.87 889.34 121.76 950.98 105.80 972.70 21.91 911.06
0183 0.13399066030979156 827.43 -10.24 876.83 38.26 859.85 55.56 810.45 7.06
0183 0.1248306855559349 158.11 710.20 253.25 781.52 240.01 799.18 144.88 727.86
0183 0.052205100655555725 -21.14 645.85 -3.12 628.74 97.05 734.22 79.04 751.33
0001 0.10530193895101547 661.67 790.73 782.18 871.70 770.03 889.79 649.51 808.83
0001 0.06374338269233704 944.36 125.58 989.34 106.41 1063.93 281.44 1018.96 300.61
0001 0.05958017334342003 499.32 640.49 536.15 604.23 698.37 768.99 661.54 805.25
0001 0.05166394263505936 821.94 320.40 840.99 301.86 887.50 349.64 868.44 368.19
0188 0.5685399174690247 744.84 -1.64 859.32 96.39 837.48 121.90 722.99 23.86
0098 0.10338371247053146 693.27 896.03 719.47 892.81 731.08 987.54 704.89 990.75
0040 0.15205299854278564 591.09 847.95 616.28 831.23 673.48 917.45 648.29 934.16
0040 0.08377321064472198 772.92 487.26 792.80 470.21 884.11 576.64 864.23 593.69
0094 0.4315330982208252 258.77 903.29 279.09 894.35 316.87 980.20 296.56 989.14
0094 0.2634965181350708 786.74 468.40 809.37 484.84 733.57 589.19 710.94 572.75
0194 0.11549002677202225 36.74 794.59 125.28 787.13 127.23 810.33 38.70 817.79
0189 0.11419091373682022 654.55 289.37 692.87 260.17 811.06 415.30 772.74 444.50
0184 0.10844743996858597 653.84 580.10 681.07 588.12 652.37 685.55 625.14 677.52
0002 0.2181946337223053 417.12 790.37 438.48 772.74 490.49 835.78 469.13 853.41
0099 0.10776545852422714 105.73 34.24 247.64 111.88 234.93 135.11 93.02 57.48
0099 0.07887377589941025 143.24 20.57 269.36 78.84 258.46 102.42 132.35 44.14
0007 0.2765682339668274 -23.80 872.73 80.38 942.45 64.22 966.60 -39.96 896.88
0199 0.06690169125795364 788.04 764.12 852.89 728.95 862.65 746.93 797.79 782.10
0195 0.12265931814908981 820.81 500.91 847.94 492.66 870.02 565.24 842.89 573.50
0180 0.0916445404291153 710.86 933.04 893.38 1015.82 876.71 1052.56 694.19 969.78
0180 0.055939920246601105 711.43 978.68 840.38 1038.38 828.50 1064.03 699.55 1004.33
0185 0.6509859561920166 312.08 584.41 415.42 667.83 397.29 690.28 293.96 606.85
0185 0.5776481032371521 333.95 809.88 356.08 789.70 456.37 899.67 434.24 919.85
0185 0.2991153597831726 375.15 185.17 529.96 310.34 509.67 335.43 354.87 210.26
0185 0.29049718379974365 457.53 507.97 518.02 554.42 504.14 572.49 443.65 526.04
0185 0.22689127922058105 829.30 85.28 1019.34 243.56 989.66 279.19 799.62 120.91
0185 0.13223129510879517 420.11 175.50 555.77 265.35 542.44 285.49 406.78 195.64
0185 0.11867602169513702 705.32 401.58 728.73 378.57 855.12 507.17 831.71 530.18
0095 0.3065422475337982 870.09 743.41 1032.23 872.04 1007.52 903.19 845.38 774.56
0041 0.08502806723117828 420.09 905.48 442.88 893.58 496.08 995.51 473.30 1007.40
0181 0.07526328414678574 713.81 558.09 869.95 546.92 872.68 585.08 716.54 596.25
0181 0.07242518663406372 411.55 980.65 520.31 1015.23 511.36 1043.38 402.60 1008.80
0181 0.06477129459381104 494.78 734.24 600.79 739.74 599.68 761.27 493.66 755.77
0200 0.3293971121311188 553.15 608.93 581.20 618.74 539.67 737.46 511.62 727.65
0196 0.4625236392021179 782.06 226.38 868.62 295.01 850.13 318.33 763.57 249.70
0037 0.06738121062517166 790.35 887.96 825.72 877.73 879.68 1064.19 844.32 1074.42
0186 0.40364140272140503 1027.43 637.78 1059.11 666.14 934.29 805.58 902.61 777.22
0042 0.211628720164299 447.03 765.18 571.06 778.99 568.54 801.64 444.51 787.83
0042 0.07075726985931396 614.70 323.70 661.48 370.31 646.27 385.58 599.49 338.96
0096 0.23137791454792023 308.19 873.60 430.47 981.32 409.61 1004.99 287.33 897.28
0096 0.18271315097808838 459.95 343.29 630.83 467.50 606.15 501.45 435.27 377.24
0096 0.12148503959178925 371.80 811.78 392.49 793.41 452.68 861.21 431.99 879.58
0096 0.09573967009782791 -70.15 712.28 130.95 777.69 118.63 815.56 -82.47 750.15
0096 0.08667682111263275 149.75 824.85 269.65 878.01 258.65 902.83 138.74 849.67
0096 0.0716889351606369 111.75 838.37 247.00 907.12 234.87 930.99 99.63 862.24
0096 0.06872478872537613 271.54 893.42 471.45 1041.51 445.76 1076.18 245.85 928.09
0015 0.3939306437969208 568.32 466.84 582.64 453.96 651.21 530.16 636.89 543.05
0015 0.34097203612327576 684.01 734.45 755.62 773.18 741.46 799.35 669.86 760.63
0015 0.22331205010414124 762.21 337.77 899.41 428.08 886.70 447.41 749.49 357.10
0015 0.17739294469356537 594.76 426.18 732.62 524.61 719.14 543.49 581.28 445.05
0015 0.1300647258758545 42.70 810.82 134.32 885.12 113.99 910.19 22.37 835.88
0015 0.07135430723428726 814.63 664.50 839.83 639.73 914.77 715.95 889.57 740.73
0009 0.22520528733730316 23.42 495.39 87.25 538.68 71.16 562.41 7.33 519.12
0010 0.07015873491764069 736.61 607.90 970.37 819.44 931.15 862.78 697.39 651.24
0023 0.22293569147586823 997.39 -11.78 1020.40 1.99 969.73 86.66 946.72 72.89
0038 0.09339891374111176 30.29 908.52 58.61 899.54 92.97 1007.80 64.64 1016.78
0004 0.14014185965061188 974.13 545.00 1003.66 554.48 975.20 643.17 945.67 633.70
0028 0.3015799820423126 378.23 468.23 517.86 504.46 511.76 527.95 372.14 491.72
0028 0.2090098261833191 502.87 504.36 700.06 520.67 697.62 550.13 500.44 533.83
0036 0.0856095552444458 477.21 120.08 602.51 42.56 619.35 69.79 494.05 147.30
0024 0.4438389241695404 689.50 532.56 709.22 515.02 782.44 597.33 762.72 614.87
0024 0.0879543274641037 785.43 606.85 952.71 719.24 930.25 752.67 762.97 640.29
0155 0.06183730065822601 57.47 636.76 387.88 603.02 395.05 673.24 64.64 706.97
0160 0.19957442581653595 869.06 906.03 1022.11 1026.97 998.57 1056.75 845.53 935.81
0160 0.0857309028506279 869.99 886.93 901.01 856.31 1063.96 1021.35 1032.94 1051.98
0089 0.44488221406936646 89.71 626.82 112.17 620.77 145.37 744.01 122.91 750.06
0089 0.3977772891521454 537.60 427.89 558.18 411.29 634.53 505.97 613.95 522.56
0089 0.3067231774330139 37.30 464.93 61.32 456.35 104.71 577.88 80.69 586.45
0089 0.22388915717601776 12.90 326.20 44.74 327.12 41.90 425.42 10.06 424.50
0089 0.16406677663326263 635.05 558.31 652.86 542.69 750.41 653.98 732.59 669.59
0151 0.12786677479743958 435.89 919.17 461.60 911.83 495.05 1028.90 469.35 1036.25
0151 0.08894714713096619 638.21 893.17 664.22 890.96 676.04 1030.22 650.03 1032.42
0151 0.07096618413925171 575.30 909.80 614.04 893.78 696.78 1093.92 658.04 1109.94
0151 0.06538140028715134 371.83 916.19 398.06 910.54 426.90 1044.39 400.68 1050.05
0057 0.6258123517036438 627.61 725.58 786.28 767.62 779.29 794.01 620.62 751.97
0057 0.4107843041419983 596.56 183.71 617.44 165.09 664.11 217.44 643.23 236.05
0057 0.2202972173690796 442.99 693.19 587.86 708.91 585.46 731.05 440.59 715.33
0057 0.08262185007333755 426.39 162.64 471.33 163.45 468.11 340.62 423.17 339.80
0032 0.14606750011444092 763.67 215.37 790.17 221.44 756.53 368.25 730.03 362.18
0052 0.08324598520994186 824.71 503.83 854.35 497.37 883.24 629.81 853.60 636.28
0047 0.06762166321277618 809.59 912.63 842.01 898.73 885.99 1001.31 853.56 1015.21
0161 0.19456036388874054 97.40 910.52 235.73 1029.00 212.36 1056.28 74.03 937.81
0161 0.15918006002902985 458.18 381.52 649.40 550.66 620.30 583.55 429.09 414.41
0161 0.07788209617137909 65.16 930.54 187.74 1020.36 173.27 1040.10 50.69 950.28
0161 0.05809237062931061 113.52 906.89 223.68 988.18 209.23 1007.76 99.07 926.47
0012 0.06658201664686203 753.14 1000.06 848.85 960.87 859.28 986.33 763.56 1025.51
0090 0.4845351576805115 248.35 159.00 266.73 145.67 340.19 246.91 321.81 260.24
0090 0.45499682426452637 137.03 22.04 152.89 8.79 237.85 110.49 221.99 123.74
0090 0.19816207885742188 163.19 375.89 180.02 362.92 249.97 453.68 233.14 466.65
0090 0.0696888417005539 109.11 381.54 129.38 364.38 248.77 505.31 228.50 522.47
0152 0.17838434875011444 440.28 521.24 463.00 514.85 496.53 634.17 473.81 640.56
0152 0.1714835911989212 597.69 503.71 640.37 499.78 658.03 691.50 615.36 695.44
0152 0.06315266340970993 617.87 508.31 645.81 497.82 694.52 627.51 666.58 638.00
0033 0.08221720159053802 761.56 27.81 901.51 102.79 887.63 128.69 747.68 53.71
0053 0.1914684772491455 374.33 953.16 623.99 861.01 640.19 904.91 390.53 997.05
0053 0.18023164570331573 949.69 811.46 979.36 798.50 1050.19 960.60 1020.53 973.57
0053 0.15080526471138 237.31 721.40 264.48 717.16 288.23 869.31 261.06 873.55
0053 0.14400416612625122 932.53 814.64 969.97 808.37 997.16 970.82 959.71 977.08
0053 0.11447566002607346 334.04 416.86 583.22 322.22 601.36 369.98 352.19 464.63
0053 0.10967762768268585 915.57 860.37 939.41 854.59 972.18 989.75 948.35 995.53
0053 0.10313964635133743 596.20 708.21 621.63 694.86 679.32 804.72 653.89 818.07
0053 0.0652962252497673 28.88 508.49 58.61 502.21 84.95 626.80 55.22 633.09
0053 0.06272093951702118 968.67 788.56 993.20 771.51 1072.07 885.02 1047.53 902.07
0053 0.05227694660425186 312.13 937.55 568.98 986.80 560.15 1032.82 303.30 983.57
0053 0.05135556682944298 840.05 894.59 875.34 861.89 1058.56 1059.62 1023.27 1092.32
0058 0.11418405920267105 811.01 121.53 838.99 108.97 890.56 223.80 862.58 236.36
0026 0.3695913851261139 122.76 547.66 147.72 533.20 201.35 625.75 176.39 640.21
0026 0.14997215569019318 302.11 522.66 326.28 507.04 380.16 590.45 355.98 606.07
0026 0.1277700811624527 471.01 614.74 496.52 609.30 525.18 743.76 499.66 749.20
0026 0.10250634700059891 4.90 721.91 135.74 679.91 148.22 718.80 17.38 760.80
0026 0.09832335263490677 720.85 614.29 742.67 605.77 792.59 733.56 770.77 742.08
0026 0.08278189599514008 515.02 605.18 539.56 597.17 586.49 741.00 561.95 749.00
0026 0.07899567484855652 323.28 206.13 360.57 195.25 402.27 338.23 364.98 349.11
0162 0.43979355692863464 784.94 914.07 906.79 981.16 894.54 1003.42 772.69 936.33
0162 0.30487918853759766 865.19 521.13 888.07 498.70 1013.19 626.26 990.32 648.69
0162 0.12862950563430786 718.08 584.87 876.91 707.34 855.80 734.70 696.98 612.24
0162 0.11259683221578598 685.34 616.52 868.50 721.98 852.06 750.54 668.90 645.08
0162 0.09567438066005707 887.74 446.16 1055.24 601.81 1028.24 630.86 860.74 475.21
0162 0.0923907458782196 873.79 715.33 1016.66 838.30 992.71 866.12 849.85 743.14
0162 0.07230384647846222 747.29 898.80 924.97 1050.17 896.59 1083.48 718.91 932.10
0157 0.07739866524934769 677.50 668.53 738.95 701.91 729.51 719.28 668.07 685.90
0157 0.05672341585159302 735.56 731.57 767.89 738.50 745.60 842.52 713.28 835.59
0091 0.2057858407497406 384.71 525.39 430.60 517.76 464.03 718.69 418.14 726.32
0020 0.07474365830421448 210.75 502.27 251.95 512.98 203.94 697.81 162.73 687.11
0054 0.2605563998222351 596.57 820.48 628.34 817.89 643.03 997.69 611.26 1000.28
0054 0.15551580488681793 537.99 831.13 571.18 824.05 612.07 1015.58 578.88 1022.67
0054 0.1517416387796402 779.15 804.50 800.96 796.27 855.71 941.27 833.90 949.50
0054 0.12148367613554001 525.06 858.53 548.79 854.18 576.32 1004.38 552.58 1008.73
0054 0.11989442259073257 812.87 780.23 833.24 770.35 902.65 913.40 882.28 923.28
0054 0.10957421362400055 690.14 807.59 713.64 796.44 784.70 946.19 761.20 957.34
0054 0.09353151172399521 789.45 788.67 813.23 777.85 886.39 938.69 862.62 949.51
0054 0.09220382571220398 362.58 607.05 448.94 586.28 456.19 616.45 369.84 637.22
0054 0.08379712700843811 724.06 809.58 747.61 800.77 804.13 951.94 780.58 960.75
0054 0.0735655203461647 753.92 797.12 777.74 791.52 812.97 941.36 789.15 946.96
0054 0.06857378780841827 401.88 283.07 426.74 275.40 469.07 412.51 444.21 420.19
0059 0.21780748665332794 355.31 864.36 393.17 842.84 487.45 1008.68 449.59 1030.20
0059 0.2130940556526184 237.33 324.37 265.09 318.37 299.00 475.07 271.24 481.08
0059 0.19160133600234985 377.25 571.07 619.98 452.78 640.87 495.66 398.15 613.95
0059 0.12808436155319214 335.76 2.39 540.20 -29.74 547.02 13.62 342.58 45.76
0059 0.11090198904275894 921.52 436.32 952.37 428.02 997.54 596.07 966.69 604.36
0059 0.09551950544118881 963.56 403.48 992.38 397.33 1029.76 572.67 1000.95 578.81
0059 0.0686509907245636 593.94 294.40 624.82 283.26 672.29 414.77 641.41 425.91
0059 0.051859013736248016 28.17 98.62 55.36 93.84 79.99 233.98 52.80 238.76
0034 0.0846978947520256 84.55 124.46 203.10 49.52 220.75 77.44 102.20 152.38
0048 0.11941377818584442 732.12 811.65 975.74 733.34 990.45 779.08 746.83 857.39
0158 0.1653180569410324 945.02 287.44 1024.46 344.87 1009.29 365.86 929.85 308.43
0158 0.07368247210979462 361.27 77.18 488.24 94.60 484.56 121.39 357.59 103.98
0027 0.27911505103111267 924.02 151.37 948.36 137.69 1001.08 231.49 976.73 245.17
0027 0.10099463909864426 601.85 228.77 704.29 300.79 683.44 330.46 580.99 258.44
0027 0.10010150074958801 710.16 364.53 933.92 256.80 955.84 302.31 732.07 410.04
0027 0.06212274357676506 722.03 172.77 807.30 139.56 817.16 164.89 731.90 198.10
0153 0.05098257586359978 996.68 254.11 1010.66 242.61 1049.32 289.64 1035.34 301.14
0021 0.08632393181324005 563.95 866.56 622.61 851.71 626.72 867.95 568.06 882.81
0092 0.09327482432126999 653.39 543.76 683.22 542.93 686.20 648.83 656.37 649.67
0060 0.2999970316886902 428.33 383.90 457.82 374.99 501.11 518.25 471.62 527.16
0060 0.12206627428531647 198.98 409.31 227.90 407.88 235.26 556.72 206.33 558.15
0060 0.09659242630004883 166.40 402.19 199.11 402.87 195.32 585.77 162.60 585.09
0055 0.26250794529914856 219.10 811.30 247.03 814.40 225.94 1004.72 198.02 1001.62
0055 0.16020360589027405 164.99 815.66 197.36 813.14 211.07 988.93 178.70 991.46
0055 0.12024981528520584 120.65 827.97 152.02 821.75 189.51 1010.87 158.15 1017.09
0055 0.10729841142892838 396.03 784.98 417.99 771.84 504.53 916.46 482.56 929.61
0055 0.09364905953407288 383.80 785.24 405.23 778.78 453.08 937.54 431.65 944.00
0055 0.06899979710578918 350.58 808.04 380.68 795.44 449.62 960.12 419.51 972.72
0055 0.06312871724367142 331.25 787.60 358.33 781.34 398.49 955.28 371.40 961.53
0055 0.052736490964889526 298.44 806.16 325.38 795.75 382.54 943.74 355.60 954.15
0035 0.08309374749660492 882.74 121.80 1010.58 45.54 1027.54 73.97 899.70 150.23
0159 0.21359555423259735 855.77 782.10 1058.74 951.39 1030.91 984.76 827.94 815.47
0159 0.11754519492387772 793.10 854.72 961.52 972.78 941.37 1001.54 772.94 883.48
0088 0.34765759110450745 945.70 813.13 1034.97 898.61 1017.48 916.88 928.21 831.39
0088 0.08626580238342285 410.75 725.20 442.65 726.47 439.00 818.13 407.10 816.86
0062 0.5083984732627869 234.90 327.84 389.86 371.29 381.61 400.71 226.65 357.26
0061 0.29976886510849 844.41 281.12 986.29 312.44 981.33 334.92 839.45 303.59
0056 0.14822424948215485 26.42 388.42 51.00 379.74 99.68 517.66 75.10 526.34
0056 0.13451789319515228 3.99 392.82 40.27 392.49 41.82 563.25 5.54 563.58
0154 0.15473468601703644 470.86 679.36 564.47 659.68 569.09 681.66 475.48 701.34
0154 0.13920456171035767 851.33 427.31 997.94 448.08 995.30 466.70 848.69 445.94
0154 0.12582364678382874 601.74 653.48 681.12 628.75 687.91 650.55 608.54 675.28
0154 0.06406436115503311 919.62 386.07 1055.62 473.44 1039.87 497.95 903.87 410.58
0067 0.4161759912967682 886.17 61.70 918.25 60.73 923.60 237.46 891.52 238.43
0067 0.0668848380446434 891.23 73.32 926.18 58.41 995.95 221.92 960.99 236.83
0049 0.12745143473148346 326.69 803.14 590.00 736.98 602.04 784.91 338.74 851.07
0093 0.5313960313796997 36.35 142.44 276.64 106.65 281.88 141.82 41.59 177.62
0072 0.08164260536432266 263.39 577.64 286.66 585.49 253.82 682.83 230.56 674.98
0077 0.34609952569007874 117.92 672.38 203.20 629.57 218.16 659.38 132.88 702.18
0077 0.0959019586443901 362.51 399.00 383.61 414.08 337.37 478.79 316.26 463.71
0063 0.41618844866752625 868.61 865.89 903.85 857.58 942.58 1021.98 907.33 1030.28
0063 0.1936364471912384 774.12 153.57 1027.25 62.28 1044.22 109.32 791.08 200.61
0063 0.1460011601448059 756.36 461.73 806.02 440.28 904.12 667.35 854.46 688.81
0063 0.0764150619506836 837.71 900.53 862.96 889.24 937.84 1056.76 912.59 1068.05
0082 0.07178124040365219 249.99 166.29 276.17 158.13 323.11 308.80 296.93 316.96
0050 0.050909195095300674 18.24 702.69 52.79 706.09 39.99 836.19 5.44 832.79
0117 0.413097083568573 616.86 -9.80 750.99 5.02 748.70 25.72 614.58 10.89
0117 0.28230810165405273 795.32 10.49 1005.93 45.04 1000.79 76.35 790.18 41.80
0117 0.08646917343139648 128.77 911.18 197.41 866.56 215.61 894.56 146.97 939.18
0122 0.4167000949382782 283.01 605.29 328.97 603.42 337.56 815.12 291.61 816.98
0122 0.1285979300737381 104.33 603.97 128.98 594.98 182.71 742.29 158.06 751.28
0122 0.05915815755724907 332.55 589.75 370.13 587.18 383.21 777.88 345.62 780.46
0068 0.5637248754501343 569.55 458.16 651.22 524.27 635.78 543.34 554.11 477.23
0132 0.09500415623188019 376.92 237.23 446.35 241.83 445.23 258.79 375.79 254.19
0078 0.1448669284582138 664.63 129.02 762.71 102.65 767.66 121.06 669.57 147.43
0073 0.37747707962989807 13.49 485.92 127.06 549.17 114.69 571.38 1.12 508.13
0073 0.29606732726097107 429.33 79.93 610.80 244.34 579.10 279.33 397.62 114.92
0073 0.1639414280653 -3.89 208.31 21.60 187.17 126.24 313.34 100.74 334.49
0073 0.16060617566108704 33.61 177.84 155.56 263.25 142.69 281.63 20.74 196.22
0073 0.09300924837589264 154.71 307.96 258.28 383.21 243.16 404.02 139.60 328.77
0073 0.08395922929048538 338.73 423.60 455.66 473.53 442.01 505.48 325.09 455.55
0073 0.06069495528936386 -47.10 200.58 78.65 280.18 64.10 303.17 -61.65 223.56
0064 0.5546295046806335 58.43 864.65 93.42 851.40 154.76 1013.37 119.78 1026.62
0064 0.2973952293395996 1.18 548.64 36.56 530.14 111.84 674.18 76.46 692.67
0064 0.18416254222393036 598.09 15.41 630.28 14.96 632.88 202.43 600.69 202.88
0064 0.15388119220733643 799.97 -26.70 824.04 -36.23 888.54 126.66 864.47 136.19
0064 0.14554141461849213 554.06 17.01 588.82 15.01 600.33 214.46 565.56 216.47
0064 0.11211385577917099 774.62 -26.79 801.14 -33.32 844.44 142.47 817.92 149.00
0064 0.07480635493993759 8.90 147.01 213.66 64.44 231.19 107.89 26.42 190.47
0064 0.07401143014431 514.11 60.81 537.55 53.11 586.96 203.65 563.51 211.35
0064 0.06792488694190979 723.06 21.47 753.22 5.46 830.69 151.36 800.53 167.37
0064 0.058429114520549774 29.23 918.60 53.77 903.30 148.90 1055.84 124.36 1071.14
0064 0.055704910308122635 841.27 -74.24 881.87 -78.78 904.38 122.74 863.78 127.28
0064 0.05470997095108032 -71.01 558.35 130.61 698.58 100.27 742.22 -101.36 601.99
0083 0.23778317868709564 96.47 369.45 124.80 368.25 128.91 465.10 100.58 466.30
0083 0.12314295023679733 527.90 73.74 640.07 115.68 630.37 141.60 518.20 99.66
0051 0.27874821424484253 629.77 4.92 785.45 27.89 781.89 52.03 626.21 29.06
0051 0.10761143267154694 241.73 647.82 286.05 638.67 319.47 800.62 275.15 809.77
0051 0.05038623884320259 655.10 -26.08 805.02 12.53 798.11 39.35 648.19 0.74
0069 0.3119448721408844 317.35 658.93 352.11 630.49 448.76 748.60 414.00 777.05
0069 0.28445497155189514 17.91 896.64 177.35 1004.75 156.61 1035.33 -2.83 927.22
0069 0.23752495646476746 427.20 391.79 478.41 432.53 463.39 451.41 412.18 410.68
0069 0.08036106079816818 561.57 248.70 592.81 267.81 550.98 336.16 519.74 317.05
0123 0.3044232428073883 644.19 660.27 676.07 642.33 772.20 813.14 740.32 831.08
0123 0.2581873834133148 654.59 53.72 682.70 44.75 716.29 150.04 688.19 159.01
0133 0.41055211424827576 635.44 224.20 728.66 285.02 712.65 309.56 619.43 248.74
0079 0.15711884200572968 531.50 65.36 603.60 92.85 595.04 115.31 522.93 87.82
0065 0.2916537821292877 888.38 459.41 920.17 458.04 927.66 632.34 895.87 633.71
0065 0.17881926894187927 760.88 64.86 810.20 44.08 904.35 267.48 855.04 288.27
0084 0.21134717762470245 924.64 591.76 952.69 593.81 944.44 706.62 916.39 704.56
0137 0.12077151983976364 561.31 540.91 587.75 540.14 590.25 626.70 563.80 627.46
0137 0.10036985576152802 180.02 954.95 206.48 943.98 238.61 1021.51 212.15 1032.47
0137 0.09081301838159561 312.68 603.49 341.51 596.62 360.81 677.61 331.98 684.48
0070 0.5332685708999634 555.08 67.19 573.61 50.30 646.56 130.35 628.03 147.24
0070 0.06563287228345871 286.81 868.11 350.79 844.94 358.20 865.41 294.22 888.57
0134 0.5662057995796204 517.24 657.69 592.84 730.28 572.06 751.93 496.46 679.34
0124 0.13167358934879303 552.97 552.14 700.29 577.98 696.20 601.31 548.88 575.47
0124 0.09767454862594604 360.55 506.77 516.49 534.32 511.90 560.29 355.96 532.74
0080 0.5981769561767578 695.02 513.50 857.32 461.94 867.75 494.78 705.45 546.34
0080 0.12968216836452484 632.91 723.40 841.04 614.72 861.72 654.32 653.59 763.00
0119 0.36831963062286377 647.91 805.27 823.38 733.27 836.00 764.03 660.53 836.02
0066 0.16026997566223145 482.37 462.78 520.60 460.95 529.23 640.63 491.01 642.47
0066 0.08151055872440338 364.17 72.31 418.12 49.82 512.04 275.08 458.10 297.57
0085 0.6166412234306335 43.62 669.92 79.55 670.87 75.09 839.73 39.16 838.78
0085 0.07818318903446198 -32.20 711.09 3.59 696.99 79.57 889.88 43.77 903.98
0135 0.4099631607532501 689.07 -8.62 798.26 94.23 769.46 124.80 660.27 21.95
0135 0.3001079559326172 102.08 275.57 124.73 257.81 183.71 333.04 161.06 350.80
0125 0.21739456057548523 359.72 119.10 513.67 139.67 510.60 162.65 356.65 142.08
0125 0.11734382808208466 553.26 158.81 700.43 175.80 697.61 200.24 550.43 183.25
0125 0.09160247445106506 171.38 469.07 265.31 440.48 273.42 467.13 179.49 495.72
0071 0.269639790058136 35.50 485.80 213.71 645.46 182.36 680.45 4.15 520.79
0071 0.20292335748672485 425.14 -10.62 480.69 35.58 464.53 55.01 408.98 8.81
0076 0.0861201137304306 278.78 520.07 421.05 494.65 425.03 516.90 282.75 542.31
0120 0.2316659688949585 338.68 361.86 473.23 318.05 481.97 344.90 347.42 388.71
0130 0.3106367588043213 800.02 258.07 842.13 242.61 909.96 427.36 867.85 442.83
0142 0.3366672098636627 457.96 867.70 653.33 794.65 666.81 830.69 471.44 903.74
0142 0.13745015859603882 722.50 321.90 889.29 273.80 897.71 302.99 730.92 351.10
0142 0.11625828593969345 869.30 634.81 891.32 615.47 957.60 690.93 935.58 710.27
0142 0.10834253579378128 434.28 614.81 459.18 601.86 498.90 678.19 474.00 691.15
0142 0.05073390156030655 343.01 662.41 371.92 657.69 392.46 783.26 363.55 787.99
0139 0.4415697455406189 467.63 205.32 487.65 219.34 423.87 310.43 403.85 296.41
0136 0.19269205629825592 819.57 281.21 847.15 271.53 885.64 381.23 858.05 390.91
0126 0.0694475769996643 705.50 582.02 759.55 537.08 772.71 552.92 718.67 597.85
0086 0.5915560722351074 438.92 265.66 468.42 263.79 478.42 421.51 448.92 423.38
0086 0.09853848814964294 32.99 628.52 115.92 629.50 115.60 657.19 32.66 656.21
0086 0.054642241448163986 466.95 244.20 498.37 242.90 504.67 394.15 473.24 395.46
0131 0.156845360994339 776.09 634.43 845.01 647.01 842.06 663.18 773.14 650.61
0101 0.08572109043598175 302.03 505.59 330.19 508.66 321.23 591.13 293.06 588.07
0101 0.05316789820790291 1000.00 482.81 1014.64 473.25 1046.00 521.29 1031.36 530.85
0046 0.18289899826049805 615.34 401.96 772.06 424.76 768.61 448.50 611.88 425.70
0121 0.06061322242021561 161.70 442.98 311.61 472.96 307.22 494.89 157.31 464.91
0147 0.10620857030153275 548.74 684.76 788.88 626.18 799.26 668.74 559.12 727.32
0143 0.10845772176980972 121.95 328.39 148.77 324.09 168.88 449.58 142.05 453.88
0140 0.16767245531082153 853.97 809.36 1021.90 763.78 1031.27 798.32 863.35 843.90
0172 0.08004466444253922 175.18 791.19 192.58 798.79 163.82 864.63 146.42 857.03
0167 0.19304496049880981 364.44 206.45 409.81 223.90 332.76 424.25 287.40 406.80
0177 0.3512774407863617 606.02 665.20 627.13 648.28 710.32 752.08 689.20 769.00
0177 0.09404115378856659 585.27 657.63 614.34 646.53 668.65 788.82 639.59 799.91
0163 0.41321396827697754 23.02 924.16 93.82 988.15 73.24 1010.91 2.44 946.93
0163 0.17349249124526978 82.58 743.86 96.64 730.96 169.26 810.10 155.21 823.00
0163 0.16603924334049225 392.20 51.11 563.66 182.76 540.12 213.42 368.67 81.77
0163 0.1392184942960739 481.63 618.41 603.12 714.89 583.97 739.00 462.48 642.52
0163 0.09094469994306564 70.83 515.80 224.05 627.75 202.79 656.85 49.57 544.90
0163 0.07429546117782593 222.64 636.01 247.65 613.66 361.38 740.90 336.38 763.25
0163 0.06402495503425598 448.79 -11.76 678.74 145.44 650.13 187.29 420.18 30.09
0163 0.058801647275686264 224.95 658.79 323.83 720.90 315.17 734.69 216.29 672.58
0109 0.3836739659309387 51.98 863.98 143.34 835.17 149.39 854.39 58.04 883.19
0148 0.22945593297481537 146.24 278.32 396.78 233.87 404.35 276.53 153.80 320.98
0148 0.16306276619434357 172.47 767.83 398.60 647.02 419.83 686.76 193.70 807.57
0114 0.264701783657074 810.16 804.72 1017.83 835.08 1012.34 872.70 804.66 842.34
0114 0.0942547619342804 610.12 766.55 771.87 800.75 766.41 826.55 604.67 792.35
0173 0.13312461972236633 454.89 768.24 491.16 788.39 403.72 945.84 367.45 925.69
0144 0.06473291665315628 62.29 61.38 266.18 5.97 276.50 43.97 72.61 99.38
0168 0.16454917192459106 439.44 682.20 509.55 749.73 487.45 772.67 417.34 705.14
0168 0.07187650352716446 -7.22 223.86 29.73 216.41 56.36 348.51 19.41 355.96
0178 0.12218625098466873 699.88 745.92 719.68 758.50 681.11 819.22 661.30 806.64
0164 0.31493857502937317 896.36 335.10 976.97 405.19 961.35 423.15 880.75 353.06
0164 0.30414721369743347 799.10 502.51 890.90 591.28 871.25 611.60 779.45 522.84
0164 0.28493717312812805 864.36 104.51 1018.60 225.26 997.45 252.28 843.21 131.53
0164 0.15701180696487427 949.82 823.74 1013.37 862.34 997.74 888.08 934.19 849.48
0164 0.11084001511335373 876.91 62.02 1056.68 210.31 1030.73 241.76 850.96 93.47
0103 0.29747238755226135 808.14 107.68 835.13 114.78 809.14 213.48 782.15 206.38
0149 0.05843234434723854 53.68 551.86 116.11 576.45 109.00 594.51 46.57 569.92
0174 0.2507975995540619 153.91 525.96 177.19 532.30 149.05 635.49 125.78 629.15
0174 0.11594892293214798 682.28 392.53 703.91 390.08 712.61 466.60 690.98 469.06
0169 0.17644605040550232 950.02 133.42 976.07 135.36 969.07 229.75 943.01 227.82
0115 0.19218406081199646 959.92 16.97 978.42 1.75 1033.42 68.57 1014.92 83.79
0115 0.07446545362472534 556.93 509.23 599.90 489.83 686.58 681.88 643.61 701.27
0115 0.05170009657740593 968.20 -29.55 1063.06 58.37 1045.94 76.84 951.08 -11.08
0106 0.0604301281273365 569.68 79.71 596.43 78.93 598.53 150.86 571.79 151.64
0165 0.567737340927124 543.35 417.39 607.43 472.85 588.41 494.83 524.33 439.37
0165 0.4550575315952301 395.82 103.62 499.84 191.33 482.04 212.44 378.02 124.73
0165 0.08681927621364594 393.95 820.64 429.80 841.14 346.52 986.71 310.67 966.20
0017 0.4418724775314331 43.42 433.17 147.19 479.86 135.23 506.44 31.46 459.75
0017 0.34828782081604004 746.60 599.29 867.03 692.78 849.35 715.56 728.92 622.07
0017 0.3363729417324066 570.48 68.22 584.39 55.54 651.57 129.28 637.66 141.96
0017 0.08368903398513794 598.25 27.77 730.55 120.39 716.30 140.75 584.00 48.13
0175 0.05438303202390671 940.29 133.76 965.94 131.61 973.12 217.40 947.47 219.55
0110 0.17348751425743103 346.93 222.83 471.82 241.27 468.51 263.69 343.62 245.26
0110 0.1598534733057022 58.90 456.65 145.53 436.80 150.61 459.00 63.99 478.86
0170 0.07013282924890518 13.34 298.28 36.46 276.28 108.49 351.99 85.37 373.98
0170 0.05035575479269028 176.52 804.78 235.51 813.35 231.94 837.92 172.95 829.35
0116 0.1533128172159195 400.48 409.31 549.87 447.06 544.60 467.92 395.21 430.17
0116 0.10262303799390793 216.05 371.26 369.16 395.84 364.93 422.18 211.82 397.60
0116 0.08871148526668549 185.33 329.96 253.53 298.12 265.37 323.48 197.17 355.32
0107 0.3770195543766022 641.87 721.44 670.03 714.02 719.34 901.16 691.19 908.58
0107 0.15111815929412842 689.11 730.46 719.67 727.15 738.37 899.79 707.82 903.10
0107 0.09854789078235626 860.84 722.52 885.08 715.57 923.46 849.52 899.23 856.46
0107 0.0782582089304924 900.32 711.18 928.61 697.25 996.49 835.06 968.20 848.99
0107 0.07639454305171967 47.83 836.77 283.13 783.39 292.55 824.95 57.26 878.33
0107 0.06742128729820251 707.36 716.71 729.73 711.35 765.30 859.65 742.93 865.02
0107 0.052705079317092896 881.31 723.18 904.96 711.46 974.70 852.11 951.06 863.84
0166 0.07977037876844406 546.19 935.61 573.64 937.21 568.50 1025.40 541.05 1023.80
0022 0.07856467366218567 654.71 110.04 679.89 130.90 550.51 287.07 525.33 266.21
0105 0.12050522863864899 166.00 876.39 185.30 871.86 204.58 954.07 185.27 958.59
0014 0.1322399228811264 631.68 179.59 658.25 178.21 663.04 270.66 636.47 272.04
0108 0.1314336657524109 714.78 238.61 738.32 232.08 767.77 338.26 744.24 344.79
0108 0.06809888780117035 452.19 443.34 715.90 360.97 730.80 408.66 467.09 491.04
0029 0.214560404419899 784.50 496.01 1008.52 412.79 1025.17 457.60 801.15 540.82
0029 0.11361171305179596 827.30 950.41 1047.17 868.87 1063.18 912.05 843.31 993.59
0016 0.24242772161960602 741.21 215.84 839.39 147.70 856.99 173.06 758.81 241.20
0112 0.05633566156029701 663.23 995.02 807.18 985.74 809.23 1017.53 665.28 1026.82
0030 0.20865240693092346 793.87 113.15 989.84 1.79 1010.46 38.07 814.49 149.43
0030 0.18500781059265137 827.34 551.26 1061.37 476.11 1074.54 517.14 840.52 592.29
