Team: 1000000
570.17 811.49 600.92 814.54 583.89 985.81 553.14 982.75 S2
816.64 778.98 837.4 768.95 905.16 909.23 884.4 919.26 S5
515.12 865.69 538.02 858.28 584.49 1001.91 561.59 1009.32 S5
802.54 777.34 824.31 770.47 872.25 922.39 850.48 929.26 S5
591.96 812.92 618.94 807.17 652.82 966.21 625.84 971.95 S5
533.87 853.02 556.05 845.58 605.3 992.26 583.12 999.71 S5
788.55 775.8 810.86 771.07 844.29 928.68 821.97 933.41 S5
397.09 284.73 422.41 275.52 473.96 417.17 448.64 426.39 S5
564.09 835.55 588.16 831.0 618.9 993.62 594.83 998.17 S5
692.35 802.77 712.7 790.34 796.04 926.76 775.68 939.19 S5
603.95 819.26 630.93 817.84 640.54 999.61 613.56 1001.03 S7
709.91 812.47 728.87 797.79 830.82 929.5 811.86 944.17 S7
771.1 790.3 791.53 784.37 832.87 926.83 812.44 932.76 S7
360.45 608.01 446.66 581.67 456.56 614.07 370.34 640.41 S7
