Team: 1000000
427.14 778.11 450.19 771.65 491.28 918.28 468.23 924.74 S5
193.26 804.66 217.41 799.78 250.05 961.3 225.9 966.18 S5
113.51 865.19 135.82 857.75 180.79 992.56 158.48 1000.0 S5
166.58 820.66 193.84 817.09 218.33 1004.16 191.08 1007.73 S5
292.91 790.07 318.51 781.18 371.14 932.87 345.55 941.75 S5
132.69 846.64 158.56 839.17 204.11 996.76 178.24 1004.23 S5
391.57 788.64 413.13 778.98 478.45 924.85 456.89 934.5 S5
212.48 805.14 238.98 806.1 231.91 1001.12 205.42 1000.16 S7
373.76 805.98 397.44 799.03 436.65 932.67 412.97 939.62 S7
322.55 801.93 346.96 790.65 412.47 932.4 388.05 943.68 S7
