Team: 1000000
897.17 206.04 1088.58 396.53 1037.1 448.26 845.69 257.77 S1
220.52 395.74 383.02 465.1 370.01 495.59 207.51 426.23 S2
384.2 301.62 541.35 389.82 526.18 416.86 369.02 328.66 S3
870.31 -30.04 1012.6 34.83 999.51 63.52 857.23 -1.35 S3
205.62 419.03 286.95 466.23 272.83 490.55 191.5 443.35 S3
797.88 -2.31 970.46 124.3 946.58 156.86 773.99 30.25 S4
507.12 429.77 636.39 519.32 621.98 540.12 492.71 450.57 S5
364.32 331.84 480.83 412.77 468.13 431.05 351.63 350.12 S5
547.98 421.15 670.77 494.48 658.03 515.82 535.24 442.49 S5
