examples:
24.94 792.41 146.95 908.76 117.49 939.66 -4.52 823.31 A 0.053629644215106964
24.94 792.41 146.95 908.76 117.49 939.66 -4.52 823.31 B 0.21924085915088654
587.0 432.86 724.3 540.56 704.64 565.62 567.34 457.92 B 0.07596265524625778
566.83 467.11 581.36 453.81 648.8 527.45 634.28 540.76 C 0.6508800983428955
687.86 726.34 756.21 774.41 736.96 801.79 668.61 753.72 C 0.14072157442569733
587.0 432.86 724.3 540.56 704.64 565.62 567.34 457.92 C 0.11053162813186646
770.95 333.25 894.62 447.62 874.92 468.92 751.25 354.55 C 0.09646838158369064
37.59 817.77 135.53 885.32 118.82 909.54 20.89 841.99 C 0.09406121075153351
578.76 455.41 656.2 530.77 642.66 544.69 565.21 469.33 D 0.07773347944021225
687.86 726.34 756.21 774.41 736.96 801.79 668.61 753.72 D 0.0525113046169281
764.97 342.62 782.13 327.24 889.78 447.29 872.62 462.68 E 0.6917210817337036
597.18 440.37 615.63 423.52 721.84 539.72 703.4 556.58 E 0.6676359176635742
558.61 464.9 576.94 448.07 655.83 533.99 637.51 550.81 E 0.16558806598186493
37.59 817.77 135.53 885.32 118.82 909.54 20.89 841.99 E 0.1329130381345749
773.75 328.71 893.43 439.74 876.83 457.63 757.16 346.6 F 0.1567276567220688
609.28 425.52 727.09 533.34 709.63 552.42 591.82 444.6 F 0.14405980706214905
31.57 818.6 139.09 878.29 121.87 909.31 14.35 849.63 F 0.0841519832611084
570.67 440.0 722.43 545.69 702.91 573.71 551.16 468.02 F 0.08074445277452469
597.18 440.37 615.63 423.52 721.84 539.72 703.4 556.58 G 0.27364665269851685
773.75 328.71 893.43 439.74 876.83 457.63 757.16 346.6 G 0.2584260404109955
558.61 464.9 576.94 448.07 655.83 533.99 637.51 550.81 G 0.23880787193775177
37.59 817.77 135.53 885.32 118.82 909.54 20.89 841.99 G 0.11790291965007782
687.86 726.34 756.21 774.41 736.96 801.79 668.61 753.72 G 0.10643447935581207
837.48 640.09 913.24 713.92 887.22 740.61 811.46 666.78 G 0.08713454008102417
565.35 442.97 584.62 423.97 688.06 528.9 668.8 547.89 G 0.058897871524095535
