examples:
6.64 414.83 30.49 391.3 151.87 514.33 128.03 537.86 B 0.15692587196826935
719.53 606.66 744.07 582.12 864.48 702.54 839.94 727.08 B 0.15670384466648102
750.61 600.59 864.81 694.5 846.24 717.08 732.04 623.17 C 0.46828266978263855
569.75 69.47 583.6 56.85 651.44 131.29 637.58 143.92 C 0.4442029893398285
40.64 425.73 145.79 485.05 131.66 510.09 26.52 450.76 C 0.3387252986431122
750.61 600.59 864.81 694.5 846.24 717.08 732.04 623.17 E 0.5052626729011536
601.05 34.08 621.1 18.72 713.64 139.53 693.59 154.89 E 0.38567256927490234
40.64 425.73 145.79 485.05 131.66 510.09 26.52 450.76 E 0.371197372674942
574.92 68.75 590.53 56.76 651.84 136.52 636.24 148.51 E 0.3110785484313965
581.43 42.84 602.72 29.33 676.12 144.99 654.83 158.5 E 0.10955194383859634
801.09 -38.17 902.8 32.31 885.01 57.98 783.3 -12.5 E 0.06808622181415558
27.31 406.26 148.77 493.18 129.67 519.87 8.21 432.95 F 0.12744492292404175
719.53 606.66 744.07 582.12 864.48 702.54 839.94 727.08 F 0.12473229318857193
574.92 68.75 590.53 56.76 651.84 136.52 636.24 148.51 F 0.08178914338350296
593.52 39.04 612.52 20.64 722.58 134.27 703.59 152.67 F 0.06762517988681793
750.61 600.59 864.81 694.5 846.24 717.08 732.04 623.17 G 0.35440120100975037
40.64 425.73 145.79 485.05 131.66 510.09 26.52 450.76 G 0.3236857056617737
566.46 70.11 579.26 57.34 656.1 134.36 643.3 147.13 G 0.2965060770511627
601.05 34.08 621.1 18.72 713.64 139.53 693.59 154.89 G 0.16871358454227448
581.43 42.84 602.72 29.33 676.12 144.99 654.83 158.5 G 0.13907364010810852
801.09 -38.17 902.8 32.31 885.01 57.98 783.3 -12.5 G 0.0944288820028305
