0044 0.05474824085831642 35.30 280.12 65.98 278.91 70.01 381.26 39.33 382.47
0045 0.08823907375335693 315.52 529.08 336.24 521.39 380.24 639.90 359.51 647.59
0183 0.07138435542583466 22.50 897.88 44.82 877.65 124.33 965.36 102.00 985.60
0190 0.06844542920589447 58.47 818.24 89.21 833.87 26.32 957.59 -4.42 941.97
0185 0.07948266714811325 457.96 504.11 522.98 558.27 509.09 574.94 444.08 520.77
0200 0.08193886280059814 541.97 610.57 565.78 611.68 559.68 741.55 535.86 740.43
0003 0.09780425578355789 693.60 116.23 791.31 148.44 783.56 171.94 685.85 139.73
0042 0.07309503853321075 448.84 773.38 570.90 771.39 571.31 796.74 449.25 798.73
0015 0.0741410031914711 759.49 334.33 900.16 406.97 879.13 447.69 738.46 375.06
0028 0.10043966770172119 537.60 510.45 664.57 521.85 662.38 546.26 535.41 534.87
0028 0.07232023775577545 370.96 490.51 514.39 482.29 515.82 507.40 372.40 515.62
0089 0.12223763018846512 655.21 541.03 675.92 529.39 747.96 657.52 727.24 669.16
0089 0.05359466373920441 23.66 477.62 46.16 462.97 114.27 567.52 91.78 582.18
0151 0.06734741479158401 364.66 926.59 387.50 917.59 441.64 1055.02 418.80 1064.01
0090 0.09411586076021194 273.21 136.97 295.36 134.22 311.90 267.43 289.74 270.18
0090 0.0725448802113533 144.36 381.81 162.32 372.20 222.92 485.46 204.96 495.07
0090 0.06940868496894836 188.22 352.04 202.88 348.83 229.08 468.38 214.42 471.59
0090 0.05226055160164833 137.86 20.17 241.40 90.63 226.76 112.15 123.22 41.68
0053 0.10418197512626648 602.81 709.28 626.38 697.36 680.37 804.10 656.80 816.02
0053 0.10036709904670715 19.46 509.12 42.15 502.83 75.91 624.60 53.22 630.89
0053 0.08869054168462753 236.64 727.98 264.34 720.22 303.81 861.10 276.11 868.86
0053 0.08221355080604553 891.55 865.00 916.22 847.10 1017.88 987.24 993.20 1005.13
0026 0.15400590002536774 293.59 516.84 309.91 501.37 392.46 588.49 376.13 603.96
0026 0.09290838241577148 490.07 603.23 513.18 603.34 512.52 739.97 489.40 739.86
0026 0.06731294095516205 526.12 624.26 540.89 617.97 589.29 731.63 574.52 737.92
0162 0.05377833917737007 869.76 728.64 908.78 709.56 967.27 829.19 928.25 848.27
0054 0.11320164054632187 756.98 782.57 779.68 787.38 745.42 949.10 722.72 944.29
0054 0.07819177210330963 395.26 285.86 422.20 278.60 460.96 422.45 434.03 429.71
0054 0.06253473460674286 504.50 865.87 527.61 852.96 601.77 985.70 578.66 998.61
0054 0.05814250558614731 609.93 811.44 636.38 813.43 622.95 992.05 596.51 990.06
0054 0.053201086819171906 799.05 783.19 823.06 782.84 824.96 911.65 800.95 912.01
0054 0.05066075176000595 706.02 802.85 827.15 915.62 812.19 931.69 691.06 818.92
0059 0.1368750035762787 21.59 97.86 47.54 92.40 75.35 224.54 49.40 230.00
0059 0.09562936425209045 616.86 293.30 641.96 292.05 648.56 424.08 623.45 425.34
0059 0.0766625925898552 221.41 349.30 243.13 333.06 320.77 436.96 299.04 453.20
0059 0.07386349886655807 935.19 432.36 954.56 423.09 1040.44 602.62 1021.08 611.89
0059 0.0630924180150032 903.03 465.03 924.17 452.59 1009.89 598.23 988.74 610.67
0158 0.08088796585798264 384.97 73.11 483.94 103.42 475.75 130.16 376.78 99.86
0158 0.0517689473927021 904.99 281.58 937.58 251.29 1026.19 346.63 993.61 376.92
0158 0.051697999238967896 351.50 36.16 457.85 50.14 454.63 74.63 348.28 60.65
0060 0.07110713422298431 138.01 397.09 165.08 389.29 226.86 603.90 199.79 611.69
0060 0.05299950763583183 455.98 378.80 474.48 384.94 420.46 547.81 401.96 541.68
0055 0.13514117896556854 316.10 797.33 334.98 792.69 371.68 942.08 352.79 946.72
0055 0.05458558350801468 -2.73 323.59 22.42 310.04 81.36 419.50 56.21 433.04
0088 0.06365201622247696 420.80 729.93 441.66 731.89 433.14 822.37 412.28 820.41
0061 0.05472913011908531 844.65 292.33 979.61 306.68 977.39 327.57 842.43 313.22
0154 0.07572569698095322 664.49 388.31 791.65 390.62 791.10 421.29 663.93 418.98
0154 0.0609523206949234 860.47 418.43 1003.77 414.11 1004.42 435.70 861.12 440.01
0067 0.09036655724048615 859.91 81.57 883.48 73.34 933.45 216.31 909.89 224.55
0063 0.06765710562467575 860.82 877.22 888.00 866.42 948.47 1018.52 921.28 1029.33
0117 0.055660609155893326 800.05 12.47 939.94 32.40 935.76 61.73 795.87 41.81
0122 0.144504576921463 138.25 612.63 163.58 613.93 157.04 742.17 131.70 740.88
0073 0.08164412528276443 17.58 478.39 55.20 458.27 119.08 577.74 81.46 597.86
0073 0.05027664825320244 0.51 195.41 43.53 160.84 141.12 282.25 98.10 316.83
0064 0.06969240307807922 724.01 -2.77 746.63 -10.04 789.18 122.47 766.57 129.74
0064 0.051017895340919495 511.15 54.06 534.74 44.96 592.75 195.44 569.17 204.53
0083 0.06449675559997559 514.14 77.89 637.33 113.20 630.19 138.11 507.00 102.81
0051 0.07457577437162399 633.64 -12.90 777.25 34.05 769.60 57.46 625.99 10.50
0123 0.1843256801366806 662.62 44.12 685.86 39.04 711.05 154.31 687.81 159.39
0065 0.10241274535655975 859.85 488.21 882.82 475.61 952.67 602.99 929.70 615.58
0124 0.09273193776607513 559.56 537.68 689.29 585.36 679.54 611.88 549.81 564.20
0124 0.08536901324987411 353.99 528.11 502.63 511.37 505.90 540.40 357.26 557.15
0066 0.07419178634881973 482.30 479.70 509.90 472.90 550.58 638.04 522.98 644.84
0085 0.07686018943786621 30.43 687.53 64.97 683.92 82.10 848.01 47.55 851.62
0125 0.08265843242406845 351.53 126.99 510.28 122.32 511.02 147.48 352.27 152.15
0125 0.07481137663125992 545.49 144.01 699.68 170.98 693.36 207.12 539.17 180.15
0086 0.050294145941734314 431.97 292.10 457.51 287.38 483.99 430.59 458.45 435.32
0121 0.17499393224716187 166.60 428.36 299.93 478.78 290.26 504.36 156.93 453.95
0177 0.11938321590423584 879.88 484.67 905.40 489.54 881.85 612.89 856.33 608.02
0163 0.06408669054508209 98.36 733.36 170.31 783.18 145.76 818.64 73.81 768.82
0148 0.12037143856287003 954.48 622.97 979.45 614.51 1029.42 762.00 1004.45 770.46
0017 0.05220095068216324 741.88 609.78 765.70 592.33 846.52 702.63 822.70 720.08
0116 0.059482086449861526 418.34 407.83 543.83 436.53 537.44 464.45 411.96 435.75
