0013 0.1286182701587677 838.67 42.13 953.90 145.58 930.85 171.25 815.63 67.80
0013 0.08286620676517487 210.90 754.16 250.91 718.91 376.17 861.05 336.16 896.31
0097 0.06872851401567459 344.90 341.55 540.29 361.89 536.66 396.73 341.27 376.39
0097 0.061463065445423126 208.64 409.11 373.98 453.18 364.01 490.57 198.67 446.50
0006 0.08672675490379333 408.39 845.85 634.94 865.25 631.71 902.88 405.16 883.48
0183 0.09573619812726974 403.03 483.67 459.33 450.52 571.10 640.38 514.79 673.52
0183 0.09090040624141693 6.69 898.65 147.06 915.51 142.60 952.62 2.24 935.76
0183 0.061701152473688126 275.76 158.56 348.81 93.93 571.49 345.64 498.43 410.27
0001 0.14638476073741913 547.73 625.70 702.00 767.20 669.48 802.65 515.21 661.15
0188 0.05460360646247864 738.89 -0.57 868.01 88.10 848.97 115.83 719.85 27.16
0040 0.052916672080755234 830.26 455.77 857.19 461.08 822.61 636.73 795.68 631.43
0189 0.19844597578048706 578.30 266.27 845.34 377.78 822.00 433.68 554.96 322.16
0099 0.10216084122657776 111.22 45.05 267.79 77.22 259.72 116.47 103.15 84.30
0190 0.16528873145580292 58.66 793.54 89.04 802.43 38.05 976.61 7.66 967.71
0185 0.19048434495925903 782.66 98.51 822.15 59.13 998.43 235.90 958.93 275.29
0185 0.1554873138666153 390.11 183.12 522.44 294.24 489.48 333.48 357.15 222.36
0185 0.08763473480939865 334.88 823.98 369.35 792.87 450.86 883.22 416.38 914.32
0181 0.14996357262134552 711.02 548.82 947.18 696.04 915.58 746.72 679.42 599.50
0003 0.08174292743206024 691.14 104.66 796.15 164.42 782.47 188.46 677.46 128.70
0096 0.11495291441679001 -53.31 740.58 145.17 771.47 140.21 803.31 -58.27 772.43
0096 0.0743924155831337 110.80 862.15 273.00 851.14 275.33 885.58 113.14 896.58
0015 0.1915510892868042 771.37 308.46 896.21 432.86 863.88 465.31 739.04 340.91
0015 0.06577392667531967 570.33 445.81 735.25 479.03 722.92 540.25 558.00 507.03
0015 0.05966624990105629 20.62 810.95 153.28 873.90 138.05 906.02 5.39 843.07
0028 0.092576764523983 542.71 486.17 675.04 538.85 662.56 570.19 530.23 517.50
0036 0.16940216720104218 472.06 124.15 608.00 67.90 621.51 100.54 485.57 156.79
0024 0.0710073933005333 194.98 48.61 245.48 8.80 369.87 166.59 319.38 206.40
0151 0.31373682618141174 224.36 508.13 252.20 496.79 317.58 657.43 289.74 668.76
0151 0.06117593124508858 54.03 513.10 194.69 442.56 214.00 481.06 73.34 551.60
0057 0.0966288223862648 637.27 702.93 801.67 777.94 786.04 812.21 621.63 737.20
0152 0.11430592089891434 208.09 130.28 235.76 110.07 327.55 235.67 299.89 255.89
0053 0.20301522314548492 255.36 712.45 286.54 712.77 284.89 876.00 253.70 875.68
0053 0.11509259790182114 357.18 960.15 624.54 852.86 646.75 908.19 379.38 1015.48
0053 0.11367160826921463 315.04 415.61 573.78 335.25 590.45 388.92 331.71 469.28
0053 0.11329211294651031 4.01 495.80 29.37 483.84 96.58 626.34 71.22 638.30
0053 0.06606953591108322 960.32 780.56 984.50 781.35 976.63 1023.03 952.45 1022.25
0058 0.06326547265052795 823.85 102.97 848.11 98.41 872.70 229.09 848.44 233.66
0162 0.2635383605957031 708.66 572.15 901.47 733.33 855.63 788.18 662.82 627.00
0162 0.22027058899402618 870.82 725.21 994.93 801.96 975.69 833.08 851.57 756.33
0091 0.05237273499369621 387.82 465.21 433.08 462.49 449.61 737.50 404.35 740.22
0020 0.2718421518802643 810.60 -19.45 961.47 107.82 935.73 138.34 784.86 11.07
0020 0.11965437233448029 192.24 853.63 353.59 886.31 337.51 965.71 176.16 933.03
0020 0.08831402659416199 250.68 510.86 284.88 542.09 157.39 681.67 123.20 650.44
0054 0.30913349986076355 389.73 259.01 420.69 252.41 462.95 450.47 431.98 457.07
0054 0.14140184223651886 824.39 763.90 851.60 770.31 807.78 956.57 780.57 950.17
0054 0.08689890801906586 -3.97 411.28 168.04 317.09 190.40 357.91 18.39 452.11
0054 0.07089505344629288 550.61 805.37 573.17 796.14 652.41 989.73 629.85 998.97
0059 0.1454785317182541 256.04 309.09 286.70 311.47 273.52 481.20 242.85 478.82
0048 0.07411102950572968 733.32 785.06 997.33 748.34 1004.54 800.19 740.53 836.91
0092 0.08791019767522812 223.88 568.07 383.65 581.24 381.86 602.89 222.09 589.72
0060 0.06456900388002396 479.30 365.34 496.82 374.60 395.57 566.20 378.05 556.94
0055 0.2817413806915283 14.71 295.87 45.00 293.17 58.84 448.78 28.55 451.47
0055 0.0945947915315628 188.70 793.35 217.12 789.28 245.63 988.37 217.20 992.44
0056 0.07356157898902893 72.67 377.25 102.45 390.93 27.71 553.59 -2.06 539.91
0154 0.05771663784980774 659.23 376.85 799.69 387.09 796.95 424.63 656.50 414.39
0067 0.06421588361263275 874.36 47.44 898.86 42.20 943.86 252.67 919.36 257.91
0049 0.2401784062385559 830.47 650.11 858.09 651.72 845.64 865.22 818.02 863.61
0049 0.06422334909439087 743.28 707.56 914.45 775.75 903.14 804.13 731.98 735.94
0049 0.055246032774448395 325.18 840.39 565.31 707.71 590.60 753.47 350.46 886.16
0049 0.05419912934303284 734.25 816.04 903.52 680.09 921.35 702.29 752.08 838.24
0093 0.05653871223330498 30.68 123.27 275.42 128.89 274.54 166.94 29.81 161.32
0063 0.11158735305070877 750.42 150.47 1035.64 59.19 1053.68 115.57 768.46 206.85
0050 0.40107351541519165 -13.82 693.11 16.01 680.26 86.86 844.80 57.03 857.65
0122 0.552597165107727 258.67 596.62 288.53 587.92 348.16 792.41 318.31 801.11
0122 0.19529815018177032 315.27 306.90 359.54 315.02 319.56 533.14 275.29 525.02
0127 0.10263731330633163 336.55 411.87 511.03 381.48 521.01 438.80 346.53 469.19
0073 0.21764764189720154 417.79 68.42 609.47 214.53 570.48 265.68 378.79 119.58
0073 0.08216266334056854 -0.76 481.51 36.39 451.18 135.43 572.47 98.28 602.81
0069 0.08982638269662857 7.20 895.89 47.01 865.39 171.38 1027.73 131.58 1058.23
0069 0.05023244768381119 18.95 611.59 191.50 669.02 159.24 765.92 -13.30 708.49
0123 0.3357633054256439 662.79 339.82 885.63 264.03 903.55 316.73 680.71 392.52
0123 0.10703092813491821 -20.39 -11.57 181.90 78.23 162.10 122.83 -40.18 33.03
0123 0.06821136921644211 663.13 38.53 686.66 33.92 711.65 161.63 688.12 166.23
0065 0.10719266533851624 883.08 468.20 909.71 465.48 926.99 634.63 900.35 637.35
0124 0.15192192792892456 546.00 511.99 701.46 611.30 683.49 639.42 528.04 540.11
0124 0.05701383575797081 347.89 486.56 510.51 541.62 498.33 577.60 335.70 522.54
0080 0.09077580273151398 673.72 501.70 898.85 484.26 901.37 516.84 676.24 534.28
0066 0.07265035063028336 525.13 451.08 548.86 458.65 470.99 702.78 447.27 695.21
0066 0.055101603269577026 382.43 28.21 432.49 20.39 473.26 281.45 423.21 289.27
0085 0.08344535529613495 40.35 678.78 77.43 679.91 72.05 855.15 34.97 854.01
0125 0.2618820369243622 556.76 109.89 693.45 211.30 671.55 240.81 534.86 139.41
0125 0.10444433987140656 234.68 866.35 279.92 874.00 249.94 1051.33 204.70 1043.69
0125 0.05982502922415733 356.36 67.91 516.35 173.83 497.26 202.65 337.28 96.74
0071 0.3399210572242737 23.26 485.96 67.53 460.95 171.43 644.85 127.16 669.86
0071 0.12658202648162842 -29.90 240.53 186.98 225.74 193.07 315.05 -23.81 329.85
0071 0.09870052337646484 5.47 786.45 125.48 718.52 141.56 746.93 21.56 814.86
0142 0.06788994371891022 710.67 331.91 874.89 258.47 890.78 294.01 726.57 367.46
0126 0.06056869775056839 626.39 25.43 676.44 31.10 650.77 257.68 600.73 252.01
0086 0.13089920580387115 441.28 283.52 469.92 282.89 473.53 445.80 444.89 446.43
0046 0.05539898946881294 610.58 399.22 780.85 420.35 777.26 449.29 606.98 428.17
0121 0.06566916406154633 173.87 421.44 297.21 488.48 282.09 516.31 158.74 449.26
0167 0.3695196807384491 338.08 202.47 378.60 203.99 369.58 444.99 329.06 443.48
0163 0.10324116796255112 224.57 614.88 365.18 722.92 343.62 750.98 203.01 642.94
0163 0.06137862429022789 92.95 507.97 168.58 483.40 215.95 629.19 140.31 653.76
0148 0.16246767342090607 150.04 751.29 416.32 673.76 427.66 712.70 161.38 790.24
0148 0.09519188106060028 85.18 545.28 106.90 544.06 113.34 658.23 91.62 659.45
0114 0.05438636615872383 597.88 702.26 774.65 815.26 746.97 858.58 570.19 745.58
0144 0.06950327754020691 53.32 54.23 252.48 1.65 264.11 45.71 64.96 98.29
0168 0.06751730293035507 13.30 261.56 158.78 314.22 147.04 346.66 1.56 294.01
0168 0.05858021602034569 782.65 545.28 822.76 509.88 924.87 625.56 884.76 660.96
0164 0.11688800156116486 858.00 309.24 998.68 384.57 969.57 438.92 828.90 363.59
0115 0.0980234369635582 534.78 514.73 569.01 493.12 669.79 652.68 635.56 674.29
0017 0.5405571460723877 737.53 587.11 878.81 690.89 855.66 722.42 714.37 618.64
0150 0.06474534422159195 463.90 891.53 610.55 860.54 619.22 901.54 472.56 932.53
0116 0.11824879795312881 198.40 323.91 370.36 419.06 351.91 452.41 179.95 357.25
0107 0.08417315781116486 622.63 736.19 656.44 714.56 770.41 892.67 736.60 914.31
0022 0.05417625233530998 646.35 410.18 764.33 525.88 704.68 586.69 586.71 470.99
0030 0.0550408735871315 787.47 41.68 1016.89 63.90 1012.28 111.57 782.86 89.36
