0192 0.41755613684654236 661.38 741.59 684.72 763.43 584.67 870.38 561.33 848.55
0182 0.372891366481781 965.05 52.40 1045.87 127.26 1030.23 144.15 949.41 69.29
0097 0.48503929376602173 791.26 396.48 860.22 447.40 843.01 470.71 774.05 419.79
0097 0.0978594571352005 385.10 304.82 513.39 425.84 493.14 447.31 364.85 326.28
0097 0.060371801257133484 514.62 458.62 652.09 487.59 646.88 512.28 509.42 483.31
0193 0.2057589739561081 762.26 111.51 869.30 40.15 891.65 73.68 784.61 145.04
0019 0.2298527956008911 1016.55 738.07 1044.13 751.80 975.20 890.33 947.62 876.61
0006 0.4918379485607147 151.48 -11.39 185.94 -14.76 202.29 152.59 167.84 155.96
0183 0.3153907358646393 14.38 617.61 118.54 699.84 98.04 725.81 -6.12 643.59
0183 0.21542732417583466 37.92 581.78 69.09 568.68 114.53 676.76 83.36 689.87
0183 0.08682215213775635 302.17 178.48 469.02 158.00 473.66 195.81 306.82 216.29
0183 0.06396252661943436 149.36 712.72 178.95 695.22 247.11 810.44 217.51 827.95
0001 0.07144283503293991 677.72 790.68 781.32 873.94 763.44 896.19 659.84 812.93
0188 0.41862303018569946 742.01 6.97 857.52 90.06 841.23 112.69 725.73 29.60
0094 0.27998360991477966 266.64 900.94 293.87 895.92 310.35 985.47 283.12 990.48
0184 0.09550924599170685 665.78 569.44 692.14 578.67 651.98 693.47 625.62 684.24
0002 0.14961004257202148 419.52 774.73 442.49 759.93 493.50 839.13 470.53 853.93
0099 0.05258404463529587 121.76 43.01 263.52 84.39 253.73 117.96 111.96 76.58
0007 0.07658650726079941 -14.19 876.98 84.99 948.71 70.82 968.30 -28.36 896.58
0180 0.1327023208141327 701.08 931.57 889.83 979.69 880.94 1014.53 692.19 966.41
0190 0.12555550038814545 43.29 804.34 73.81 808.40 52.18 971.20 21.66 967.14
0185 0.22702442109584808 290.61 585.51 314.44 563.82 415.68 675.10 391.84 696.78
0185 0.20874826610088348 354.10 804.26 458.93 880.88 437.68 909.96 332.85 833.34
0185 0.06757321953773499 454.63 505.86 528.60 560.48 516.33 577.09 442.36 522.48
0185 0.06701532006263733 362.80 207.30 394.02 177.54 518.31 307.94 487.09 337.70
0185 0.06378833204507828 812.63 86.31 848.50 63.40 971.36 255.77 935.49 278.68
0181 0.07204271107912064 969.24 455.78 992.87 463.07 960.30 568.75 936.67 561.47
0200 0.3923911154270172 558.87 603.47 582.70 610.63 543.12 742.49 519.29 735.34
0196 0.6275997161865234 765.66 238.11 785.50 218.68 867.23 302.14 847.39 321.57
0003 0.05363086983561516 697.00 117.08 791.53 154.14 783.02 175.86 688.49 138.80
0042 0.6071932911872864 460.73 759.79 573.50 791.02 568.18 810.22 455.41 778.99
0015 0.4148232936859131 25.17 809.85 145.89 894.61 128.80 918.95 8.08 834.19
0015 0.12552154064178467 914.53 47.66 999.79 81.28 990.36 105.19 905.10 71.57
0015 0.0847432017326355 779.40 321.07 892.51 429.81 863.65 459.84 750.54 351.09
0009 0.0847148522734642 23.21 494.66 92.80 542.08 79.82 561.12 10.24 513.71
0010 0.08894617855548859 450.48 80.41 538.08 0.66 556.45 20.83 468.85 100.59
0028 0.2984220087528229 387.69 463.81 510.26 509.11 501.65 532.40 379.08 487.11
0028 0.11971815675497055 547.28 490.40 674.73 534.57 663.74 566.28 536.29 522.11
0024 0.09414513409137726 693.94 514.51 716.03 503.19 770.46 609.35 748.37 620.67
0160 0.07780204713344574 890.78 893.59 1004.01 989.84 988.94 1007.58 875.71 911.32
0089 0.653745174407959 31.43 461.47 58.92 452.87 97.55 576.34 70.06 584.94
0089 0.36806806921958923 99.02 621.68 122.55 619.84 132.33 744.58 108.80 746.42
0089 0.07536665350198746 638.47 542.89 659.75 528.81 748.23 662.60 726.95 676.67
0151 0.06872933357954025 361.98 923.22 386.71 913.34 443.71 1056.06 418.99 1065.93
0057 0.751021683216095 443.89 689.64 583.57 708.92 580.45 731.50 440.78 712.22
0057 0.4066708981990814 636.15 724.72 779.30 763.24 770.24 796.89 627.09 758.38
0057 0.1913294494152069 602.04 180.83 623.50 164.23 665.46 218.50 644.00 235.10
0032 0.08258303999900818 768.83 204.74 794.95 213.16 746.19 364.53 720.07 356.11
0090 0.2693118751049042 253.83 143.33 346.84 233.89 330.88 250.29 237.86 159.73
0053 0.12762179970741272 236.11 721.84 267.78 716.46 293.26 866.59 261.59 871.97
0053 0.08683497458696365 975.50 807.19 1003.36 811.31 974.24 1008.21 946.38 1004.09
0053 0.07670889049768448 21.63 496.60 52.14 491.90 73.53 630.70 43.02 635.40
0053 0.05766580253839493 617.80 686.77 643.08 683.09 662.96 819.68 637.68 823.36
0053 0.052699014544487 364.34 939.03 614.42 881.42 624.67 925.90 374.59 983.51
0026 0.33905288577079773 142.93 540.02 161.23 535.42 187.90 641.62 169.59 646.22
0026 0.17166423797607422 11.79 717.63 150.47 709.09 151.96 733.27 13.28 741.81
0026 0.060447413474321365 302.05 501.63 320.95 490.84 385.03 603.11 366.13 613.90
0026 0.05352046713232994 469.45 616.34 492.84 610.42 525.35 738.81 501.95 744.73
0162 0.4972769021987915 790.54 908.76 902.34 983.83 883.33 1012.15 771.53 937.08
0162 0.10088563710451126 877.87 534.64 933.00 510.21 980.87 618.22 925.74 642.65
0162 0.05537930130958557 881.09 734.74 910.83 718.90 967.89 826.07 938.14 841.90
0054 0.14505010843276978 555.34 809.19 590.75 802.70 627.63 1003.96 592.21 1010.44
0054 0.07742471247911453 845.74 774.86 871.67 796.23 751.12 942.45 725.19 921.07
0054 0.062064796686172485 -0.99 363.95 181.51 362.23 181.94 407.24 -0.57 408.96
0059 0.29476457834243774 765.91 225.55 832.02 180.04 843.60 196.87 777.49 242.38
0059 0.13725042343139648 246.12 322.63 278.53 321.37 283.82 458.12 251.41 459.37
0059 0.05975215509533882 355.58 562.93 626.02 463.02 641.74 505.58 371.30 605.49
0158 0.09324556589126587 32.09 108.75 178.26 146.94 171.67 172.17 25.49 133.98
0158 0.06528490781784058 912.14 270.11 943.56 248.51 1023.45 364.73 992.03 386.33
0158 0.06330548226833344 381.38 74.22 489.60 106.87 482.28 131.14 374.06 98.50
0027 0.2656048536300659 941.89 146.64 959.90 140.34 992.79 234.33 974.78 240.63
0092 0.14325769245624542 239.98 600.22 363.45 550.59 372.61 573.37 249.14 623.01
0055 0.10172394663095474 185.75 787.78 214.10 783.17 247.15 986.44 218.80 991.05
0055 0.08322175592184067 -3.95 314.15 23.44 301.09 83.96 428.00 56.57 441.06
0088 0.08528853952884674 935.97 813.64 958.85 797.81 1047.54 925.99 1024.66 941.82
0088 0.053023774176836014 419.53 727.07 441.24 728.75 434.06 821.29 412.35 819.61
0062 0.32946792244911194 234.88 324.34 375.39 363.65 367.21 392.89 226.70 353.58
0061 0.7736770510673523 850.68 294.77 979.62 306.14 977.76 327.19 848.83 315.83
0056 0.21847262978553772 76.15 378.51 104.44 392.81 23.64 552.71 -4.65 538.41
0154 0.18380141258239746 663.85 385.43 807.17 390.09 806.19 420.15 662.88 415.49
0154 0.07865617424249649 864.61 407.96 988.92 447.94 980.38 474.51 856.07 434.53
0049 0.09461304545402527 332.49 812.21 572.72 738.29 586.34 782.53 346.10 856.45
0049 0.07867135107517242 19.40 911.94 45.97 903.38 78.38 1004.01 51.81 1012.57
0093 0.25524193048477173 29.60 174.70 240.57 85.35 254.84 119.03 43.87 208.38
0077 0.14964450895786285 115.82 681.12 210.49 640.27 221.65 666.14 126.98 706.99
0063 0.07158835977315903 888.44 867.43 920.44 866.96 922.88 1033.98 890.88 1034.45
0063 0.060968201607465744 769.88 442.62 808.71 429.12 902.04 697.56 863.21 711.06
0063 0.05018920823931694 758.66 145.36 1022.00 76.57 1033.40 120.18 770.06 188.98
0082 0.07875911146402359 249.04 167.95 275.24 160.97 317.12 318.25 290.92 325.23
0050 0.15322136878967285 -0.60 698.70 31.58 689.31 78.48 849.99 46.30 859.38
0117 0.2527562975883484 803.47 3.27 953.53 41.04 945.90 71.36 795.84 33.60
0122 0.241915762424469 127.70 608.39 152.59 605.88 166.80 747.21 141.91 749.71
0122 0.11502958834171295 293.18 597.63 323.98 598.65 316.95 811.12 286.15 810.10
0068 0.47970396280288696 556.02 461.97 653.36 513.21 640.85 536.97 543.51 485.72
0127 0.09899722784757614 366.58 420.12 513.60 396.24 518.57 426.87 371.55 450.75
0127 0.06517652422189713 741.67 171.21 830.86 145.16 837.45 167.72 748.26 193.77
0078 0.05259363353252411 669.18 123.70 767.16 103.80 771.04 122.92 673.06 142.81
0073 0.17736434936523438 19.20 207.96 113.80 298.23 90.14 323.03 -4.47 232.75
0073 0.16337674856185913 30.66 172.17 143.03 260.74 124.09 284.78 11.71 196.21
0073 0.13166525959968567 26.62 492.73 125.51 555.44 111.23 577.97 12.33 515.26
0073 0.0783257931470871 406.04 97.81 449.31 64.33 586.50 241.63 543.22 275.12
0064 0.2476181983947754 10.28 552.93 40.78 541.74 92.90 683.94 62.39 695.12
0083 0.23327919840812683 523.89 73.74 640.00 115.32 631.03 140.36 514.92 98.78
0083 0.16559836268424988 87.95 373.16 113.11 365.41 142.66 461.34 117.49 469.09
0051 0.2681083083152771 634.20 3.82 765.66 23.82 762.26 46.13 630.81 26.14
0069 0.129073828458786 23.02 891.26 151.21 989.25 129.04 1018.24 0.86 920.25
0069 0.0746716558933258 573.57 241.85 593.75 254.96 538.97 339.29 518.79 326.19
0069 0.07094346731901169 119.97 460.15 160.61 457.94 166.10 559.00 125.46 561.21
0123 0.1820949763059616 663.04 43.73 686.75 38.81 711.64 158.76 687.93 163.68
0123 0.09237531572580338 677.11 350.26 868.39 261.64 889.82 307.90 698.54 396.52
0133 0.18730907142162323 641.87 218.40 726.73 287.34 702.84 316.75 617.98 247.81
0065 0.1450529247522354 873.49 474.53 900.15 469.82 927.84 626.52 901.18 631.23
0070 0.5807058811187744 565.61 48.33 650.72 123.79 631.20 145.81 546.09 70.34
0134 0.3322182297706604 501.63 645.73 529.76 634.76 579.57 762.50 551.44 773.47
0124 0.31700006127357483 568.89 537.77 701.25 591.52 690.14 618.86 557.78 565.11
0124 0.2886909246444702 359.37 497.08 503.61 536.52 494.76 568.86 350.53 529.42
0085 0.508592426776886 62.94 692.42 90.17 699.08 54.33 845.49 27.10 838.83
0135 0.5633781552314758 665.85 19.94 692.86 -6.94 797.02 97.77 770.01 124.64
0135 0.22995856404304504 100.91 252.02 130.89 239.83 177.91 355.39 147.92 367.59
0135 0.07723230868577957 -3.38 684.60 21.63 666.26 101.13 774.69 76.12 793.03
0125 0.17174501717090607 355.35 90.23 514.92 152.27 503.90 180.61 344.33 118.56
0125 0.14634349942207336 565.64 139.80 701.42 189.43 691.75 215.89 555.97 166.26
0071 0.09326531738042831 31.85 488.56 152.63 596.40 130.64 621.03 9.86 513.19
0071 0.05330666899681091 26.18 724.04 142.36 784.64 130.84 806.75 14.65 746.14
0130 0.07926712930202484 789.98 259.48 831.50 241.91 917.30 444.68 875.77 462.25
0142 0.10868372768163681 452.73 840.56 675.42 843.20 675.07 872.89 452.38 870.25
0139 0.3974114656448364 451.80 202.68 477.94 212.27 434.88 329.61 408.75 320.02
0136 0.26362282037734985 799.60 283.03 825.71 265.58 904.69 383.73 878.58 401.18
0086 0.5015042424201965 38.52 632.03 119.73 641.68 117.41 661.17 36.21 651.52
0086 0.4478110671043396 441.57 283.40 469.06 282.51 474.18 440.25 446.68 441.15
0046 0.4416295289993286 624.41 395.17 775.20 424.82 769.72 452.66 618.94 423.01
0121 0.17556574940681458 173.72 431.30 297.62 476.66 289.08 500.00 165.17 454.64
0121 0.050726499408483505 -30.45 411.21 106.27 425.88 103.41 452.55 -33.31 437.87
0143 0.08217907696962357 941.36 569.40 1047.33 640.23 1032.73 662.07 926.76 591.24
0177 0.10509427636861801 616.19 646.42 646.17 648.22 636.46 810.53 606.47 808.73
0177 0.07649926841259003 619.72 664.26 641.08 652.83 696.58 756.55 675.21 767.98
0163 0.62464439868927 13.52 916.97 100.92 981.47 82.51 1006.42 -4.89 941.93
0163 0.11662305146455765 95.39 735.00 168.11 783.78 146.87 815.43 74.16 766.65
0109 0.15652836859226227 63.99 853.51 150.01 846.60 151.29 862.58 65.28 869.49
0148 0.08130558580160141 163.45 727.81 410.45 694.92 415.60 733.60 168.60 766.48
0114 0.3058566749095917 612.63 770.47 771.11 794.90 767.11 820.85 608.63 796.42
0114 0.10507065802812576 819.51 809.86 964.86 840.99 958.27 871.75 812.92 840.62
0144 0.26757630705833435 57.31 47.19 258.30 33.64 260.52 66.51 59.53 80.06
0164 0.5271771550178528 780.18 520.38 804.95 498.66 892.83 598.86 868.07 620.58
0164 0.1676262468099594 937.59 826.39 952.73 812.93 1008.36 875.55 993.21 889.00
0164 0.07249812036752701 881.96 337.41 906.34 323.30 962.02 419.54 937.65 433.64
0103 0.11164086312055588 808.39 107.73 831.50 113.74 804.65 216.90 781.54 210.89
0174 0.1110045537352562 132.92 534.01 156.67 531.67 167.44 641.35 143.70 643.68
0169 0.16002772748470306 949.36 137.27 973.11 138.84 967.21 228.27 943.46 226.70
0165 0.47749656438827515 398.45 100.60 502.51 193.50 480.81 217.81 376.75 124.90
0165 0.11716615408658981 528.60 437.07 551.14 415.97 610.00 478.82 587.46 499.93
0017 0.4242410361766815 41.00 425.03 146.84 488.79 134.64 509.03 28.80 445.27
0017 0.19625906646251678 747.81 609.93 864.27 686.94 848.64 710.58 732.18 633.57
0017 0.07059494405984879 620.84 24.95 713.50 113.87 685.84 142.70 593.18 53.78
0110 0.07458803057670593 345.70 217.29 479.52 235.10 475.85 262.68 342.03 244.87
0116 0.5494597554206848 417.96 414.96 535.82 426.33 532.75 458.20 414.89 446.83
0116 0.33934810757637024 219.23 344.04 358.87 418.91 344.71 445.32 205.07 370.45
0107 0.19532015919685364 647.96 736.08 684.19 722.75 751.61 905.98 715.38 919.31
0029 0.12143674492835999 824.05 961.24 1026.65 877.75 1040.54 911.47 837.94 994.96
0016 0.05893697589635849 736.38 219.55 838.87 151.71 855.28 176.50 752.79 244.35
0030 0.07169107347726822 829.66 538.32 1035.58 497.57 1043.38 536.98 837.46 577.73
