0187 0.05001028627157211 602.50 793.62 761.12 866.69 716.82 962.85 558.20 889.78
0183 0.21857114136219025 298.51 145.46 366.98 97.01 560.01 369.78 491.54 418.23
0183 0.10887961089611053 433.54 481.30 619.51 601.63 577.94 665.88 391.97 545.54
0189 0.4489232301712036 627.30 249.00 838.31 424.18 798.81 471.75 587.81 296.57
0185 0.07093575596809387 805.27 90.69 1032.82 193.55 1004.61 255.94 777.07 153.08
0181 0.4575684666633606 683.64 556.89 744.39 507.79 927.88 734.85 867.13 783.95
0010 0.06419185549020767 740.84 590.11 978.44 822.05 913.15 888.93 675.55 656.99
0024 0.16030320525169373 173.76 -32.42 377.45 108.98 316.33 197.03 112.64 55.63
0161 0.12156631797552109 448.12 396.50 738.41 569.13 695.31 641.61 405.01 468.99
0053 0.07159816473722458 356.61 905.33 647.26 890.81 650.48 955.37 359.84 969.89
0053 0.06558526307344437 344.08 356.34 600.18 363.41 598.52 423.33 342.42 416.26
0020 0.30721303820610046 178.11 834.72 356.04 857.26 342.15 966.92 164.22 944.38
0048 0.081268809735775 729.00 766.19 1016.35 752.06 1019.44 814.82 732.09 828.95
0159 0.12067349255084991 818.55 804.96 913.67 769.15 1018.79 1048.42 923.67 1084.22
0073 0.1875818520784378 416.23 71.77 640.47 198.24 598.32 272.96 374.09 146.49
0069 0.1071573942899704 -13.75 664.29 177.24 614.34 203.99 716.63 13.00 766.58
0071 0.23537851870059967 1.58 209.91 237.18 274.89 208.20 379.95 -27.39 314.97
0071 0.16500936448574066 28.87 487.33 243.31 628.82 211.73 676.69 -2.71 535.20
0163 0.09301429241895676 450.81 -20.51 534.37 -44.26 626.40 279.44 542.85 303.20
0163 0.08452610671520233 90.94 540.07 374.64 664.67 348.27 724.70 64.57 600.10
0022 0.3734160363674164 569.52 402.38 776.99 482.86 737.30 585.17 529.83 504.68
