0182 0.10391977429389954 950.66 69.15 1057.34 105.90 1050.04 127.09 943.36 90.34
0044 0.09411226958036423 943.41 563.26 967.96 564.96 958.65 699.29 934.10 697.59
0044 0.07965616136789322 27.99 283.78 56.55 277.67 78.17 378.61 49.61 384.73
0044 0.051722876727581024 788.45 90.35 807.78 87.63 826.52 220.41 807.19 223.14
0097 0.5532321929931641 512.59 447.37 652.86 498.44 644.15 522.36 503.88 471.29
0097 0.2200220674276352 354.86 337.93 519.63 381.46 512.45 408.62 347.68 365.10
0097 0.1722090095281601 507.73 435.50 662.43 476.72 657.29 496.02 502.58 454.79
0097 0.07175988703966141 785.51 389.18 870.03 452.16 853.50 474.35 768.97 411.37
0019 0.09919793158769608 1019.89 740.55 1043.83 754.00 966.56 891.63 942.62 878.19
0045 0.5894137620925903 437.99 502.77 463.50 498.16 487.20 629.34 461.69 633.95
0045 0.4076361060142517 332.89 525.70 354.20 519.97 388.90 649.11 367.59 654.84
0045 0.19484563171863556 372.80 525.13 406.76 504.23 486.63 634.04 452.67 654.93
0183 0.8426269292831421 155.70 714.53 181.82 700.72 243.07 816.49 216.95 830.30
0183 0.4301573932170868 25.82 873.00 144.37 966.79 123.97 992.56 5.42 898.77
0183 0.27029210329055786 18.14 591.52 124.91 694.44 99.82 720.47 -6.95 617.55
0001 0.6803279519081116 666.96 806.80 786.74 855.63 775.96 882.08 656.18 833.25
0188 0.5669437646865845 731.70 -0.79 754.71 -17.86 852.49 114.01 829.47 131.07
0094 0.10440497100353241 271.41 900.80 297.61 898.74 304.64 987.94 278.44 990.00
0099 0.22793136537075043 111.54 49.42 259.94 76.33 253.87 109.76 105.47 82.85
0190 0.14351217448711395 69.31 803.31 96.59 816.07 28.27 962.13 0.99 949.37
0185 0.606922447681427 303.81 567.98 326.86 555.22 402.87 692.52 379.82 705.28
0185 0.6064801812171936 564.11 312.06 588.40 299.45 652.71 423.24 628.42 435.86
0185 0.5971482396125793 392.50 189.28 536.49 262.16 509.38 315.72 365.39 242.84
0185 0.34077325463294983 341.86 810.23 374.06 788.02 450.86 899.36 418.66 921.57
0185 0.07259641587734222 450.54 501.19 528.96 559.98 516.16 577.06 437.73 518.27
0181 0.06918346136808395 965.12 453.13 988.47 458.16 964.57 569.13 941.22 564.10
0200 0.14956223964691162 545.45 608.59 570.65 610.92 558.08 747.08 532.88 744.76
0196 0.12640348076820374 768.38 223.37 789.35 209.00 863.33 317.01 842.35 331.37
0003 0.1456725150346756 704.86 104.21 788.19 165.28 773.18 185.76 689.85 124.69
0042 0.06934686750173569 451.10 769.36 573.92 779.03 572.31 799.44 449.49 789.76
0096 0.32285940647125244 97.76 862.38 260.77 853.86 262.36 884.37 99.35 892.89
0096 0.16639386117458344 -26.89 732.31 128.48 799.49 117.74 824.35 -37.64 757.17
0015 0.8546477556228638 762.97 341.96 897.48 417.43 880.53 447.65 746.01 372.17
0015 0.7864736318588257 579.77 443.08 614.99 412.72 723.03 538.01 687.81 568.37
0015 0.08767029643058777 24.03 803.41 143.92 884.25 126.93 909.44 7.04 828.60
0015 0.08650048077106476 562.36 453.70 678.62 530.20 666.91 548.00 550.65 471.50
0028 0.20718403160572052 534.32 509.69 664.87 518.51 663.16 543.78 532.61 534.96
0028 0.1848476082086563 388.08 471.58 514.58 503.24 508.62 527.08 382.11 495.42
0160 0.7600853443145752 881.85 898.00 911.12 889.03 958.12 1042.36 928.86 1051.33
0160 0.07774532586336136 849.40 934.02 1011.52 942.51 1010.23 967.15 848.11 958.66
0089 0.7556723356246948 642.17 561.57 659.68 545.25 759.66 652.51 742.16 668.83
0089 0.31487348675727844 93.73 625.07 114.35 621.45 135.85 743.91 115.22 747.53
0089 0.17513632774353027 44.16 460.92 65.26 460.23 69.36 585.43 48.26 586.12
0151 0.2789788842201233 370.77 913.44 395.57 907.33 433.14 1059.81 408.34 1065.92
0057 0.07286306470632553 445.42 683.38 583.88 715.18 578.78 737.37 440.33 705.58
0032 0.5867034196853638 797.74 220.46 817.41 233.61 735.77 355.72 716.10 342.57
0161 0.5525133013725281 85.76 912.19 210.66 991.34 184.60 1032.46 59.70 953.30
0090 0.6773400902748108 254.84 147.79 276.27 137.78 331.12 255.25 309.69 265.26
0090 0.5198686122894287 136.38 11.39 159.53 -2.24 230.58 118.42 207.43 132.05
0090 0.4641823172569275 161.39 363.38 184.71 361.02 200.57 517.68 177.25 520.04
0090 0.08388575166463852 176.10 351.05 196.72 346.84 230.21 510.83 209.59 515.04
0090 0.07881113141775131 121.87 373.99 266.76 464.02 256.25 480.95 111.35 390.91
0053 0.5074411630630493 911.33 856.03 942.06 844.86 998.14 999.30 967.40 1010.46
0053 0.22695143520832062 249.53 717.42 276.55 718.02 273.19 870.54 246.17 869.95
0053 0.20484615862369537 9.12 511.10 35.49 499.11 91.16 621.63 64.78 633.62
0053 0.08652225136756897 609.32 692.97 634.78 685.26 675.55 819.93 650.09 827.64
0058 0.052894335240125656 811.78 112.52 833.45 102.80 885.20 218.20 863.52 227.91
0026 0.6698002815246582 468.83 611.99 491.98 605.01 531.49 736.05 508.33 743.03
0026 0.6234807372093201 755.82 621.08 776.91 634.28 694.90 765.42 673.81 752.23
0026 0.45612820982933044 512.78 615.57 541.19 606.90 578.33 728.58 549.92 737.25
0026 0.41037335991859436 692.17 640.46 710.39 624.50 799.15 725.82 780.94 741.78
0026 0.2007877081632614 296.10 507.31 314.37 493.89 389.85 596.66 371.58 610.08
0162 0.8152864575386047 871.80 516.95 920.53 494.06 981.85 624.61 933.12 647.50
0162 0.5225794315338135 877.12 735.26 906.93 716.64 974.60 825.01 944.79 843.62
0162 0.4392912983894348 785.82 901.46 903.75 989.12 886.11 1012.85 768.18 925.19
0162 0.35940834879875183 706.01 614.11 874.06 678.33 853.13 733.10 685.08 668.88
0054 0.7623350024223328 815.57 780.41 838.65 770.68 899.82 915.79 876.74 925.52
0054 0.6674907803535461 527.84 857.46 555.89 852.99 579.05 998.50 550.99 1002.97
0054 0.4221421182155609 710.96 794.41 739.73 785.50 790.81 950.54 762.04 959.44
0054 0.30318817496299744 575.26 795.58 599.15 794.55 608.35 1006.47 584.47 1007.51
0054 0.1985902190208435 787.19 777.37 822.87 772.32 848.97 956.55 813.29 961.60
0054 0.17964361608028412 598.94 800.59 627.53 799.64 634.54 1008.87 605.95 1009.83
0054 0.08493322134017944 816.90 794.76 832.60 806.73 721.43 952.61 705.72 940.64
0054 0.058413926512002945 397.22 278.64 425.68 275.89 441.07 435.44 412.62 438.18
0059 0.7802625894546509 909.30 457.21 933.38 447.94 997.25 613.93 973.17 623.19
0059 0.49512454867362976 22.40 99.09 49.61 93.27 78.21 227.01 51.01 232.83
0059 0.2716759443283081 945.36 415.35 966.11 409.08 1030.65 622.55 1009.90 628.82
0059 0.13431549072265625 240.00 326.09 269.65 321.35 291.35 457.00 261.70 461.75
0059 0.0958411768078804 896.89 481.65 1089.01 551.43 1081.02 573.44 888.90 503.66
0059 0.0886700451374054 606.12 298.30 627.48 289.97 679.64 423.69 658.28 432.02
0059 0.06269694119691849 1043.22 411.65 1061.40 424.15 923.51 624.78 905.33 612.29
0158 0.2317681461572647 905.33 275.35 934.62 249.63 1029.40 357.60 1000.12 383.31
0060 0.7053688764572144 434.40 373.35 456.89 368.26 494.11 532.75 471.62 537.84
0060 0.532211422920227 145.39 401.96 172.68 396.01 220.78 616.56 193.48 622.52
0060 0.3800967037677765 121.07 435.67 146.16 431.38 177.92 617.08 152.83 621.37
0060 0.3702605366706848 515.78 377.95 533.73 394.45 406.42 532.98 388.47 516.49
0060 0.15839487314224243 178.65 416.60 200.98 412.01 243.16 617.15 220.83 621.74
0060 0.13212233781814575 79.98 482.56 259.15 545.94 248.90 574.91 69.73 511.53
0060 0.06874185055494308 394.40 392.30 410.74 385.36 477.37 542.14 461.03 549.09
0055 0.5430310368537903 415.08 787.84 439.07 776.70 503.04 914.52 479.05 925.65
0055 0.38365381956100464 184.80 795.58 209.35 790.74 250.48 999.18 225.93 1004.03
0055 0.3574669063091278 320.96 794.13 340.83 790.99 366.59 953.80 346.72 956.94
0055 0.32489579916000366 114.71 861.64 139.70 853.36 186.44 994.35 161.45 1002.64
0055 0.17417150735855103 182.77 798.39 205.87 799.69 194.53 1002.15 171.43 1000.86
0055 0.1182171180844307 489.69 783.10 509.45 801.10 382.31 940.66 362.56 922.66
0055 0.08247105032205582 323.34 906.07 467.35 779.12 488.18 802.75 344.17 929.70
0088 0.33793577551841736 943.65 804.73 1050.93 909.83 1033.31 927.81 926.03 822.71
0088 0.07019584625959396 415.07 720.02 435.75 720.54 433.29 819.26 412.62 818.74
0061 0.16227391362190247 7.63 10.59 49.67 -5.48 98.72 122.84 56.67 138.91
0061 0.08003636449575424 847.12 288.39 981.51 311.68 977.81 333.00 843.42 309.71
0056 0.4802170395851135 23.86 382.31 46.20 374.15 102.79 528.97 80.45 537.14
0056 0.18860210478305817 -4.04 403.04 19.92 392.20 80.71 526.57 56.75 537.41
0056 0.15970256924629211 98.12 370.02 114.76 378.01 38.29 537.06 21.66 529.07
0154 0.2549710273742676 859.34 402.19 987.80 450.71 977.86 477.02 849.40 428.50
0154 0.1726686656475067 671.76 379.63 801.51 400.19 796.76 430.15 667.01 409.58
0067 0.4554136395454407 870.96 67.72 895.27 63.47 925.00 233.40 900.69 237.65
0067 0.08157215267419815 896.62 420.12 914.47 420.92 909.56 530.76 891.71 529.96
0067 0.061124756932258606 879.35 58.71 902.19 51.64 955.40 223.61 932.56 230.67
0063 0.45475292205810547 889.76 866.00 917.90 864.04 929.18 1025.87 901.04 1027.83
0082 0.6746151447296143 255.80 175.88 279.37 168.90 321.07 309.79 297.49 316.76
0117 0.1768416315317154 806.59 10.93 948.22 31.58 943.71 62.49 802.09 41.83
0122 0.8974791765213013 308.80 600.84 334.52 588.05 405.80 731.46 380.08 744.24
0122 0.2697162628173828 306.95 600.78 324.22 596.22 364.12 747.58 346.85 752.13
0122 0.15364611148834229 137.87 607.22 164.59 608.54 157.78 746.37 131.06 745.05
0122 0.05132981389760971 337.11 601.42 354.78 591.96 429.58 731.64 411.91 741.10
0068 0.09441490471363068 556.62 457.44 656.53 520.20 642.91 541.87 543.00 479.11
0073 0.7946048378944397 14.26 186.59 43.34 164.06 140.81 289.84 111.73 312.38
0073 0.559402585029602 145.45 315.14 172.13 292.67 262.40 399.82 235.73 422.29
0073 0.2808796763420105 11.78 489.58 131.39 523.03 120.60 561.62 0.99 528.17
0073 0.10127688199281693 0.18 222.24 27.51 201.55 108.76 308.92 81.43 329.60
0064 0.6579872965812683 519.89 53.00 545.23 46.05 590.84 212.30 565.51 219.25
0064 0.5322760343551636 78.53 862.66 104.56 859.07 128.36 1031.90 102.34 1035.49
0064 0.20132476091384888 719.37 7.32 740.34 1.50 779.67 143.20 758.70 149.02
0064 0.12419062107801437 583.18 5.04 607.08 -2.55 658.23 158.61 634.33 166.19
0064 0.09279565513134003 537.83 23.11 567.89 10.29 656.67 218.42 626.61 231.24
0064 0.07206617295742035 20.64 559.72 47.40 553.59 76.92 682.52 50.16 688.65
0064 0.06702104955911636 65.10 863.26 80.86 861.28 100.14 1015.13 84.38 1017.11
0083 0.10290513187646866 518.90 79.73 638.90 107.67 632.93 133.32 512.92 105.38
0083 0.09385384619235992 96.22 367.96 121.78 365.08 133.14 465.86 107.59 468.74
0051 0.13426721096038818 632.27 -16.06 775.21 36.18 766.57 59.80 623.64 7.55
0065 0.3990846574306488 886.89 467.77 913.87 465.77 925.60 624.14 898.62 626.14
0124 0.3685823082923889 556.05 547.18 694.78 584.18 687.63 611.00 548.90 573.99
0124 0.3140771985054016 351.11 521.29 505.86 514.55 507.14 544.02 352.40 550.76
0080 0.0660490021109581 704.53 507.37 855.02 465.04 865.66 502.85 715.16 545.18
0066 0.24777255952358246 502.10 469.68 532.30 470.02 530.18 657.11 499.98 656.77
0085 0.15035484731197357 47.62 685.14 76.59 685.95 72.32 837.70 43.35 836.88
0125 0.3999002277851105 555.57 147.52 699.08 180.92 693.25 205.95 549.75 172.55
0125 0.22300714254379272 358.50 116.73 512.09 133.65 509.17 160.15 355.58 143.22
0139 0.06592992693185806 470.99 214.82 486.91 229.87 409.35 311.89 393.43 296.84
0086 0.24084904789924622 470.92 286.61 495.41 294.86 446.91 438.76 422.43 430.50
0121 0.24073526263237 165.32 440.61 301.20 466.14 296.57 490.77 160.69 465.24
0143 0.17788365483283997 147.04 335.81 166.15 341.54 132.35 454.10 113.24 448.36
0177 0.15748322010040283 857.02 485.99 884.93 481.26 906.97 611.35 879.06 616.08
0163 0.3343203067779541 226.83 632.92 252.06 613.60 344.11 733.82 318.88 753.14
0163 0.29316768050193787 86.26 524.11 217.98 564.13 197.67 630.95 65.96 590.93
0163 0.11572539806365967 77.55 741.39 110.25 724.02 157.51 812.98 124.81 830.35
0163 0.06728906184434891 28.38 910.21 59.81 906.97 70.67 1012.29 39.24 1015.54
0148 0.505221426486969 960.42 614.61 988.55 608.92 1021.37 771.35 993.24 777.03
0148 0.09755666553974152 90.74 550.74 111.85 551.31 108.96 659.16 87.84 658.59
0148 0.05691862851381302 929.73 682.10 1060.92 665.69 1063.72 688.11 932.53 704.52
0114 0.06512260437011719 820.00 807.40 940.37 845.79 932.74 869.70 812.38 831.32
0114 0.052981339395046234 624.56 757.55 768.28 813.44 759.61 835.73 615.89 779.83
0164 0.9180222153663635 871.10 101.40 998.81 221.81 976.03 245.97 848.32 125.56
0164 0.5440235733985901 887.89 328.50 915.98 316.01 964.87 426.00 936.77 438.49
0164 0.17197154462337494 796.29 503.20 825.39 490.82 879.40 617.75 850.30 630.13
0165 0.3272898197174072 390.15 110.01 415.53 94.21 485.86 207.20 460.48 223.00
0017 0.630226731300354 605.56 17.25 723.05 132.64 700.01 156.11 582.51 40.71
0017 0.2706662714481354 742.48 594.52 868.81 686.80 850.50 711.88 724.17 619.60
0017 0.21094952523708344 40.30 405.45 143.85 504.65 126.51 522.76 22.96 423.56
0017 0.11264985799789429 559.70 66.67 602.64 40.74 662.20 139.39 619.26 165.31
0116 0.09083081036806107 418.83 408.98 539.82 433.38 533.88 462.82 412.89 438.42
0116 0.05510513111948967 223.36 347.13 358.45 423.83 344.93 447.64 209.84 370.95
0107 0.9136912226676941 855.91 728.08 879.00 717.29 938.33 844.25 915.24 855.04
0107 0.7583699226379395 901.18 716.74 922.32 710.99 958.24 843.11 937.10 848.86
0107 0.3349974453449249 918.11 727.17 938.30 716.58 1002.12 838.27 981.93 848.86
0107 0.2877599596977234 709.91 721.16 737.91 720.79 740.37 909.46 712.37 909.83
0107 0.2188800871372223 670.00 736.79 702.12 732.43 726.60 912.76 694.48 917.12
0107 0.1447535902261734 848.82 814.19 975.52 732.00 989.10 752.93 862.40 835.12
0108 0.12422672659158707 714.58 235.97 730.62 228.50 779.86 334.20 763.82 341.67
