0192 0.6193737387657166 655.59 748.36 677.36 768.11 591.07 863.25 569.30 843.51
0182 0.9582020044326782 690.47 867.96 755.27 852.72 759.46 870.54 694.66 885.77
0182 0.19973284006118774 960.25 63.30 1047.70 115.04 1035.98 134.85 948.52 83.11
0187 0.9611073136329651 690.24 78.06 748.13 43.94 758.44 61.44 700.56 95.57
0197 0.6717178225517273 761.83 246.47 786.25 239.80 807.66 318.23 783.23 324.90
0097 0.09670202434062958 790.38 398.52 863.25 446.02 848.23 469.07 775.35 421.58
0097 0.09291256964206696 542.20 103.69 572.77 79.34 614.14 131.26 583.57 155.61
0097 0.06279594451189041 785.29 21.78 998.97 84.07 987.22 124.39 773.54 62.10
0193 0.2846730649471283 856.88 43.86 883.59 56.27 833.09 165.03 806.37 152.62
0019 0.3296515643596649 1020.62 765.74 1041.99 782.13 961.96 886.47 940.59 870.08
0045 0.11138421297073364 478.49 178.80 540.46 195.29 536.84 208.87 474.87 192.38
0006 0.1523328721523285 130.71 29.85 160.58 13.47 223.84 128.84 193.97 145.22
0183 0.32850182056427 810.64 -7.17 882.37 23.91 872.42 46.88 800.69 15.80
0183 0.2074631005525589 435.20 478.43 578.79 618.90 543.58 654.89 399.99 514.42
0183 0.1871628761291504 298.40 161.61 471.25 163.49 470.89 196.51 298.04 194.63
0183 0.06980856508016586 317.37 159.11 594.22 315.72 562.60 371.63 285.75 215.02
0001 0.9659965634346008 93.30 61.12 153.30 18.87 167.17 38.56 107.17 80.80
0001 0.056547611951828 934.35 211.94 1068.56 157.96 1078.61 182.95 944.39 236.92
0098 0.8017252087593079 710.51 907.41 732.74 912.03 716.30 991.29 694.06 986.67
0094 0.3694674074649811 265.44 904.87 290.39 898.89 310.25 981.71 285.31 987.69
0194 0.9562557339668274 46.88 791.04 125.45 796.60 124.05 816.47 45.47 810.90
0189 0.10972458124160767 644.13 246.33 833.95 425.41 793.51 468.28 603.69 289.20
0184 0.8879181146621704 659.70 579.85 686.12 588.79 653.61 684.83 627.20 675.89
0002 0.18468578159809113 432.41 769.37 500.51 807.68 485.56 834.25 417.46 795.95
0002 0.07948686182498932 605.98 576.49 737.71 667.26 703.01 717.63 571.27 626.87
0199 0.7566144466400146 794.75 749.97 858.85 745.07 860.37 764.96 796.27 769.86
0195 0.7395583987236023 822.62 500.27 849.89 493.84 868.25 571.72 840.98 578.15
0180 0.17989501357078552 699.15 955.02 876.78 956.31 876.50 994.54 698.87 993.26
0180 0.05198504403233528 922.04 856.16 947.39 854.54 954.02 958.43 928.67 960.05
0190 0.0737500861287117 63.95 830.13 90.51 847.85 14.46 961.85 -12.10 944.14
0185 0.1691640466451645 808.26 95.52 847.92 65.79 985.88 249.76 946.22 279.50
0095 0.5127385258674622 862.14 766.16 1018.82 850.49 999.99 885.47 843.31 801.15
0181 0.3194158375263214 724.77 550.32 940.74 681.97 904.02 742.21 688.05 610.56
0181 0.08634430170059204 500.97 746.68 590.12 708.64 597.60 726.17 508.45 764.21
0200 0.0645505040884018 567.81 612.80 590.38 624.18 535.17 733.61 512.60 722.22
0186 0.12746214866638184 996.47 669.84 1024.11 688.54 939.69 813.36 912.05 794.67
0042 0.05453198030591011 457.61 774.69 569.23 776.22 568.96 795.82 457.34 794.30
0015 0.12370132654905319 28.33 811.78 141.43 892.26 124.41 916.18 11.31 835.70
0015 0.06619918346405029 680.95 738.65 751.78 776.92 739.40 799.83 668.57 761.56
0010 0.23255141079425812 729.82 605.84 904.83 773.57 863.74 816.44 688.73 648.71
0010 0.1127195730805397 445.86 67.46 546.80 11.61 559.55 34.66 458.61 90.51
0023 0.07956735044717789 1002.47 -40.25 1024.45 -31.99 977.36 93.34 955.39 85.08
0038 0.07760869711637497 86.01 588.56 137.56 585.59 138.49 601.77 86.94 604.74
0004 0.8426108360290527 981.75 541.06 1007.38 549.56 973.92 650.52 948.28 642.02
0155 0.9192756414413452 61.61 629.31 389.92 623.97 390.78 677.16 62.48 682.50
0160 0.15816234052181244 701.23 -6.76 792.01 1.00 790.50 18.65 699.72 10.90
0089 0.14542201161384583 30.97 467.67 55.90 456.10 97.03 544.77 72.10 556.33
0057 0.0666736289858818 637.36 720.87 773.10 768.15 762.67 798.09 626.93 750.81
0057 0.06455448269844055 447.20 694.20 575.90 703.13 574.27 726.70 445.56 717.77
0161 0.4478422701358795 451.63 393.83 642.06 521.64 614.19 563.17 423.75 435.36
0161 0.059359803795814514 377.44 494.53 411.08 468.75 529.02 622.68 495.38 648.46
0012 0.7263825535774231 824.21 941.83 846.75 960.30 774.21 1048.82 751.67 1030.35
0053 0.8746090531349182 367.79 943.06 608.84 880.37 620.33 924.55 379.28 987.24
0053 0.87358158826828 333.62 385.08 580.71 363.12 585.01 411.44 337.91 433.40
0026 0.17508640885353088 9.47 738.59 133.76 690.09 143.21 714.31 18.92 762.81
0026 0.05183614790439606 134.81 547.18 152.79 539.07 194.50 631.54 176.52 639.65
0091 0.23409728705883026 367.28 472.13 407.55 463.16 462.90 711.74 422.64 720.70
0020 0.11118732392787933 808.89 -3.01 950.19 85.65 931.47 115.49 790.17 26.83
0054 0.426923930644989 7.23 390.05 174.31 353.30 183.26 394.02 16.19 430.77
0054 0.07208859175443649 884.91 407.39 935.07 393.06 940.38 411.64 890.21 425.97
0059 0.9213129878044128 380.96 584.82 590.70 444.96 616.06 482.99 406.32 622.85
0059 0.7685482501983643 343.23 867.60 381.69 844.00 483.54 1009.95 445.09 1033.55
0059 0.2687113881111145 764.69 229.65 826.04 180.26 839.60 197.10 778.24 246.49
0048 0.3258087933063507 731.09 798.14 976.86 752.49 985.42 798.57 739.65 844.22
0027 0.41056573390960693 695.19 304.45 942.78 324.31 939.73 362.38 692.14 342.52
0021 0.9394891262054443 565.04 869.67 617.14 849.13 623.54 865.37 571.44 885.91
0092 0.069536492228508 232.78 601.73 360.64 551.38 369.56 574.02 241.70 624.38
0055 0.06332926452159882 485.48 399.96 541.21 398.95 541.57 418.77 485.84 419.78
0159 0.2592850625514984 839.37 823.66 1060.97 906.18 1042.14 956.75 820.54 874.23
0056 0.06742522120475769 36.54 389.10 60.83 392.71 36.30 558.05 12.00 554.44
0049 0.7361376285552979 333.52 781.40 586.28 764.37 589.40 810.76 336.65 827.79
0093 0.3638384938240051 34.91 140.33 255.95 121.02 258.89 154.76 37.86 174.08
0072 0.42530685663223267 270.55 590.40 284.99 596.78 249.04 678.11 234.61 671.73
0063 0.9405418634414673 715.25 478.71 749.22 446.87 938.38 648.71 904.40 680.55
0063 0.720234215259552 768.21 139.71 1018.98 79.46 1029.87 124.82 779.11 185.06
0050 0.21436475217342377 481.11 791.89 543.70 803.11 539.93 824.13 477.34 812.91
0117 0.11654819548130035 21.02 852.73 70.13 840.29 73.62 854.06 24.51 866.51
0122 0.058030109852552414 277.75 608.89 310.77 605.67 330.11 804.06 297.09 807.28
0068 0.31746405363082886 549.99 466.77 570.54 447.97 647.99 532.64 627.44 551.43
0127 0.12234535068273544 339.05 422.33 497.48 384.73 508.88 432.76 350.44 470.35
0132 0.13909384608268738 373.12 238.13 450.08 243.28 449.15 257.28 372.19 252.13
0078 0.9199503660202026 665.53 126.17 762.67 100.76 767.82 120.42 670.67 145.83
0073 0.24075379967689514 426.93 100.23 596.65 188.39 569.66 240.34 399.94 152.18
0064 0.9388172626495361 -5.03 134.36 224.78 76.85 236.85 125.11 7.05 182.62
0064 0.5533857345581055 2.06 570.51 33.82 548.24 108.98 655.43 77.22 677.70
0083 0.060797128826379776 99.04 372.69 125.70 371.01 131.63 465.18 104.96 466.86
0051 0.1032647043466568 638.40 -6.90 763.16 35.53 755.49 58.09 630.73 15.65
0069 0.86839759349823 420.84 400.06 475.30 428.80 465.96 446.50 411.50 417.76
0069 0.10290553420782089 104.59 466.71 140.91 451.17 181.17 545.30 144.86 560.84
0069 0.052398424595594406 31.95 565.12 71.23 570.83 52.42 700.07 13.15 694.35
0123 0.10900943726301193 682.41 356.14 859.41 253.72 886.24 300.09 709.24 402.51
0123 0.051061101257801056 -11.48 -12.75 25.93 -42.38 154.03 119.36 116.63 148.98
0133 0.596824586391449 638.27 219.22 726.38 291.69 707.81 314.27 619.70 241.80
0079 0.8723447322845459 525.46 66.60 604.43 90.01 597.73 112.60 518.77 89.19
0065 0.8741255402565002 735.04 47.28 773.11 26.20 909.60 272.67 871.52 293.76
0137 0.9096614122390747 562.37 543.50 584.50 542.55 588.22 629.17 566.08 630.12
0137 0.907813310623169 311.31 604.64 340.88 598.80 356.40 677.42 326.83 683.26
0070 0.9855124354362488 290.50 871.15 354.97 851.12 360.25 868.12 295.78 888.14
0070 0.5136508941650391 565.68 52.08 647.73 119.80 629.55 141.83 547.51 74.11
0134 0.636937141418457 503.32 672.14 528.07 654.59 589.92 741.78 565.18 759.34
0124 0.08328557759523392 170.05 858.94 272.76 850.58 274.57 872.80 171.86 881.16
0124 0.054504990577697754 -53.25 72.11 138.14 -22.61 158.71 18.97 -32.67 113.68
0119 0.8383869528770447 660.33 804.49 816.93 740.32 826.80 764.41 670.20 828.58
0066 0.8304709792137146 323.29 71.89 361.49 41.31 529.83 251.54 491.63 282.12
0085 0.06839519739151001 51.80 698.36 84.17 702.51 66.03 844.36 33.65 840.21
0135 0.7242639064788818 98.58 272.22 122.52 254.42 185.67 339.32 161.73 357.12
0135 0.38408493995666504 664.54 18.17 695.94 -9.37 792.36 100.56 760.96 128.10
0135 0.2247229665517807 3.41 683.01 22.97 670.37 88.52 771.80 68.96 784.44
0125 0.09013567864894867 195.20 883.68 240.99 870.76 287.08 1034.05 241.29 1046.97
0071 0.7691470980644226 424.25 -4.50 476.96 36.79 463.60 53.84 410.90 12.54
0071 0.09588637202978134 25.83 185.18 184.04 301.59 136.99 365.52 -21.21 249.11
0120 0.9402630925178528 343.48 353.50 472.70 322.28 479.44 350.18 350.23 381.41
0130 0.928145706653595 790.79 276.48 825.01 256.57 923.29 425.50 889.06 445.41
0142 0.8093082904815674 460.43 863.84 657.47 820.84 663.49 848.43 466.45 891.43
0142 0.05104649066925049 445.03 423.80 661.52 342.66 672.70 372.50 456.21 453.64
0139 0.377481609582901 468.11 212.61 489.50 229.86 418.12 318.37 396.73 301.12
0136 0.8541150093078613 810.86 283.73 837.69 269.74 891.98 373.87 865.15 387.86
0126 0.3126404285430908 632.75 2.91 687.64 11.99 646.38 261.37 591.49 252.29
0086 0.10479924827814102 455.22 293.33 483.86 297.79 460.89 445.42 432.25 440.96
0131 0.9446249008178711 780.56 637.42 842.78 643.58 841.24 659.18 779.02 653.03
0046 0.14640246331691742 627.70 392.94 769.15 428.47 762.30 455.76 620.84 420.23
0147 0.5369311571121216 552.54 659.97 807.72 645.59 810.10 687.84 554.92 702.23
0143 0.06918180733919144 945.85 567.74 1041.97 637.37 1023.98 662.21 927.86 592.58
0172 0.07708952575922012 144.35 843.42 188.55 802.35 197.73 812.23 153.53 853.30
0167 0.668154239654541 339.84 216.07 381.73 220.41 359.97 430.57 318.08 426.24
0177 0.28026729822158813 600.01 666.70 621.88 648.96 703.13 749.12 681.26 766.86
0163 0.18067120015621185 9.82 925.17 32.86 911.03 86.83 998.97 63.80 1013.11
0163 0.15286658704280853 350.50 155.97 628.98 16.95 673.78 106.68 395.30 245.71
0109 0.2535286843776703 59.81 857.06 148.29 842.39 151.09 859.25 62.60 873.93
0109 0.10348078608512878 159.54 562.47 286.65 603.28 277.56 631.58 150.46 590.76
0148 0.8195161819458008 182.96 751.61 379.74 654.80 400.28 696.54 203.50 793.35
0148 0.3397165536880493 144.77 297.02 384.48 219.83 396.69 257.75 156.98 334.94
0114 0.0738615021109581 618.29 757.82 760.87 803.77 751.27 833.56 608.69 787.61
0173 0.09168951213359833 456.43 793.94 482.54 809.04 391.15 967.09 365.04 951.99
0144 0.4361931383609772 58.95 47.58 261.94 6.56 270.79 50.34 67.80 91.37
0164 0.252598375082016 794.87 504.28 891.14 587.06 871.41 610.01 775.14 527.23
0103 0.6873852610588074 799.18 108.70 829.55 111.81 819.12 213.58 788.75 210.47
0174 0.7342721223831177 136.12 539.42 159.74 538.31 164.25 634.34 140.62 635.45
0174 0.7247892618179321 686.21 389.36 702.14 387.94 709.29 467.89 693.36 469.32
0145 0.07606594264507294 560.56 56.87 625.50 27.03 631.78 40.68 566.84 70.52
0169 0.6645040512084961 953.30 138.63 977.95 142.91 963.33 227.00 938.68 222.72
0115 0.17102564871311188 536.13 523.80 567.77 501.79 662.92 638.55 631.28 660.57
0165 0.11697947233915329 381.33 114.62 405.44 94.65 490.98 197.95 466.87 217.92
0017 0.060431838035583496 38.39 409.56 140.92 498.14 124.69 516.93 22.16 428.35
0110 0.20376411080360413 61.66 465.60 141.46 436.10 146.60 450.01 66.80 479.51
0170 0.45546892285346985 214.34 793.22 229.73 806.89 184.83 857.45 169.44 843.78
0116 0.17536447942256927 208.70 361.71 359.16 398.28 352.03 427.59 201.57 391.01
0116 0.052250832319259644 426.58 401.94 537.37 439.71 526.61 471.28 415.82 433.51
0107 0.18828964233398438 52.75 860.65 295.79 735.06 317.76 777.57 74.71 903.15
0022 0.09330064803361893 589.53 411.47 780.17 512.88 749.47 570.60 558.83 469.20
0176 0.6723434925079346 791.30 351.84 856.71 338.96 860.81 359.77 795.39 372.65
0105 0.21268774569034576 175.84 873.23 195.63 873.22 195.67 950.22 175.87 950.23
0014 0.2752113938331604 629.16 178.44 649.39 174.75 665.46 262.94 645.23 266.63
0108 0.22262288630008698 454.90 422.97 733.27 378.67 739.67 418.84 461.29 463.14
0029 0.827003538608551 829.89 946.26 1021.34 889.53 1032.27 926.41 840.82 983.15
0029 0.23667873442173004 795.13 502.01 1009.15 405.56 1028.85 449.29 814.84 545.73
0016 0.9322941303253174 827.20 147.35 847.47 166.89 761.27 256.30 741.00 236.76
0112 0.05554813891649246 827.91 479.31 974.09 496.60 971.15 521.52 824.96 504.23
0030 0.9279347658157349 795.82 75.08 994.01 42.54 1001.07 85.59 802.89 118.12
0030 0.7582370042800903 827.39 552.58 1031.73 479.84 1045.26 517.84 840.92 590.58
