0001 0.05063800513744354 667.46 793.93 779.46 868.25 765.02 890.01 653.02 815.69
0190 0.05610591545701027 54.58 797.77 83.38 804.51 43.91 973.16 15.11 966.42
0028 0.14410404860973358 531.04 520.11 664.32 511.60 665.79 534.63 532.51 543.14
0053 0.07851260155439377 247.18 714.59 275.32 714.64 275.04 873.14 246.91 873.09
0053 0.06710438430309296 995.35 793.21 1019.52 800.37 956.90 1011.97 932.73 1004.82
0026 0.05986029654741287 470.07 613.22 492.89 606.52 531.97 739.69 509.14 746.39
0054 0.12299288064241409 552.70 801.76 576.02 795.44 629.61 993.36 606.29 999.68
0054 0.07060421258211136 806.91 764.43 833.31 765.42 825.98 960.95 799.58 959.96
0054 0.052089180797338486 397.23 274.28 423.91 268.62 460.68 442.00 434.00 447.65
0059 0.08169431239366531 968.16 415.47 989.77 413.61 1007.76 622.69 986.15 624.55
0059 0.07888631522655487 240.72 331.54 267.38 325.05 299.95 458.94 273.29 465.42
0059 0.06383004039525986 945.08 452.67 965.25 451.22 977.40 620.19 957.22 621.64
0092 0.07698789238929749 227.02 581.17 376.28 567.43 378.22 588.48 228.96 602.22
0060 0.08440425246953964 160.86 393.76 189.31 391.72 205.57 619.07 177.12 621.10
0055 0.10701899975538254 177.77 797.43 201.52 797.63 199.86 995.41 176.11 995.21
0055 0.1036127507686615 191.94 791.95 219.80 788.93 240.96 984.20 213.09 987.22
0055 0.050478942692279816 323.21 797.53 342.04 794.76 365.10 951.33 346.27 954.11
0056 0.06999368220567703 1.98 389.80 28.51 376.56 106.46 532.69 79.93 545.93
0154 0.061560820788145065 859.22 398.44 983.70 453.92 972.93 478.10 848.45 422.62
0067 0.09976153820753098 868.61 66.09 893.76 61.05 925.38 218.76 900.23 223.81
0063 0.09569783508777618 856.18 875.19 883.44 863.37 953.46 1024.92 926.20 1036.73
0082 0.05124637112021446 246.24 171.38 268.43 163.65 320.94 314.51 298.75 322.24
0117 0.05084548145532608 800.18 34.46 939.66 12.34 944.12 40.49 804.65 62.61
0122 0.08375462889671326 237.79 621.23 261.87 604.13 373.87 761.89 349.78 778.99
0122 0.060706187039613724 296.06 611.42 311.27 603.98 380.12 744.76 364.91 752.20
0064 0.1052396148443222 587.04 -4.15 613.26 -2.43 598.14 227.51 571.92 225.79
0064 0.1035887748003006 106.60 855.66 133.62 860.22 103.88 1036.41 76.87 1031.86
0064 0.10235286504030228 518.91 51.65 543.64 44.24 594.32 213.50 569.59 220.90
0064 0.050747670233249664 590.74 11.51 614.18 5.82 649.59 151.73 626.16 157.42
0065 0.14692208170890808 878.83 471.68 903.32 467.58 930.16 628.06 905.67 632.15
0124 0.13727566599845886 541.74 551.71 691.67 572.60 688.07 598.43 538.14 577.54
0124 0.08232056349515915 344.23 506.83 500.21 523.97 496.70 555.88 340.72 538.74
0066 0.07704527676105499 485.05 468.55 503.24 467.84 509.90 636.73 491.71 637.44
0125 0.16767355799674988 543.46 143.51 700.22 175.23 693.52 208.33 536.77 176.62
0125 0.05563393980264664 355.57 116.20 503.84 134.81 500.72 159.69 352.45 141.07
0121 0.15657950937747955 159.52 453.31 297.47 453.83 297.39 476.74 159.43 476.21
0107 0.08198182284832001 695.46 713.99 723.31 713.05 729.97 911.70 702.13 912.64
