Team: 1000000
301.13 187.82 334.4 171.86 414.19 338.16 380.91 354.12 S2
121.25 546.58 144.83 531.8 202.13 623.21 178.55 637.99 S3
523.33 605.78 546.89 600.25 579.39 738.51 555.84 744.05 S5
476.7 617.56 502.7 613.66 521.65 739.97 495.66 743.87 S5
725.47 612.81 746.64 605.24 793.22 735.51 772.05 743.08 S5
497.97 608.11 522.02 601.83 556.86 735.41 532.81 741.68 S5
707.46 617.1 731.81 609.65 773.62 746.3 749.27 753.75 S5
296.52 522.23 319.52 504.54 385.01 589.65 362.02 607.34 S7
706.76 618.53 735.1 617.64 739.89 770.87 711.54 771.76 S7
