Team: 1000000
969.42 804.88 1003.94 812.7 968.06 971.23 933.53 963.41 S2
336.89 413.41 587.29 322.59 604.75 370.73 354.35 461.55 S4
377.98 952.72 618.64 869.99 633.69 913.78 393.03 996.51 S4
235.79 721.53 262.85 716.37 291.04 864.15 263.98 869.31 S5
910.5 863.61 934.44 854.21 987.76 990.04 963.82 999.44 S5
25.32 513.3 54.49 506.9 82.6 635.06 53.43 641.46 S5
935.85 812.19 962.91 798.34 1046.75 962.12 1019.69 975.97 S5
927.98 851.25 955.27 840.5 1009.22 977.41 981.94 988.16 S5
595.82 698.61 621.29 686.69 677.57 806.88 652.09 818.81 S7
