Team: 1000000
346.83 871.15 383.34 846.33 499.31 1016.93 462.8 1041.75 S2
950.16 423.12 980.7 425.17 968.67 604.09 938.13 602.04 S2
379.15 546.73 626.07 473.08 639.83 519.22 392.91 592.87 S4
331.27 8.96 529.25 -44.41 542.11 3.27 344.13 56.64 S4
908.99 466.59 931.57 457.18 991.93 601.94 969.35 611.36 S5
241.02 320.34 268.5 317.47 284.77 473.47 257.29 476.34 S5
22.28 105.85 50.32 98.7 84.59 233.18 56.55 240.32 S5
945.38 449.89 968.97 442.39 1021.28 606.84 997.69 614.35 S5
947.53 414.12 974.83 405.89 1026.72 577.93 999.42 586.17 S7
