Team: 1000000
652.08 722.34 679.55 717.41 712.94 903.67 685.47 908.59 S3
63.87 839.87 341.97 754.77 356.06 800.8 77.96 885.9 S4
851.98 730.95 871.15 721.59 934.73 851.69 915.56 861.06 S5
920.02 709.51 941.52 701.69 991.94 840.45 970.43 848.26 S5
703.45 722.76 724.56 716.03 767.9 852.01 746.78 858.74 S5
877.24 719.87 897.38 712.69 945.37 847.2 925.23 854.38 S5
898.9 706.83 921.14 699.92 965.79 843.65 943.55 850.56 S5
673.03 726.75 694.61 719.3 748.42 875.06 726.84 882.52 S5
488.49 605.88 515.16 591.92 567.49 691.88 540.83 705.84 S7
