Team: 1000000
391.8 41.8 629.84 237.11 580.8 296.88 342.76 101.57 S1
413.62 12.78 715.37 167.08 678.57 239.03 376.82 84.73 S1
1.43 695.59 196.06 791.9 173.98 836.52 -20.65 740.21 S2
479.46 620.81 609.09 714.18 589.8 740.96 460.18 647.59 S2
459.21 -31.21 647.23 156.73 612.0 191.96 423.99 4.02 S2
9.95 934.46 35.46 915.94 99.05 1003.53 73.53 1022.05 S4
247.2 621.52 353.54 708.55 338.96 726.37 232.62 639.34 S5
216.55 625.8 368.36 741.83 351.85 763.44 200.03 647.41 S5
80.48 523.81 202.02 626.31 180.9 651.36 59.36 548.86 S5
82.41 730.0 175.04 796.56 154.76 824.77 62.14 758.21 S7
