Team: 1000000
326.02 122.01 596.72 336.59 545.75 400.9 275.05 186.31 S1
323.55 773.38 447.85 894.27 423.6 919.2 299.3 798.31 S2
403.14 495.04 438.35 464.16 600.29 648.84 565.08 679.72 S2
163.85 740.65 234.36 808.67 220.85 822.67 150.34 754.66 S3
18.5 622.7 113.52 706.95 96.44 726.21 1.42 641.96 S3
101.78 365.2 198.64 341.79 203.74 362.88 106.87 386.29 S3
89.09 328.77 204.68 320.15 206.57 345.55 90.98 354.16 S3
827.98 -4.9 878.8 39.63 863.43 57.17 812.61 12.64 S4
39.8 575.68 153.34 688.48 136.25 705.69 22.71 592.89 S5
31.78 886.07 122.19 955.43 105.74 976.88 15.33 907.52 S7
161.55 707.27 256.02 777.31 243.04 794.81 148.57 724.77 S7
