Team: 1000000
815.27 98.95 847.13 71.1 1006.78 253.78 974.92 281.62 S2
718.21 384.81 857.45 507.21 837.67 529.73 698.42 407.33 S2
311.03 582.87 414.77 669.11 396.64 690.93 292.89 604.69 S3
340.96 797.24 458.71 892.52 440.27 915.31 322.51 820.04 S3
459.99 510.28 517.36 555.33 505.43 570.52 448.06 525.46 S4
434.67 171.92 547.33 280.48 531.27 297.14 418.61 188.58 S5
373.08 198.83 391.44 182.56 515.37 322.42 497.01 338.69 S5
379.63 182.75 402.58 160.41 541.54 303.18 518.59 325.51 S5
554.51 333.94 649.11 415.77 632.99 434.4 538.4 352.57 S5
564.19 316.45 662.87 392.26 647.73 411.96 549.05 336.15 S5
