0044 0.21423600614070892 909.27 578.02 931.97 567.39 987.65 686.30 964.95 696.93
0044 0.1336456537246704 765.04 85.10 785.75 68.27 883.57 188.64 862.85 205.48
0044 0.12255381792783737 13.93 294.86 38.84 281.25 87.62 370.49 62.71 384.11
0044 0.08916182816028595 946.55 563.46 969.56 558.03 998.06 678.80 975.05 684.24
0044 0.08096787333488464 766.44 112.85 793.81 101.34 840.57 212.58 813.20 224.09
0044 0.059830788522958755 965.35 544.84 989.05 540.16 1015.05 671.88 991.36 676.55
0018 0.09996004402637482 838.34 47.63 859.99 64.45 776.30 172.21 754.64 155.39
0097 0.2203938066959381 507.12 429.77 636.39 519.32 621.98 540.12 492.71 450.57
0097 0.20309317111968994 364.52 325.28 494.19 409.71 481.43 429.32 351.75 344.88
0097 0.14489169418811798 384.20 301.62 541.35 389.82 526.18 416.86 369.02 328.66
0097 0.11247386783361435 197.67 424.77 297.15 465.49 288.38 486.93 188.90 446.21
0097 0.11091040074825287 546.33 417.31 653.30 514.51 637.55 531.84 530.58 434.65
0097 0.08638940751552582 870.31 -30.04 1012.60 34.83 999.51 63.52 857.23 -1.35
0097 0.06364396214485168 562.49 415.29 668.41 496.03 655.17 513.39 549.26 432.65
0097 0.059078045189380646 220.52 395.74 383.02 465.10 370.01 495.59 207.51 426.23
0045 0.2873035669326782 418.03 504.29 441.38 495.00 490.80 619.17 467.44 628.47
0045 0.20411700010299683 312.25 520.41 335.78 514.11 373.08 653.41 349.54 659.71
0045 0.1807984858751297 347.72 520.26 369.68 515.41 400.19 653.35 378.23 658.20
0045 0.13650262355804443 385.05 492.50 410.25 483.62 463.40 634.37 438.20 643.26
0045 0.11791861057281494 373.73 501.51 394.79 496.25 430.85 640.68 409.79 645.94
0006 0.1430923044681549 123.13 16.43 149.44 -1.81 236.06 123.09 209.75 141.34
0006 0.05707190930843353 90.05 48.58 112.10 32.35 203.44 156.39 181.39 172.62
0183 0.31562817096710205 154.19 741.69 240.70 809.71 229.60 823.83 143.09 755.81
0183 0.31175389885902405 18.50 622.70 113.52 706.95 96.44 726.21 1.42 641.96
0183 0.26340967416763306 37.43 572.79 146.71 673.90 129.44 692.57 20.16 591.46
0183 0.2291799634695053 31.78 886.07 122.19 955.43 105.74 976.88 15.33 907.52
0183 0.19234168529510498 161.55 707.27 256.02 777.31 243.04 794.81 148.57 724.77
0183 0.12733094394207 17.40 610.16 137.11 681.44 124.54 702.56 4.83 631.27
0183 0.07635448127985 94.09 348.03 200.54 352.17 199.67 374.73 93.21 370.59
0183 0.07331147789955139 89.62 327.72 193.21 318.38 195.49 343.66 91.89 353.00
0001 0.32414862513542175 659.38 795.20 774.07 877.06 761.73 894.35 647.05 812.49
0001 0.21222098171710968 671.22 778.56 789.48 865.69 775.71 884.39 657.45 797.25
0001 0.05635333061218262 648.84 803.21 744.97 896.72 726.00 916.22 629.87 822.72
0001 0.051654133945703506 697.32 756.25 798.18 848.25 779.69 868.51 678.84 776.51
0188 0.39388662576675415 736.88 1.85 862.13 91.20 843.22 117.72 717.96 28.36
0040 0.14904016256332397 769.83 489.19 791.08 469.93 886.58 575.35 865.33 594.60
0040 0.10107196122407913 588.01 841.44 611.40 825.01 675.86 916.79 652.47 933.22
0040 0.052718568593263626 763.94 507.25 794.23 490.82 858.43 609.14 828.15 625.58
0094 0.22060631215572357 783.32 463.49 807.19 477.56 739.99 591.53 716.11 577.45
0094 0.07779833674430847 274.03 886.55 295.60 883.81 308.76 987.48 287.19 990.22
0002 0.059929098933935165 416.99 786.49 438.39 767.73 495.76 833.18 474.35 851.94
0099 0.25131991505622864 106.28 30.68 242.91 116.70 229.03 138.75 92.40 52.73
0099 0.13653217256069183 150.24 15.03 268.41 89.83 255.11 110.84 136.94 36.04
0007 0.20090502500534058 -20.79 870.61 82.11 949.24 64.54 972.24 -38.36 893.60
0185 0.37622347474098206 340.96 797.24 458.71 892.52 440.27 915.31 322.51 820.04
0185 0.2820241153240204 308.38 576.16 407.90 671.69 389.51 690.85 289.98 595.32
0185 0.22381144762039185 434.67 171.92 547.33 280.48 531.27 297.14 418.61 188.58
0185 0.20295390486717224 554.51 333.94 649.11 415.77 632.99 434.40 538.40 352.57
0185 0.15117113292217255 379.65 183.48 524.21 316.44 502.07 340.51 357.51 207.55
0185 0.1436869353055954 564.19 316.45 662.87 392.26 647.73 411.96 549.05 336.15
0185 0.09759850800037384 379.63 182.75 402.58 160.41 541.54 303.18 518.59 325.51
0095 0.05606013536453247 860.68 746.47 1041.45 876.01 1018.54 907.98 837.77 778.45
0041 0.12113767862319946 416.88 913.09 440.02 899.20 501.02 1000.77 477.87 1014.67
0181 0.06872589141130447 508.18 767.81 603.80 742.08 609.47 763.13 513.85 788.86
0200 0.06074591726064682 545.49 613.23 568.46 615.78 556.79 720.59 533.82 718.03
0196 0.06860257685184479 777.71 232.57 874.97 286.10 859.52 314.18 762.26 260.64
0037 0.07547435164451599 770.01 878.26 798.61 860.86 883.11 999.77 854.52 1017.16
0042 0.23771651089191437 452.09 762.39 578.59 788.64 574.14 810.07 447.64 783.82
0096 0.198887899518013 111.94 828.12 241.49 914.81 227.25 936.09 97.70 849.41
0096 0.17851218581199646 178.85 823.69 268.28 896.00 256.13 911.04 166.69 838.73
0096 0.07709245383739471 -31.25 738.17 90.35 805.32 78.85 826.14 -42.74 758.99
0096 0.06204995512962341 -15.94 699.66 126.36 796.76 112.41 817.20 -29.88 720.09
0015 0.27364665269851685 597.18 440.37 615.63 423.52 721.84 539.72 703.40 556.58
0015 0.2584260404109955 773.75 328.71 893.43 439.74 876.83 457.63 757.16 346.60
0015 0.23880787193775177 558.61 464.90 576.94 448.07 655.83 533.99 637.51 550.81
0015 0.11790291965007782 37.59 817.77 135.53 885.32 118.82 909.54 20.89 841.99
0015 0.10643447935581207 687.86 726.34 756.21 774.41 736.96 801.79 668.61 753.72
0015 0.08713454008102417 837.48 640.09 913.24 713.92 887.22 740.61 811.46 666.78
0015 0.058897871524095535 565.35 442.97 584.62 423.97 688.06 528.90 668.80 547.89
0009 0.19770002365112305 29.16 491.92 89.29 545.28 70.99 565.90 10.86 512.53
0010 0.05018795281648636 26.74 131.48 88.95 181.41 75.19 198.56 12.97 148.63
0038 0.07132939249277115 22.98 916.69 51.38 903.01 97.16 998.04 68.76 1011.72
0028 0.4187280237674713 377.32 464.47 521.70 515.57 513.93 537.54 369.55 486.45
0028 0.23875458538532257 514.03 514.06 691.70 522.06 690.60 546.51 512.93 538.52
0028 0.058199360966682434 413.70 439.34 592.21 507.38 580.70 537.59 402.19 469.55
0036 0.09737792611122131 484.03 130.34 602.01 37.96 621.79 63.22 503.81 155.60
0024 0.21503111720085144 688.79 528.51 710.24 512.41 778.53 603.43 757.08 619.52
0024 0.11083066463470459 778.46 636.40 793.93 622.41 857.99 693.18 842.53 707.18
0160 0.16405047476291656 861.57 919.76 979.78 1005.45 965.39 1025.30 847.18 939.61
0160 0.086652971804142 881.61 910.42 1032.43 968.72 1022.10 995.45 871.27 937.15
0089 0.4581596553325653 639.18 549.24 659.58 535.06 747.75 661.95 727.34 676.13
0089 0.3110412061214447 95.08 628.05 123.02 625.05 136.15 747.28 108.21 750.28
0089 0.3106890320777893 32.27 464.51 55.05 454.90 104.69 572.64 81.92 582.25
0089 0.30069103837013245 535.35 428.46 553.57 412.50 637.06 507.84 618.84 523.80
0089 0.10685531049966812 0.85 331.78 32.37 326.28 48.31 417.78 16.79 423.27
0089 0.06289884448051453 507.05 793.54 528.87 773.45 623.95 876.70 602.13 896.79
0151 0.06885231286287308 359.76 928.70 383.15 917.53 441.24 1039.16 417.86 1050.33
0151 0.06826857477426529 428.22 917.28 454.89 906.77 498.52 1017.49 471.85 1028.00
0057 0.23841026425361633 438.85 685.86 589.33 712.82 585.47 734.34 434.99 707.38
0057 0.16131839156150818 628.41 729.08 789.56 770.36 782.96 796.16 621.80 754.89
0057 0.14716306328773499 598.09 181.33 620.63 164.36 663.52 221.33 640.98 238.30
0032 0.22861944139003754 790.18 214.66 812.31 225.60 741.12 369.58 719.00 358.65
0032 0.12114755809307098 776.67 202.88 796.26 214.08 721.18 345.47 701.59 334.27
0032 0.07074986398220062 753.32 196.00 774.07 206.87 705.72 337.27 684.98 326.40
0052 0.09733732044696808 814.22 509.93 842.49 499.11 892.19 628.95 863.92 639.77
0161 0.2383151650428772 77.25 919.76 182.87 1023.01 165.01 1041.28 59.39 938.02
0161 0.1477375477552414 105.45 912.02 223.59 990.26 208.27 1013.40 90.13 935.16
0090 0.49759724736213684 244.44 148.77 264.75 135.82 340.58 254.72 320.28 267.67
0090 0.40681561827659607 131.72 26.18 149.69 10.34 235.11 107.26 217.14 123.10
0090 0.2312069535255432 111.22 385.90 133.95 368.42 238.12 503.89 215.38 521.37
0090 0.172829732298851 171.00 365.71 190.81 356.07 242.64 462.66 222.83 472.29
0152 0.24327893555164337 440.68 520.06 465.14 513.66 497.60 637.66 473.14 644.07
0152 0.07108139991760254 618.79 505.87 645.14 496.93 692.69 637.00 666.33 645.95
0033 0.17509198188781738 757.19 34.68 772.91 19.00 884.54 130.86 868.82 146.54
0033 0.07558935880661011 299.03 13.78 323.04 8.76 350.74 141.18 326.73 146.20
0053 0.28401580452919006 235.79 721.53 262.85 716.37 291.04 864.15 263.98 869.31
0053 0.13141341507434845 910.50 863.61 934.44 854.21 987.76 990.04 963.82 999.44
0053 0.11438295245170593 595.82 698.61 621.29 686.69 677.57 806.88 652.09 818.81
0053 0.10025162994861603 944.25 806.14 972.06 796.10 1035.98 973.13 1008.17 983.18
0053 0.0915033221244812 763.78 618.10 838.03 571.33 856.73 601.01 782.48 647.78
0053 0.08113161474466324 19.66 517.45 41.05 510.06 81.68 627.59 60.30 634.98
0053 0.07864554226398468 927.98 851.25 955.27 840.50 1009.22 977.41 981.94 988.16
0058 0.12196845561265945 810.75 121.00 836.13 109.61 889.64 228.81 864.25 240.20
0026 0.3865616023540497 484.29 618.46 509.55 616.76 518.19 745.08 492.93 746.78
0026 0.21148738265037537 717.03 616.70 740.15 606.69 792.62 727.90 769.50 737.91
0026 0.17694829404354095 296.52 522.23 319.52 504.54 385.01 589.65 362.02 607.34
0026 0.15937939286231995 515.86 607.44 538.57 600.01 583.49 737.40 560.78 744.82
0026 0.1377619504928589 495.67 610.93 520.95 605.64 548.77 738.49 523.50 743.79
0026 0.10724803805351257 706.76 618.53 735.10 617.64 739.89 770.87 711.54 771.76
0026 0.0910518690943718 121.25 546.58 144.83 531.80 202.13 623.21 178.55 637.99
0026 0.07457094639539719 11.06 729.69 137.74 683.23 150.14 717.03 23.46 763.49
0162 0.30687379837036133 790.69 913.91 905.14 986.71 890.71 1009.40 776.26 936.61
0162 0.20212335884571075 884.02 724.30 979.09 814.87 962.13 832.67 867.06 742.10
0162 0.13826224207878113 727.39 585.47 878.68 702.10 862.27 723.39 710.98 606.76
0162 0.10781578719615936 868.29 511.03 1003.64 627.43 983.59 650.75 848.24 534.35
0162 0.06911473721265793 688.68 634.40 848.13 728.83 835.40 750.32 675.95 655.89
0162 0.06125428527593613 906.02 496.78 1025.76 598.40 1009.87 617.13 890.13 515.51
0157 0.12386626750230789 717.28 737.11 754.71 734.91 760.73 837.35 723.30 839.55
0054 0.26421743631362915 515.26 864.97 536.93 857.04 589.38 1000.36 567.71 1008.29
0054 0.2230188250541687 603.95 819.26 630.93 817.84 640.54 999.61 613.56 1001.03
0054 0.21515235304832458 693.46 816.96 713.54 803.36 803.23 935.80 783.15 949.40
0054 0.20540490746498108 785.19 772.57 811.65 765.40 858.48 938.28 832.02 945.45
0054 0.2041747123003006 810.37 770.83 836.07 763.30 883.84 926.27 858.14 933.81
0054 0.1770464926958084 709.91 812.47 728.87 797.79 830.82 929.50 811.86 944.17
0054 0.17550453543663025 771.10 790.30 791.53 784.37 832.87 926.83 812.44 932.76
0054 0.17172925174236298 559.71 840.98 584.36 836.55 614.21 1002.87 589.56 1007.30
0054 0.12414056807756424 360.45 608.01 446.66 581.67 456.56 614.07 370.34 640.41
0054 0.0902506485581398 397.09 284.73 422.41 275.52 473.96 417.17 448.64 426.39
0059 0.24046003818511963 235.50 324.22 264.75 318.19 295.43 467.20 266.18 473.22
0059 0.21956373751163483 910.72 469.66 932.66 459.74 997.71 603.60 975.77 613.52
0059 0.14584805071353912 947.53 414.12 974.83 405.89 1026.72 577.93 999.42 586.17
0059 0.11641639471054077 937.86 453.49 960.81 446.08 1009.39 596.36 986.45 603.78
0059 0.08014529198408127 26.31 101.96 52.16 96.34 82.06 233.72 56.20 239.34
0059 0.061427827924489975 763.59 209.43 830.13 180.58 841.72 207.31 775.18 236.16
0059 0.05704406276345253 573.20 291.43 599.80 275.01 679.57 404.22 652.97 420.64
0034 0.05636712536215782 80.28 129.37 201.67 49.45 220.38 77.88 98.99 157.80
0158 0.0811258926987648 926.19 281.66 1019.51 336.33 1004.65 361.71 911.32 307.04
0027 0.12131345272064209 603.30 229.66 703.63 290.52 683.13 324.32 582.80 263.46
0027 0.09870140254497528 921.98 152.28 948.53 137.51 1000.16 230.29 973.61 245.07
0060 0.3072490394115448 423.03 377.59 450.97 367.32 505.45 515.64 477.51 525.90
0060 0.16482692956924438 198.32 413.00 226.99 411.41 235.07 557.73 206.41 559.32
0060 0.15186931192874908 152.82 400.04 180.32 395.74 209.03 579.20 181.53 583.50
0060 0.11715395003557205 125.71 457.96 149.54 454.15 172.64 598.94 148.81 602.74
0060 0.05333520472049713 412.09 387.62 440.66 381.74 469.79 523.39 441.22 529.26
0055 0.267966628074646 424.64 775.03 450.58 768.77 488.22 924.67 462.28 930.94
0055 0.253866970539093 212.48 805.14 238.98 806.10 231.91 1001.12 205.42 1000.16
0055 0.20693892240524292 113.51 865.19 135.82 857.75 180.79 992.56 158.48 1000.00
0055 0.20589596033096313 166.58 820.66 193.84 817.09 218.33 1004.16 191.08 1007.73
0055 0.19408908486366272 380.07 779.42 405.51 768.81 473.59 932.00 448.15 942.61
0055 0.17918042838573456 132.69 846.64 158.56 839.17 204.11 996.76 178.24 1004.23
0055 0.13825039565563202 292.91 790.07 318.51 781.18 371.14 932.87 345.55 941.75
0055 0.12882094085216522 373.76 805.98 397.44 799.03 436.65 932.67 412.97 939.62
0055 0.10020312666893005 322.55 801.93 346.96 790.65 412.47 932.40 388.05 943.68
0055 0.05665041133761406 423.96 769.50 445.69 754.12 526.24 867.87 504.52 883.25
0035 0.07756265997886658 882.02 129.50 1001.38 44.97 1020.12 71.42 900.76 155.96
0159 0.05923213064670563 844.65 780.09 1045.22 943.02 1019.90 974.19 819.33 811.26
0088 0.3547891080379486 946.13 816.26 1039.10 899.59 1022.36 918.27 929.39 834.95
0088 0.06969108432531357 401.58 729.19 433.42 723.02 450.51 811.26 418.67 817.42
0062 0.20014089345932007 233.16 323.70 392.00 374.51 382.47 404.31 223.63 353.50
0061 0.28516146540641785 842.54 276.97 974.73 322.50 967.77 342.70 835.58 297.17
0056 0.29487088322639465 27.59 376.80 54.40 369.51 97.14 526.65 70.33 533.94
0056 0.08843092620372772 18.22 388.62 46.54 386.04 60.26 536.59 31.94 539.18
0154 0.2783617675304413 850.46 430.73 1010.79 449.31 1008.66 467.69 848.33 449.11
0154 0.23609982430934906 854.92 416.06 1008.51 427.50 1006.98 448.05 853.39 436.61
0154 0.15068671107292175 600.70 648.37 684.79 632.37 688.58 652.29 604.49 668.29
0154 0.12908244132995605 666.87 383.50 805.17 413.16 800.17 436.48 661.87 406.82
0154 0.08582356572151184 863.28 406.83 1013.87 400.10 1014.82 421.27 864.23 428.00
0154 0.06040618568658829 868.04 453.07 1004.85 464.71 1003.29 483.01 866.48 471.37
0154 0.05871722847223282 465.21 687.90 561.78 654.83 568.57 674.66 472.00 707.73
0067 0.23397807776927948 876.31 63.73 908.22 58.68 934.80 226.78 902.90 231.82
0049 0.08131010085344315 785.85 678.52 811.88 664.36 885.80 800.25 859.77 814.41
0049 0.06650904566049576 11.17 907.90 44.95 895.36 86.46 1007.22 52.67 1019.76
0093 0.13799689710140228 30.77 141.41 269.00 114.26 272.53 145.18 34.29 172.33
0077 0.1238761842250824 119.16 664.47 211.17 637.17 221.76 672.85 129.75 700.16
0077 0.07368249446153641 679.95 28.29 708.57 36.63 667.47 177.75 638.84 169.41
0077 0.058439645916223526 654.33 31.70 684.40 42.56 639.05 168.17 608.98 157.32
0063 0.1427842229604721 862.06 865.94 891.02 855.27 947.08 1007.33 918.13 1018.00
0082 0.17026734352111816 239.11 170.29 261.64 159.83 328.38 303.47 305.85 313.94
0117 0.21628007292747498 608.70 -9.44 742.30 2.26 740.42 23.67 606.82 11.97
0117 0.11020977050065994 803.47 16.44 994.91 36.63 991.34 70.51 799.90 50.32
0122 0.12146594375371933 98.72 599.75 123.21 589.40 189.76 746.71 165.28 757.07
0122 0.10811281204223633 330.64 603.12 351.39 595.39 404.91 739.07 384.16 746.80
0122 0.07319211214780807 317.94 589.91 341.66 585.37 375.26 760.94 351.54 765.48
0122 0.05320613458752632 280.08 591.51 332.47 590.10 338.60 819.05 286.21 820.46
0073 0.34747815132141113 18.47 478.83 124.99 554.40 110.32 575.08 3.81 499.50
0073 0.30875182151794434 11.96 221.77 119.76 307.85 103.39 328.35 -4.42 242.28
0073 0.2696719467639923 31.14 172.33 144.50 264.19 131.98 279.65 18.61 187.79
0073 0.2284015566110611 163.98 304.34 250.87 387.49 231.72 407.50 144.83 324.35
0073 0.13172903656959534 27.06 187.84 144.82 302.56 126.33 321.55 8.57 206.82
0073 0.0905056744813919 145.60 330.66 253.59 409.19 238.96 429.31 130.97 350.78
0064 0.2393934726715088 514.99 61.54 537.57 53.63 590.99 206.02 568.41 213.94
0064 0.22721625864505768 804.90 -15.82 828.29 -28.61 904.98 111.65 881.59 124.44
0064 0.22128413617610931 601.33 15.26 631.22 14.96 633.09 197.50 603.19 197.81
0064 0.18988314270973206 68.54 853.23 99.05 846.60 136.43 1018.64 105.92 1025.27
0064 0.1579432338476181 800.41 -9.78 825.61 -16.07 862.03 130.04 836.83 136.32
0064 0.08933565020561218 771.64 -0.98 794.02 -7.49 835.32 134.46 812.95 140.98
0064 0.08730734884738922 584.67 29.19 610.47 30.66 600.09 212.64 574.29 211.17
0064 0.05902895703911781 729.74 -0.68 757.88 -9.51 808.46 151.63 780.32 160.46
0083 0.2614993155002594 515.97 84.45 640.28 117.97 634.13 140.78 509.82 107.25
0083 0.1132873073220253 516.88 73.43 634.83 90.31 631.69 112.28 513.74 95.40
0051 0.10663772374391556 625.09 -7.94 837.74 23.97 832.07 61.82 619.41 29.91
0069 0.05138665810227394 241.33 5.97 278.84 11.05 264.76 115.09 227.25 110.01
0123 0.16000986099243164 648.96 57.11 675.54 44.14 724.17 143.84 697.60 156.80
0123 0.10117381811141968 649.06 666.09 683.03 647.00 784.56 827.76 750.58 846.85
0065 0.1244555413722992 872.23 463.34 903.63 457.44 934.98 624.27 903.58 630.17
0084 0.0568484291434288 922.56 592.51 950.94 592.55 950.80 701.01 922.42 700.97
0134 0.07487418502569199 501.92 669.81 522.97 654.87 584.14 741.05 563.08 755.99
0124 0.23098871111869812 552.93 554.45 704.76 584.28 700.41 606.41 548.58 576.59
0124 0.17217616736888885 348.45 510.60 513.95 545.25 508.88 569.48 343.38 534.83
0124 0.07186859846115112 577.57 537.39 686.53 566.51 681.10 586.84 572.14 557.72
0080 0.19102847576141357 697.29 518.71 856.32 463.24 866.38 492.10 707.35 547.56
0119 0.052472274750471115 653.70 811.43 817.18 730.28 830.99 758.09 667.51 839.25
0066 0.06594754755496979 476.38 463.07 512.40 458.20 538.01 647.57 501.99 652.44
0085 0.304692804813385 36.68 678.23 75.34 676.75 81.59 839.35 42.92 840.83
0135 0.09336461126804352 684.58 -5.38 799.97 95.84 773.02 126.56 657.63 25.33
0125 0.306214839220047 551.62 150.00 700.48 186.53 696.22 203.90 547.36 167.37
0125 0.27908584475517273 361.25 114.48 513.83 146.25 509.04 169.27 356.45 137.51
0142 0.17565077543258667 341.34 663.53 372.41 658.77 391.72 784.96 360.66 789.71
0142 0.08251134306192398 461.96 872.42 645.82 799.09 659.59 833.63 475.73 906.95
0142 0.06638521701097488 866.62 638.18 889.08 615.98 967.90 695.71 945.44 717.90
0139 0.2060307115316391 465.43 206.81 486.57 221.27 422.99 314.20 401.86 299.74
0086 0.35990121960639954 438.20 263.63 470.25 261.37 481.99 428.13 449.94 430.38
0086 0.11023163795471191 37.07 635.01 119.15 633.17 119.73 658.73 37.64 660.57
0046 0.18977680802345276 614.87 400.25 779.11 427.39 774.89 452.93 610.65 425.79
0121 0.17718477547168732 163.14 437.92 307.16 469.65 301.78 494.08 157.76 462.34
0121 0.09357188642024994 -38.85 404.35 123.88 437.86 119.01 461.51 -43.72 428.01
0143 0.26171931624412537 121.79 328.02 147.16 323.70 167.49 443.11 142.11 447.43
0143 0.1110510528087616 925.23 604.62 1045.18 633.25 1040.56 652.60 920.61 623.97
0140 0.07589951157569885 848.29 808.60 1024.39 763.70 1033.42 799.12 857.32 844.02
0177 0.1778964400291443 569.15 682.44 592.25 670.44 661.49 803.67 638.40 815.67
0177 0.16688701510429382 610.98 665.10 633.80 649.87 705.38 757.13 682.56 772.36
0177 0.12118445336818695 596.93 674.35 622.45 663.56 676.30 791.00 650.78 801.79
0102 0.0568818598985672 729.63 570.21 796.32 616.40 781.33 638.04 714.64 591.85
0163 0.13479170203208923 82.41 730.00 175.04 796.56 154.76 824.77 62.14 758.21
0163 0.13473506271839142 247.20 621.52 353.54 708.55 338.96 726.37 232.62 639.34
0163 0.13057541847229004 218.19 652.02 330.03 722.48 318.42 740.91 206.58 670.46
0163 0.09127004444599152 63.65 539.64 84.91 519.56 197.57 638.88 176.31 658.96
0163 0.06483568251132965 20.59 922.66 97.89 985.38 77.94 1009.98 0.63 947.25
0163 0.058489441871643066 479.46 620.81 609.09 714.18 589.80 740.96 460.18 647.59
0109 0.18114353716373444 152.54 567.91 304.14 605.91 297.15 633.79 145.55 595.79
0109 0.10744749009609222 57.26 850.64 150.42 842.65 152.15 862.76 58.99 870.76
0148 0.07767529785633087 947.14 625.30 976.10 616.00 1024.43 766.45 995.47 775.75
0148 0.05104977637529373 174.82 763.70 400.24 658.23 418.60 697.47 193.18 802.94
0114 0.24085158109664917 605.18 769.47 774.02 803.00 769.18 827.37 600.34 793.84
0114 0.16292662918567657 813.04 809.87 995.87 839.88 991.28 867.81 808.46 837.80
0144 0.06827667355537415 62.16 65.05 245.08 9.53 255.57 44.10 72.65 99.62
0168 0.15145675837993622 419.50 708.95 445.51 685.80 506.87 754.75 480.87 777.89
0178 0.06097325682640076 701.02 743.56 723.08 760.92 674.24 822.96 652.18 805.59
0164 0.4464837312698364 876.74 347.38 895.59 329.40 970.75 408.24 951.90 426.21
0164 0.13614755868911743 776.67 519.32 795.79 501.42 885.56 597.27 866.45 615.17
0164 0.08907449245452881 888.87 105.62 1038.42 179.75 1026.37 204.08 876.81 129.95
0164 0.07537528872489929 857.06 108.53 1026.43 219.30 1007.55 248.17 838.18 137.41
0164 0.05094561353325844 951.18 815.78 1014.34 872.08 992.18 896.94 929.02 840.64
0165 0.29397040605545044 391.54 110.73 497.08 192.94 481.09 213.46 375.55 131.26
0165 0.11603513360023499 539.95 417.39 607.02 468.21 588.92 492.10 521.85 441.28
0165 0.06678681820631027 396.79 824.47 429.79 844.85 342.01 987.01 309.01 966.63
0017 0.35440120100975037 750.61 600.59 864.81 694.50 846.24 717.08 732.04 623.17
0017 0.3236857056617737 40.64 425.73 145.79 485.05 131.66 510.09 26.52 450.76
0017 0.2965060770511627 566.46 70.11 579.26 57.34 656.10 134.36 643.30 147.13
0017 0.16871358454227448 601.05 34.08 621.10 18.72 713.64 139.53 693.59 154.89
0017 0.13907364010810852 581.43 42.84 602.72 29.33 676.12 144.99 654.83 158.50
0017 0.0944288820028305 801.09 -38.17 902.80 32.31 885.01 57.98 783.30 -12.50
0110 0.07055100053548813 349.49 228.56 454.65 236.05 453.00 259.22 347.84 251.73
0170 0.08245149254798889 30.07 280.95 107.87 352.20 86.02 376.06 8.22 304.81
0116 0.3210197687149048 401.87 411.35 552.28 450.63 546.98 470.91 396.57 431.63
0116 0.2440125197172165 216.16 370.22 367.87 404.52 362.41 428.69 210.70 394.39
0116 0.07587290555238724 426.72 396.55 555.47 430.87 549.73 452.40 420.98 418.08
0116 0.0687355026602745 188.27 328.97 258.48 297.88 270.53 325.09 200.32 356.18
0107 0.25907784700393677 652.45 726.24 677.70 720.16 721.43 901.84 696.17 907.92
0107 0.200269415974617 850.64 728.87 868.37 719.31 940.50 853.12 922.78 862.67
0107 0.15340320765972137 709.02 715.76 730.94 711.14 761.95 858.52 740.02 863.14
0107 0.12182114273309708 488.49 605.88 515.16 591.92 567.49 691.88 540.83 705.84
0107 0.10048753768205643 673.03 726.75 694.61 719.30 748.42 875.06 726.84 882.52
0107 0.09473759680986404 922.55 712.66 944.32 704.95 992.04 839.82 970.26 847.52
0107 0.0709867998957634 867.83 728.81 884.92 719.16 958.97 850.29 941.89 859.94
0107 0.052716732025146484 884.33 720.00 901.46 710.26 976.94 842.99 959.81 852.73
0108 0.1469704657793045 706.15 245.48 727.02 235.37 772.44 329.10 751.57 339.21
0108 0.1134657934308052 883.55 216.82 903.71 199.47 992.17 302.29 972.01 319.64
0029 0.05909942090511322 788.20 494.31 1013.67 415.34 1029.03 459.18 803.55 538.15
