0192 0.054301876574754715 653.36 744.43 677.30 765.43 590.27 864.60 566.34 843.60
0013 0.10979176312685013 158.12 696.28 211.20 654.64 379.25 868.86 326.17 910.50
0097 0.6133008599281311 220.52 395.74 383.02 465.10 370.01 495.59 207.51 426.23
0097 0.2463395893573761 384.20 301.62 541.35 389.82 526.18 416.86 369.02 328.66
0097 0.07733511924743652 759.18 -63.08 1053.52 65.87 1018.98 144.72 724.63 15.77
0097 0.07089541107416153 492.55 439.67 665.02 489.14 657.56 515.16 485.09 465.69
0006 0.33692467212677 606.21 840.33 764.94 739.22 785.42 771.38 626.70 872.49
0006 0.22152121365070343 118.15 18.53 151.72 -1.25 247.64 161.54 214.07 181.32
0006 0.0796513631939888 455.75 850.09 703.10 837.82 705.35 883.28 458.00 895.56
0183 0.5734249353408813 323.55 773.38 447.85 894.27 423.60 919.20 299.30 798.31
0183 0.5330666899681091 403.14 495.04 438.35 464.16 600.29 648.84 565.08 679.72
0183 0.1628347933292389 13.59 593.56 39.51 575.25 135.11 710.55 109.19 728.87
0183 0.10675269365310669 -15.16 602.50 130.80 720.60 108.86 747.71 -37.10 629.61
0183 0.0937802717089653 326.02 122.01 596.72 336.59 545.75 400.90 275.05 186.31
0001 0.6104042530059814 508.72 641.60 544.32 608.27 695.45 769.67 659.85 803.00
0188 0.13625898957252502 732.73 6.27 757.60 -14.79 859.63 105.70 834.76 126.76
0179 0.10195370018482208 123.20 781.93 339.10 877.59 320.82 918.86 104.91 823.20
0189 0.1303420066833496 630.06 277.27 669.68 243.52 820.30 420.34 780.68 454.09
0180 0.32726621627807617 693.18 972.95 876.71 961.50 879.14 1000.35 695.60 1011.79
0180 0.10974147915840149 106.80 357.90 326.67 468.35 304.02 513.44 84.15 402.99
0190 0.13415931165218353 51.91 748.19 107.14 767.58 37.27 966.55 -17.96 947.15
0185 0.49361297488212585 815.27 98.95 847.13 71.10 1006.78 253.78 974.92 281.62
0185 0.3842012286186218 373.08 198.83 391.44 182.56 515.37 322.42 497.01 338.69
0185 0.35540294647216797 718.21 384.81 857.45 507.21 837.67 529.73 698.42 407.33
0185 0.12086260318756104 286.75 586.85 310.87 565.16 416.00 682.07 391.87 703.76
0185 0.10650066286325455 330.90 809.68 354.26 788.41 459.98 904.51 436.62 925.78
0185 0.0768938884139061 379.63 182.75 402.58 160.41 541.54 303.18 518.59 325.51
0095 0.16439026594161987 867.90 743.94 1039.06 878.90 1014.22 910.40 843.07 775.44
0095 0.10201484709978104 798.90 720.03 1019.61 934.48 963.64 992.09 742.92 777.64
0181 0.21802149713039398 727.60 540.62 946.28 710.51 909.00 758.48 690.33 588.60
0186 0.13697634637355804 987.96 624.24 1028.75 639.19 961.02 824.04 920.23 809.09
0042 0.08392557501792908 457.48 769.54 573.89 782.57 571.63 802.76 455.22 789.74
0096 0.6446971297264099 300.83 878.38 432.10 969.11 414.23 994.98 282.96 904.24
0096 0.18164005875587463 -77.63 708.58 131.13 780.85 117.34 820.69 -91.42 748.42
0096 0.11751765012741089 264.23 907.28 468.64 1029.63 447.52 1064.91 243.11 942.57
0096 0.07983147352933884 115.88 822.71 269.85 886.21 259.08 912.33 105.10 848.83
0015 0.21924085915088654 24.94 792.41 146.95 908.76 117.49 939.66 -4.52 823.31
0015 0.07596265524625778 587.00 432.86 724.30 540.56 704.64 565.62 567.34 457.92
0010 0.2058706283569336 728.78 606.79 951.75 804.26 915.02 845.73 692.05 648.26
0010 0.05142981559038162 661.31 658.63 920.00 894.68 864.92 955.04 606.23 719.00
0024 0.23633244633674622 788.74 625.19 816.71 600.57 939.95 740.64 911.98 765.26
0024 0.12316372245550156 123.60 -11.48 183.81 -60.15 395.97 202.37 335.76 251.03
0024 0.06414967775344849 701.80 517.53 785.57 597.29 769.83 613.83 686.06 534.06
0155 0.08987779915332794 64.54 634.63 396.17 601.22 402.97 668.74 71.34 702.16
0160 0.19652552902698517 869.12 905.23 896.37 879.31 1042.34 1032.76 1015.09 1058.68
0160 0.11425348371267319 844.84 909.16 1025.20 1041.61 1001.36 1074.08 821.00 941.62
0151 0.11405288428068161 207.01 489.89 248.03 471.17 325.63 641.21 284.62 659.93
0151 0.0532010942697525 571.58 918.86 615.10 898.18 712.46 1103.14 668.95 1123.81
0057 0.3661428391933441 415.22 165.79 458.03 160.11 480.18 327.19 437.37 332.86
0057 0.18213976919651031 641.33 722.05 822.28 782.77 812.63 811.52 631.68 750.79
0057 0.08080017566680908 437.36 685.56 579.61 715.37 575.65 734.28 433.39 704.47
0052 0.054777346551418304 814.22 509.93 842.49 499.11 892.19 628.95 863.92 639.77
0025 0.07266278564929962 670.60 716.92 900.61 611.55 921.36 656.85 691.36 762.22
0161 0.2811420261859894 59.93 934.47 85.52 911.85 211.67 1054.54 186.09 1077.16
0161 0.1972706913948059 429.79 411.66 469.48 375.96 666.69 595.20 627.01 630.90
0161 0.06606458872556686 84.60 901.02 113.51 876.99 244.55 1034.58 215.64 1058.62
0090 0.07443850487470627 98.76 382.68 121.50 363.00 244.04 504.59 221.30 524.27
0152 0.4094458222389221 587.00 500.89 634.32 490.20 677.56 681.52 630.25 692.22
0053 0.31881770491600037 969.42 804.88 1003.94 812.70 968.06 971.23 933.53 963.41
0053 0.14735104143619537 373.27 947.66 627.66 868.37 642.22 915.07 387.82 994.36
0053 0.14485181868076324 348.86 414.14 585.60 321.09 604.81 369.96 368.07 463.01
0053 0.06172429397702217 835.00 891.26 871.74 857.57 1055.11 1057.54 1018.37 1091.23
0053 0.05114263296127319 29.60 521.17 55.72 514.66 84.39 629.59 58.27 636.10
0026 0.47743508219718933 301.13 187.82 334.40 171.86 414.19 338.16 380.91 354.12
0162 0.362809956073761 868.29 511.03 1003.64 627.43 983.59 650.75 848.24 534.35
0162 0.17245203256607056 684.80 613.60 881.97 713.66 865.78 745.57 668.60 645.51
0162 0.11432720720767975 882.69 477.19 915.00 455.37 1029.08 624.32 996.77 646.14
0162 0.08673841506242752 28.43 911.78 246.23 1012.54 220.05 1069.13 2.25 968.37
0162 0.06988850980997086 859.72 718.72 1020.77 831.57 999.87 861.38 838.83 748.53
0162 0.06953643262386322 766.94 913.16 791.66 891.05 911.92 1025.51 887.21 1047.62
0162 0.0661943331360817 727.39 585.47 878.68 702.10 862.27 723.39 710.98 606.76
0091 0.09640472382307053 366.74 517.02 415.33 502.62 475.21 704.69 426.62 719.09
0020 0.1764145940542221 148.22 789.83 212.19 742.63 381.62 972.26 317.66 1019.46
0020 0.16380997002124786 210.29 498.88 252.46 508.46 209.89 695.78 167.72 686.20
0020 0.11220763623714447 732.76 -64.41 968.37 74.36 937.36 127.02 701.75 -11.76
0054 0.21414801478385925 587.90 812.26 619.43 811.15 625.86 993.54 594.32 994.65
0054 0.18756304681301117 570.17 811.49 600.92 814.54 583.89 985.81 553.14 982.75
0054 0.08606693148612976 807.52 770.02 832.31 764.09 876.63 949.45 851.85 955.38
0054 0.07465555518865585 526.02 829.66 557.83 828.15 567.25 1027.11 535.44 1028.62
0054 0.05341791734099388 749.16 784.85 774.90 781.33 798.05 950.53 772.31 954.05
0054 0.05069459229707718 773.38 772.27 798.15 765.84 843.22 939.39 818.45 945.82
0059 0.6758825182914734 346.83 871.15 383.34 846.33 499.31 1016.93 462.80 1041.75
0059 0.2251504361629486 331.27 8.96 529.25 -44.41 542.11 3.27 344.13 56.64
0059 0.17404334247112274 950.16 423.12 980.70 425.17 968.67 604.09 938.13 602.04
0059 0.12093736231327057 382.19 557.65 623.50 462.12 642.01 508.89 400.70 604.41
0059 0.09736306965351105 243.88 313.01 274.95 310.54 287.74 471.54 256.67 474.01
0059 0.052985433489084244 290.98 896.52 330.99 862.17 498.92 1057.78 458.91 1092.13
0048 0.17820675671100616 737.09 810.71 974.97 734.10 990.51 782.36 752.63 858.97
0027 0.2900187075138092 702.07 352.50 933.27 274.09 949.23 321.16 718.03 399.57
0060 0.22955605387687683 162.44 393.29 192.47 399.36 154.63 586.32 124.60 580.25
0060 0.2183065265417099 175.00 407.57 204.70 409.90 190.02 596.70 160.32 594.36
0060 0.137793630361557 451.40 367.89 483.71 370.18 471.18 546.27 438.87 543.97
0060 0.07848035544157028 208.40 405.12 240.46 408.36 223.14 579.60 191.08 576.36
0055 0.13847458362579346 417.08 778.81 447.07 774.25 475.24 959.58 445.25 964.13
0055 0.11575532704591751 180.39 805.36 209.94 807.26 198.16 990.45 168.61 988.55
0055 0.10545407235622406 198.01 804.44 227.42 803.93 230.53 983.02 201.12 983.53
0055 0.09853463619947433 15.32 307.55 52.77 309.83 43.24 466.69 5.78 464.41
0055 0.06764501333236694 322.73 776.29 358.27 771.66 381.96 953.71 346.42 958.34
0055 0.06589531153440475 351.10 780.46 383.94 774.86 414.70 954.98 381.86 960.58
0055 0.060231536626815796 133.35 815.60 166.84 814.41 173.89 1013.33 140.41 1014.51
0159 0.2878631055355072 830.09 811.62 863.33 778.66 1050.70 967.57 1017.46 1000.53
0159 0.11360953003168106 754.26 839.08 1074.11 968.19 1043.30 1044.51 723.45 915.40
0062 0.2707444429397583 232.43 329.14 418.49 367.39 411.27 402.49 225.22 364.24
0061 0.1663960963487625 836.86 284.53 978.83 315.46 974.55 335.08 832.59 304.15
0056 0.13974663615226746 10.98 387.07 44.71 386.05 50.04 563.09 16.32 564.11
0067 0.4085589051246643 874.36 61.38 905.58 56.14 936.10 237.80 904.89 243.04
0067 0.05534469708800316 885.74 61.21 917.62 46.18 994.45 209.12 962.57 224.15
0049 0.15287430584430695 341.94 798.11 585.66 741.44 596.91 789.81 353.18 846.48
0049 0.11980282515287399 797.60 679.63 835.89 671.26 875.34 851.95 837.05 860.31
0093 0.5268357396125793 28.04 144.79 278.27 113.08 282.69 148.00 32.46 179.71
0063 0.25010207295417786 869.11 855.15 910.01 850.06 935.75 1056.87 894.84 1061.96
0063 0.2037459760904312 754.31 448.95 806.91 429.27 901.86 682.99 849.25 702.68
0063 0.2011442631483078 769.17 151.17 1025.18 67.50 1040.50 114.37 784.49 198.04
0050 0.11463818699121475 10.58 706.32 45.66 706.12 46.54 862.25 11.47 862.45
0117 0.2631230354309082 813.22 30.60 1006.61 -1.02 1013.17 39.06 819.77 70.68
0122 0.535053014755249 296.16 590.74 342.29 594.76 323.43 811.09 277.31 807.07
0122 0.5050728917121887 256.28 319.51 308.27 301.89 387.59 535.92 335.60 553.54
0122 0.24815450608730316 107.10 582.27 136.83 575.07 179.75 752.22 150.01 759.42
0122 0.05940074846148491 340.05 586.32 375.22 586.99 371.42 786.10 336.25 785.43
0127 0.06403115391731262 566.41 147.16 613.26 119.61 717.69 297.24 670.84 324.78
0132 0.11907436698675156 23.89 609.39 73.45 598.39 114.83 784.92 65.26 795.91
0073 0.504307746887207 400.96 98.52 432.46 68.76 604.81 251.19 573.31 280.95
0073 0.13602982461452484 -2.88 205.47 21.30 185.41 130.37 316.89 106.20 336.95
0064 0.3118118345737457 56.00 854.06 91.27 843.09 148.75 1027.88 113.48 1038.85
0064 0.21707670390605927 563.28 23.17 597.22 23.75 594.18 202.47 560.24 201.89
0064 0.16048768162727356 -2.56 558.19 30.02 536.47 117.26 667.33 84.67 689.05
0064 0.15717916190624237 16.98 154.36 218.73 61.69 238.93 105.67 37.19 198.34
0064 0.11140280216932297 812.28 -52.51 845.18 -63.27 905.22 120.25 872.31 131.02
0064 0.07273579388856888 663.34 -30.78 703.26 -58.23 841.22 142.32 801.30 169.78
0064 0.060674458742141724 589.33 -17.38 631.96 -23.94 664.73 189.02 622.10 195.58
0064 0.052629295736551285 737.38 -15.55 766.86 -38.97 890.29 116.39 860.81 139.81
0064 0.052311480045318604 -7.57 867.28 36.48 845.63 158.03 1092.86 113.98 1114.52
0051 0.28967177867889404 636.39 -3.83 846.88 16.95 843.06 55.69 632.57 34.90
0051 0.11104825139045715 240.62 646.26 281.23 638.57 311.30 797.27 270.69 804.96
0069 0.3398624062538147 330.93 648.36 364.50 627.34 445.58 756.80 412.01 777.83
0069 0.26987534761428833 35.66 878.88 215.67 1022.21 181.00 1065.75 0.99 922.42
0069 0.08726885914802551 -11.74 646.57 41.83 595.66 213.09 775.84 159.52 826.75
0123 0.42393916845321655 649.06 666.09 683.03 647.00 784.56 827.76 750.58 846.85
0123 0.12406882643699646 654.75 371.62 884.87 243.58 910.80 290.17 680.68 418.22
0123 0.054700180888175964 -59.98 -31.71 280.19 74.42 254.17 157.81 -86.00 51.68
0074 0.134062722325325 328.60 234.74 376.49 236.41 370.66 403.48 322.77 401.81
0065 0.2933257520198822 858.81 455.76 894.58 446.43 943.82 635.37 908.05 644.70
0065 0.208452045917511 736.44 72.24 792.99 40.60 919.97 267.46 863.42 299.11
0124 0.18618333339691162 353.08 468.58 513.18 557.40 493.80 592.32 333.71 503.50
0124 0.09818423539400101 524.28 547.13 711.69 578.18 706.80 607.70 519.39 576.65
0080 0.2702957093715668 665.11 535.47 848.53 447.91 865.96 484.42 682.54 571.98
0080 0.19808806478977203 644.70 726.92 855.29 597.57 879.26 636.59 668.67 765.94
0080 0.13632506132125854 627.65 252.66 870.44 133.52 897.37 188.41 654.58 307.55
0119 0.36072972416877747 649.29 804.77 826.42 733.48 838.56 763.65 661.43 834.94
0066 0.28737640380859375 487.60 471.64 531.81 469.80 541.53 703.37 497.32 705.21
0066 0.17538999021053314 328.34 82.56 391.89 43.22 529.23 265.08 465.68 304.43
0085 0.25028058886528015 37.20 684.88 72.41 682.86 81.57 842.91 46.36 844.93
0135 0.3797723054885864 660.98 7.49 691.01 -20.85 803.16 98.01 773.13 126.34
0125 0.16825754940509796 349.48 77.31 518.50 145.54 503.47 182.78 334.45 114.55
0125 0.08405522257089615 210.00 839.31 276.78 837.92 281.39 1060.29 214.60 1061.68
0125 0.0580182746052742 529.68 148.64 708.32 187.10 702.28 215.14 523.65 176.68
0071 0.4859711229801178 34.47 482.61 215.25 640.99 180.50 680.66 -0.29 522.28
0071 0.10941027104854584 -25.65 211.81 49.38 156.38 227.09 396.97 152.05 452.39
0076 0.1424759030342102 274.94 534.50 376.32 494.90 382.43 510.54 281.04 550.14
0120 0.056665193289518356 347.05 371.73 470.32 311.68 481.71 335.05 358.44 395.10
0130 0.07478637248277664 804.11 256.72 849.95 244.42 899.96 430.92 854.12 443.21
0142 0.36576247215270996 459.26 862.27 676.04 806.87 684.53 840.09 467.75 895.49
0142 0.2231297641992569 447.71 410.81 650.03 337.89 665.07 379.60 462.75 452.52
0142 0.157810240983963 704.39 339.68 871.96 261.02 886.70 292.43 719.14 371.09
0139 0.07216405123472214 474.22 207.00 491.68 222.57 414.48 309.12 397.03 293.55
0126 0.09703337401151657 595.10 -6.57 668.83 -11.10 684.14 238.28 610.41 242.81
0086 0.1179702952504158 450.68 273.19 484.76 276.19 470.53 437.51 436.45 434.50
0046 0.18377362191677094 623.30 398.17 841.50 425.49 836.50 465.40 618.30 438.08
0147 0.07792436331510544 557.57 692.33 834.63 597.30 851.78 647.29 574.71 742.32
0140 0.17075949907302856 843.54 820.32 1033.08 746.39 1046.25 780.16 856.71 854.09
0167 0.5713245272636414 368.76 210.34 416.12 230.25 336.29 420.15 288.93 400.25
0177 0.10421761870384216 611.80 642.76 645.40 635.85 678.68 797.80 645.08 804.70
0163 0.29405343532562256 1.43 695.59 196.06 791.90 173.98 836.52 -20.65 740.21
0163 0.260338693857193 479.46 620.81 609.09 714.18 589.80 740.96 460.18 647.59
0163 0.17783236503601074 459.21 -31.21 647.23 156.73 612.00 191.96 423.99 4.02
0163 0.15844817459583282 84.49 506.05 250.08 645.52 223.00 677.66 57.41 538.20
0163 0.1050388440489769 215.07 637.12 239.92 613.22 370.86 749.32 346.02 773.22
0163 0.05228966102004051 353.98 75.24 413.29 26.08 617.98 273.06 558.67 322.22
0109 0.09480814635753632 165.03 524.84 310.52 624.49 289.95 654.53 144.45 554.87
0109 0.08514116704463959 56.77 859.68 147.06 838.14 151.57 857.05 61.29 878.59
0148 0.5581545829772949 174.82 763.70 400.24 658.23 418.60 697.47 193.18 802.94
0148 0.07436981797218323 947.93 624.46 989.61 608.89 1055.30 784.73 1013.62 800.30
0148 0.07385106384754181 157.99 291.63 437.24 193.89 453.32 239.81 174.06 337.55
0114 0.4167723059654236 818.42 799.51 1038.54 843.56 1030.90 881.75 810.78 837.70
0144 0.46263816952705383 57.56 75.84 263.48 -2.90 275.45 28.39 69.52 107.14
0168 0.17646999657154083 -16.71 206.35 31.06 189.75 90.57 361.00 42.80 377.59
0164 0.43640199303627014 857.06 108.53 1026.43 219.30 1007.55 248.17 838.18 137.41
0164 0.19056612253189087 795.46 511.81 893.76 588.48 875.38 612.05 777.07 535.39
0164 0.13535678386688232 79.59 516.90 271.31 633.41 241.98 681.68 50.26 565.17
0164 0.11634427309036255 882.01 64.70 1055.05 205.91 1030.00 236.61 856.96 95.40
0164 0.06746537238359451 711.71 193.65 896.70 316.47 863.91 365.87 678.91 243.05
0103 0.06344535201787949 807.33 107.11 835.96 113.78 811.84 217.30 783.21 210.63
0115 0.09963009506464005 543.99 522.16 585.76 498.66 689.14 682.39 647.36 705.90
0165 0.16812746226787567 396.79 824.47 429.79 844.85 342.01 987.01 309.01 966.63
0165 0.06954415142536163 389.82 105.28 494.64 189.92 480.54 207.39 375.71 122.75
0017 0.15692587196826935 6.64 414.83 30.49 391.30 151.87 514.33 128.03 537.86
0017 0.15670384466648102 719.53 606.66 744.07 582.12 864.48 702.54 839.94 727.08
0170 0.06181107833981514 523.58 -66.19 718.54 68.08 680.49 123.33 485.53 -10.94
0107 0.1014062911272049 674.26 712.03 703.39 710.21 715.24 899.20 686.11 901.03
0107 0.08297257125377655 63.87 839.87 341.97 754.77 356.06 800.80 77.96 885.90
0107 0.0689539983868599 908.14 706.98 937.48 693.11 1005.17 836.30 975.82 850.17
0022 0.22398319840431213 550.03 390.21 601.17 351.74 770.58 576.95 719.44 615.42
0022 0.06619538366794586 645.21 105.18 672.54 124.29 556.45 290.28 529.13 271.17
0108 0.1510515809059143 467.78 448.34 734.58 337.11 754.02 383.74 487.23 494.98
0029 0.41254180669784546 782.13 480.41 1041.27 434.51 1049.33 480.02 790.20 525.92
0029 0.080131895840168 838.22 944.21 1043.10 887.11 1052.80 921.92 847.92 979.02
0112 0.10280241817235947 785.56 512.70 989.32 455.26 998.29 487.10 794.53 544.54
0030 0.5120304226875305 788.86 104.94 1000.15 18.30 1016.27 57.61 804.98 144.25
0030 0.07079094648361206 826.40 553.67 1054.92 478.73 1067.70 517.70 839.18 592.64
