0192 0.2998427748680115 555.77 834.70 661.24 748.85 683.21 775.84 577.74 861.70
0182 0.17409168183803558 969.64 58.12 1048.10 120.78 1031.48 141.59 953.02 78.93
0197 0.0966348871588707 765.43 244.34 789.26 239.52 805.91 321.75 782.08 326.58
0097 0.30520758032798767 384.20 301.62 541.35 389.82 526.18 416.86 369.02 328.66
0097 0.15551984310150146 220.52 395.74 383.02 465.10 370.01 495.59 207.51 426.23
0097 0.14445360004901886 870.31 -30.04 1012.60 34.83 999.51 63.52 857.23 -1.35
0097 0.14158882200717926 205.62 419.03 286.95 466.23 272.83 490.55 191.50 443.35
0097 0.06262506544589996 364.52 325.28 494.19 409.71 481.43 429.32 351.75 344.88
0097 0.06140967085957527 507.12 429.77 636.39 519.32 621.98 540.12 492.71 450.57
0019 0.07382658123970032 1002.71 767.35 1025.53 780.49 966.86 882.42 944.04 869.29
0006 0.5040963888168335 121.66 13.90 149.61 -5.12 239.84 127.50 211.89 146.52
0006 0.09699993580579758 614.40 847.87 766.95 738.88 788.72 769.35 636.17 878.35
0183 0.7466714978218079 163.85 740.65 234.36 808.67 220.85 822.67 150.34 754.66
0183 0.546336829662323 18.50 622.70 113.52 706.95 96.44 726.21 1.42 641.96
0183 0.15200886130332947 13.59 593.56 39.51 575.25 135.11 710.55 109.19 728.87
0183 0.12656456232070923 825.16 -8.26 878.92 38.65 862.60 57.36 808.83 10.44
0183 0.1221308633685112 101.78 365.20 198.64 341.79 203.74 362.88 106.87 386.29
0183 0.11156638711690903 313.03 773.93 446.12 893.61 423.82 918.40 290.73 798.73
0183 0.111513152718544 89.09 328.77 204.68 320.15 206.57 345.55 90.98 354.16
0183 0.10988420993089676 158.74 716.85 254.92 797.13 241.00 813.81 144.82 733.53
0183 0.09290210157632828 31.78 886.07 122.19 955.43 105.74 976.88 15.33 907.52
0183 0.0709519311785698 419.08 483.27 615.55 630.68 586.52 669.37 390.05 521.96
0001 0.07909636199474335 660.43 792.81 782.52 871.97 770.16 891.04 648.06 811.88
0188 0.33568304777145386 736.88 1.85 862.13 91.20 843.22 117.72 717.96 28.36
0098 0.07187479734420776 691.30 904.74 718.08 900.16 733.18 988.49 706.40 993.07
0040 0.10106726735830307 588.01 841.44 611.40 825.01 675.86 916.79 652.47 933.22
0094 0.7022356986999512 262.51 901.70 281.72 894.50 313.68 979.79 294.47 986.99
0094 0.13098153471946716 783.32 463.49 807.19 477.56 739.99 591.53 716.11 577.45
0184 0.05835280567407608 656.13 581.50 681.54 588.93 654.88 680.17 629.47 672.75
0002 0.17709985375404358 417.44 780.13 443.13 760.97 496.71 832.83 471.02 851.99
0099 0.061252836138010025 106.28 30.68 242.91 116.70 229.03 138.75 92.40 52.73
0007 0.08719471842050552 -18.90 867.28 82.12 952.11 62.52 975.46 -38.50 890.63
0195 0.10219471156597137 822.19 499.39 848.05 491.73 869.26 563.38 843.41 571.04
0180 0.07549910992383957 696.53 950.65 889.06 989.10 880.46 1032.13 687.94 993.67
0185 0.6665014624595642 311.03 582.87 414.77 669.11 396.64 690.93 292.89 604.69
0185 0.5367473363876343 340.96 797.24 458.71 892.52 440.27 915.31 322.51 820.04
0185 0.30609482526779175 379.65 183.48 524.21 316.44 502.07 340.51 357.51 207.55
0185 0.2164902687072754 460.60 511.53 517.19 555.78 503.67 573.06 447.09 528.80
0185 0.1545332670211792 833.99 84.23 1014.29 245.05 983.44 279.64 803.14 118.82
0185 0.1204553097486496 379.63 182.75 402.58 160.41 541.54 303.18 518.59 325.51
0185 0.08201578259468079 434.67 171.92 547.33 280.48 531.27 297.14 418.61 188.58
0095 0.34941235184669495 867.90 743.94 1039.06 878.90 1014.22 910.40 843.07 775.44
0181 0.09322503954172134 508.18 767.81 603.80 742.08 609.47 763.13 513.85 788.86
0200 0.24339017271995544 556.04 609.15 582.39 620.36 539.87 720.31 513.53 709.10
0196 0.31146469712257385 777.71 232.57 874.97 286.10 859.52 314.18 762.26 260.64
0186 0.17635008692741394 1024.21 633.08 1058.72 664.77 927.92 807.22 893.41 775.54
0042 0.3097744584083557 452.09 762.39 578.59 788.64 574.14 810.07 447.64 783.82
0042 0.061651263386011124 614.70 325.18 663.46 366.01 647.86 384.63 599.10 343.81
0096 0.13266494870185852 300.83 878.38 432.10 969.11 414.23 994.98 282.96 904.24
0015 0.6508800983428955 566.83 467.11 581.36 453.81 648.80 527.45 634.28 540.76
0015 0.14072157442569733 687.86 726.34 756.21 774.41 736.96 801.79 668.61 753.72
0015 0.11053162813186646 587.00 432.86 724.30 540.56 704.64 565.62 567.34 457.92
0015 0.09646838158369064 770.95 333.25 894.62 447.62 874.92 468.92 751.25 354.55
0015 0.09406121075153351 37.59 817.77 135.53 885.32 118.82 909.54 20.89 841.99
0009 0.14774879813194275 29.16 491.92 89.29 545.28 70.99 565.90 10.86 512.53
0023 0.05012988671660423 992.15 -11.09 1017.42 1.42 970.97 95.26 945.70 82.75
0004 0.08220618963241577 979.12 537.29 1008.13 548.07 971.77 645.99 942.75 635.22
0028 0.24660710990428925 377.32 464.47 521.70 515.57 513.93 537.54 369.55 486.45
0028 0.08147092908620834 488.52 510.50 710.65 521.66 709.30 548.46 487.18 537.30
0024 0.6784518957138062 688.79 528.51 710.24 512.41 778.53 603.43 757.08 619.52
0160 0.11579010635614395 864.90 900.57 1053.31 1034.38 1029.53 1067.86 841.12 934.04
0160 0.05860570818185806 826.68 901.61 999.53 1064.62 968.75 1097.26 795.90 934.25
0160 0.05341411009430885 913.62 886.49 1037.64 1003.83 1018.71 1023.84 894.68 906.51
0089 0.4322616159915924 535.35 428.46 553.57 412.50 637.06 507.84 618.84 523.80
0089 0.3384304940700531 90.12 627.21 112.26 621.18 145.62 743.65 123.48 749.68
0089 0.2150709629058838 32.27 464.51 55.05 454.90 104.69 572.64 81.92 582.25
0089 0.15816782414913177 639.18 549.24 659.58 535.06 747.75 661.95 727.34 676.13
0089 0.07751081883907318 0.85 331.78 32.37 326.28 48.31 417.78 16.79 423.27
0057 0.6786097884178162 631.97 723.00 792.41 767.10 783.93 797.92 623.50 753.81
0057 0.6330737471580505 598.09 181.33 620.63 164.36 663.52 221.33 640.98 238.30
0057 0.11985208094120026 438.85 685.86 589.33 712.82 585.47 734.34 434.99 707.38
0057 0.07294711470603943 415.22 165.79 458.03 160.11 480.18 327.19 437.37 332.86
0032 0.127078577876091 790.18 214.66 812.31 225.60 741.12 369.58 719.00 358.65
0161 0.21309703588485718 59.93 934.47 85.52 911.85 211.67 1054.54 186.09 1077.16
0161 0.1465131789445877 455.84 376.69 652.14 566.13 621.18 598.21 424.88 408.77
0161 0.05287807807326317 84.60 901.02 113.51 876.99 244.55 1034.58 215.64 1058.62
0012 0.06269506365060806 747.19 995.60 848.22 962.60 857.47 990.91 756.44 1023.92
0090 0.37671253085136414 131.72 26.18 149.69 10.34 235.11 107.26 217.14 123.10
0090 0.18404529988765717 244.44 148.77 264.75 135.82 340.58 254.72 320.28 267.67
0090 0.08565572649240494 98.76 382.68 121.50 363.00 244.04 504.59 221.30 524.27
0152 0.05894961953163147 440.68 520.06 465.14 513.66 497.60 637.66 473.14 644.07
0152 0.05821448937058449 587.00 500.89 634.32 490.20 677.56 681.52 630.25 692.22
0053 0.15821565687656403 373.27 947.66 627.66 868.37 642.22 915.07 387.82 994.36
0053 0.1312198042869568 941.14 814.03 969.69 801.06 1042.00 960.31 1013.45 973.27
0053 0.08756031095981598 238.53 723.05 267.45 719.31 287.22 872.29 258.30 876.03
0053 0.07676686346530914 341.07 415.78 586.37 324.33 604.90 374.03 359.61 465.49
0053 0.07531663775444031 973.85 797.57 999.51 787.92 1050.27 922.98 1024.62 932.62
0053 0.05467602238059044 595.82 698.61 621.29 686.69 677.57 806.88 652.09 818.81
0058 0.05626682937145233 811.64 121.91 838.82 110.79 886.83 228.09 859.66 239.22
0026 0.28231391310691833 121.25 546.58 144.83 531.80 202.13 623.21 178.55 637.99
0026 0.12099920958280563 297.99 524.56 321.49 505.56 389.51 589.67 366.01 608.67
0026 0.07860816270112991 484.29 618.46 509.55 616.76 518.19 745.08 492.93 746.78
0026 0.06264082342386246 329.58 197.56 365.91 189.98 397.75 342.64 361.42 350.22
0026 0.061274927109479904 11.06 729.69 137.74 683.23 150.14 717.03 23.46 763.49
0162 0.41339749097824097 790.69 913.91 905.14 986.71 890.71 1009.40 776.26 936.61
0162 0.21746651828289032 868.29 511.03 1003.64 627.43 983.59 650.75 848.24 534.35
0162 0.08829377591609955 882.69 477.19 915.00 455.37 1029.08 624.32 996.77 646.14
0162 0.08087053149938583 727.39 585.47 878.68 702.10 862.27 723.39 710.98 606.76
0162 0.0687803253531456 684.80 613.60 881.97 713.66 865.78 745.57 668.60 645.51
0162 0.06148194149136543 781.12 926.17 893.98 1021.52 878.92 1039.35 766.06 943.99
0162 0.05028625205159187 859.72 718.72 1020.77 831.57 999.87 861.38 838.83 748.53
0091 0.12161584943532944 366.74 517.02 415.33 502.62 475.21 704.69 426.62 719.09
0020 0.07204443216323853 221.32 499.10 265.26 512.44 211.13 690.70 167.19 677.36
0054 0.190885990858078 601.28 819.26 629.86 817.51 640.96 999.05 612.39 1000.80
0054 0.17710858583450317 555.18 821.17 587.77 818.66 601.07 991.74 568.49 994.24
0054 0.10424754023551941 841.90 771.21 868.88 772.07 863.27 949.22 836.28 948.37
0054 0.07489504665136337 693.46 816.96 713.54 803.36 803.23 935.80 783.15 949.40
0054 0.07324761152267456 526.02 829.66 557.83 828.15 567.25 1027.11 535.44 1028.62
0054 0.06722215563058853 784.67 777.84 807.37 772.53 843.15 925.36 820.45 930.67
0054 0.05485174432396889 709.91 812.47 728.87 797.79 830.82 929.50 811.86 944.17
0059 0.18474717438220978 361.05 856.92 402.88 841.51 475.45 1038.49 433.61 1053.90
0059 0.13631582260131836 382.19 557.65 623.50 462.12 642.01 508.89 400.70 604.41
0059 0.11517344415187836 950.16 423.12 980.70 425.17 968.67 604.09 938.13 602.04
0059 0.1103801354765892 232.36 331.05 261.30 322.36 306.10 471.61 277.16 480.29
0059 0.075276218354702 331.27 8.96 529.25 -44.41 542.11 3.27 344.13 56.64
0059 0.06971459835767746 968.76 408.34 995.49 404.82 1019.12 584.54 992.38 588.06
0048 0.05488680675625801 737.09 810.71 974.97 734.10 990.51 782.36 752.63 858.97
0158 0.05275103449821472 936.98 302.28 1012.18 341.86 1004.36 356.71 929.16 317.14
0027 0.19461381435394287 921.98 152.28 948.53 137.51 1000.16 230.29 973.61 245.07
0027 0.11077825725078583 713.86 364.04 937.48 263.56 956.88 306.73 733.26 407.21
0060 0.2765558362007141 426.19 378.67 458.41 369.65 499.96 517.93 467.74 526.96
0060 0.1262379139661789 162.44 393.29 192.47 399.36 154.63 586.32 124.60 580.25
0060 0.10885296016931534 175.00 407.57 204.70 409.90 190.02 596.70 160.32 594.36
0060 0.08170846104621887 198.32 413.00 226.99 411.41 235.07 557.73 206.41 559.32
0055 0.2306479513645172 168.55 815.02 200.50 813.52 208.74 989.01 176.79 990.51
0055 0.2187325656414032 212.48 805.14 238.98 806.10 231.91 1001.12 205.42 1000.16
0055 0.10898444056510925 133.35 815.60 166.84 814.41 173.89 1013.33 140.41 1014.51
0055 0.06973594427108765 415.18 772.32 441.28 761.27 504.84 911.24 478.74 922.30
0159 0.1883002668619156 849.55 785.30 1061.07 954.41 1035.09 986.91 823.57 817.80
0088 0.3601346015930176 935.42 826.11 953.24 810.92 1030.80 901.89 1012.98 917.08
0062 0.5555608868598938 232.24 320.82 393.79 372.63 384.06 402.99 222.50 351.18
0061 0.30728885531425476 842.54 276.97 974.73 322.50 967.77 342.70 835.58 297.17
0056 0.10907959192991257 8.39 389.76 43.59 390.21 41.36 564.65 6.16 564.20
0056 0.08919171988964081 25.57 373.13 51.08 365.38 98.83 522.53 73.32 530.28
0154 0.16698825359344482 598.56 650.38 686.06 630.18 691.06 651.85 603.56 672.05
0154 0.07345113903284073 474.48 689.05 561.08 652.19 569.75 672.58 483.16 709.44
0154 0.05637075752019882 861.79 444.04 1013.34 436.11 1014.45 457.26 862.90 465.19
0067 0.41358405351638794 876.31 63.73 908.22 58.68 934.80 226.78 902.90 231.82
0049 0.05794345960021019 343.75 808.71 580.28 731.75 596.03 780.15 359.50 857.11
0093 0.5640880465507507 38.49 142.15 283.25 112.23 287.28 145.18 42.51 175.09
0077 0.12492649257183075 360.46 394.64 382.95 407.08 344.06 477.36 321.57 464.91
0077 0.08279421925544739 119.16 664.47 211.17 637.17 221.76 672.85 129.75 700.16
0063 0.18547986447811127 769.17 151.17 1025.18 67.50 1040.50 114.37 784.49 198.04
0063 0.127749502658844 864.96 849.33 897.58 842.99 930.97 1014.88 898.36 1021.21
0063 0.11422595381736755 754.31 448.95 806.91 429.27 901.86 682.99 849.25 702.68
0117 0.19671669602394104 799.29 15.41 1001.67 45.10 997.06 76.54 794.68 46.85
0117 0.17894887924194336 608.70 -9.44 742.30 2.26 740.42 23.67 606.82 11.97
0117 0.059420354664325714 132.41 916.29 195.01 866.19 216.28 892.77 153.67 942.86
0122 0.3044210970401764 280.08 591.51 332.47 590.10 338.60 819.05 286.21 820.46
0122 0.06349064409732819 111.01 588.41 140.90 581.93 177.12 749.09 147.24 755.57
0068 0.41095075011253357 564.00 456.41 656.79 526.67 642.53 545.51 549.74 475.24
0132 0.06616395711898804 376.30 234.93 443.81 240.46 442.25 259.49 374.74 253.96
0078 0.08196089416742325 663.48 127.98 762.61 103.31 767.14 121.53 668.01 146.20
0073 0.3332739472389221 18.47 478.83 124.99 554.40 110.32 575.08 3.81 499.50
0073 0.20816269516944885 9.62 234.47 25.98 218.91 112.03 309.38 95.66 324.95
0073 0.15533550083637238 427.38 80.32 609.90 225.57 577.77 265.96 395.24 120.70
0073 0.13471807539463043 22.42 183.54 46.80 168.26 135.32 309.46 110.93 324.74
0064 0.29304447770118713 68.54 853.23 99.05 846.60 136.43 1018.64 105.92 1025.27
0064 0.17730073630809784 601.33 15.26 631.22 14.96 633.09 197.50 603.19 197.81
0064 0.15810322761535645 812.28 -52.51 845.18 -63.27 905.22 120.25 872.31 131.02
0064 0.10698236525058746 804.05 -19.15 825.84 -26.22 874.38 123.22 852.59 130.30
0064 0.09008310735225677 557.43 14.74 590.60 14.29 593.39 220.78 560.22 221.23
0064 0.05806620419025421 -11.91 562.53 20.53 540.35 108.87 669.55 76.43 691.73
0083 0.1482970416545868 524.56 81.96 637.21 117.42 630.12 139.96 517.46 104.50
0051 0.26260533928871155 630.65 -8.11 819.33 26.18 813.30 59.32 624.63 25.03
0051 0.13293780386447906 240.62 646.26 281.23 638.57 311.30 797.27 270.69 804.96
0069 0.1999262273311615 313.33 665.40 343.23 636.73 448.33 746.38 418.42 775.04
0069 0.1907091736793518 432.71 396.07 477.89 438.21 462.29 454.95 417.10 412.81
0069 0.07734206318855286 19.07 888.57 189.70 1001.32 163.14 1041.52 -7.49 928.77
0123 0.5930255055427551 649.06 666.09 683.03 647.00 784.56 827.76 750.58 846.85
0123 0.1461494415998459 648.96 57.11 675.54 44.14 724.17 143.84 697.60 156.80
0133 0.35664546489715576 639.29 222.09 724.32 287.78 706.77 310.49 621.75 244.80
0079 0.09002090245485306 528.37 64.24 601.94 92.85 593.42 114.75 519.85 86.14
0065 0.16642804443836212 872.23 463.34 903.63 457.44 934.98 624.27 903.58 630.17
0065 0.09098239243030548 757.85 52.48 809.15 33.91 895.32 271.94 844.01 290.51
0137 0.1113310307264328 309.22 602.94 337.07 593.69 364.59 676.57 336.74 685.82
0137 0.0843692347407341 560.44 545.21 582.72 542.91 591.27 625.81 568.98 628.11
0137 0.0685352236032486 190.63 953.37 219.26 948.69 230.87 1019.69 202.24 1024.37
0070 0.5201353430747986 566.92 54.82 651.78 123.15 634.96 144.03 550.11 75.70
0134 0.5968124270439148 516.15 659.41 595.33 730.70 575.06 753.21 495.89 681.92
0124 0.06542013585567474 524.28 547.13 711.69 578.18 706.80 607.70 519.39 576.65
0080 0.7328455448150635 697.29 518.71 856.32 463.24 866.38 492.10 707.35 547.56
0080 0.06027911230921745 644.70 726.92 855.29 597.57 879.26 636.59 668.67 765.94
0119 0.28164127469062805 649.29 804.77 826.42 733.48 838.56 763.65 661.43 834.94
0075 0.07920343428850174 363.54 798.95 381.85 810.55 341.10 874.80 322.80 863.19
0085 0.5994672775268555 36.68 678.23 75.34 676.75 81.59 839.35 42.92 840.83
0135 0.5363302230834961 684.58 -5.38 799.97 95.84 773.02 126.56 657.63 25.33
0135 0.3523186445236206 100.64 279.91 123.83 259.89 185.66 331.49 162.47 351.52
0125 0.11855323612689972 361.25 114.48 513.83 146.25 509.04 169.27 356.45 137.51
0071 0.13344088196754456 424.94 -14.21 480.27 39.79 463.25 57.23 407.92 3.23
0071 0.12498566508293152 16.10 508.05 46.95 479.37 212.32 657.19 181.48 685.87
0076 0.06857939064502716 274.94 534.50 376.32 494.90 382.43 510.54 281.04 550.14
0120 0.2451270967721939 343.24 356.67 476.85 320.29 483.47 344.63 349.87 381.00
0130 0.14631880819797516 796.60 269.61 842.33 251.07 916.32 433.57 870.59 452.11
0142 0.3973238468170166 456.91 867.63 653.93 797.79 666.57 833.46 469.55 903.30
0142 0.11043059825897217 447.71 410.81 650.03 337.89 665.07 379.60 462.75 452.52
0142 0.07283023744821548 704.16 344.57 881.91 260.19 896.01 289.90 718.26 374.28
0139 0.5811549425125122 465.43 206.81 486.57 221.27 422.99 314.20 401.86 299.74
0136 0.1570485234260559 815.09 282.71 839.04 270.88 890.74 375.60 866.80 387.43
0126 0.08437894284725189 703.41 580.30 761.95 538.12 774.18 555.08 715.64 597.27
0086 0.4379807710647583 438.20 263.63 470.25 261.37 481.99 428.13 449.94 430.38
0086 0.1011311411857605 37.07 635.01 119.15 633.17 119.73 658.73 37.64 660.57
0131 0.07485014200210571 777.41 633.88 841.98 644.98 839.27 660.74 774.70 649.64
0101 0.07033479958772659 298.86 508.92 324.84 508.80 325.21 586.86 299.23 586.98
0046 0.08835890144109726 614.87 400.25 779.11 427.39 774.89 452.93 610.65 425.79
0147 0.05461703613400459 563.87 688.28 827.00 612.55 839.09 654.57 575.97 730.30
0143 0.08469042181968689 121.79 328.02 147.16 323.70 167.49 443.11 142.11 447.43
0140 0.24790126085281372 844.61 806.74 1030.89 761.11 1039.74 797.24 853.46 842.87
0172 0.057938963174819946 175.91 790.71 192.89 798.31 161.94 867.50 144.96 859.90
0167 0.08064686506986618 368.76 210.34 416.12 230.25 336.29 420.15 288.93 400.25
0177 0.20678342878818512 610.98 665.10 633.80 649.87 705.38 757.13 682.56 772.36
0163 0.23301248252391815 9.95 934.46 35.46 915.94 99.05 1003.53 73.53 1022.05
0163 0.10976901650428772 219.32 631.48 246.97 608.85 370.78 760.12 343.13 782.75
0163 0.07689071446657181 479.46 620.81 609.09 714.18 589.80 740.96 460.18 647.59
0163 0.0651235431432724 82.41 730.00 175.04 796.56 154.76 824.77 62.14 758.21
0109 0.582160234451294 54.63 856.96 150.03 841.99 152.89 860.23 57.49 875.19
0148 0.2527627646923065 174.82 763.70 400.24 658.23 418.60 697.47 193.18 802.94
0148 0.11786338686943054 157.99 291.63 437.24 193.89 453.32 239.81 174.06 337.55
0114 0.5303892493247986 818.42 799.51 1038.54 843.56 1030.90 881.75 810.78 837.70
0114 0.12348520755767822 605.18 769.47 774.02 803.00 769.18 827.37 600.34 793.84
0144 0.175955668091774 62.16 65.05 245.08 9.53 255.57 44.10 72.65 99.62
0178 0.18481843173503876 701.02 743.56 723.08 760.92 674.24 822.96 652.18 805.59
0164 0.48796340823173523 795.46 511.81 893.76 588.48 875.38 612.05 777.07 535.39
0164 0.2160712331533432 857.06 108.53 1026.43 219.30 1007.55 248.17 838.18 137.41
0164 0.19217121601104736 888.54 340.28 906.55 328.02 965.02 413.89 947.01 426.16
0164 0.07772864401340485 882.01 64.70 1055.05 205.91 1030.00 236.61 856.96 95.40
0164 0.07539394497871399 946.87 819.41 1014.95 866.19 997.68 891.32 929.60 844.54
0103 0.21758028864860535 797.95 107.55 827.95 110.16 818.74 215.80 788.74 213.18
0174 0.20916534960269928 147.62 531.97 168.50 534.27 157.69 632.50 136.81 630.20
0174 0.08183564990758896 686.02 388.53 707.39 387.89 709.83 469.34 688.45 469.98
0169 0.17448405921459198 949.90 134.89 976.43 137.25 968.38 227.83 941.85 225.47
0115 0.10816233605146408 543.99 522.16 585.76 498.66 689.14 682.39 647.36 705.90
0115 0.06178075820207596 956.90 21.64 976.48 3.98 1038.96 73.24 1019.38 90.91
0165 0.4635876715183258 393.90 115.55 498.38 187.95 484.45 208.05 379.97 135.65
0165 0.43590739369392395 539.95 417.39 607.02 468.21 588.92 492.10 521.85 441.28
0165 0.0916382372379303 396.79 824.47 429.79 844.85 342.01 987.01 309.01 966.63
0017 0.46828266978263855 750.61 600.59 864.81 694.50 846.24 717.08 732.04 623.17
0017 0.4442029893398285 569.75 69.47 583.60 56.85 651.44 131.29 637.58 143.92
0017 0.3387252986431122 40.64 425.73 145.79 485.05 131.66 510.09 26.52 450.76
0110 0.31735658645629883 56.24 459.18 145.53 437.54 150.34 457.38 61.05 479.02
0116 0.09214162081480026 188.27 328.97 258.48 297.88 270.53 325.09 200.32 356.18
0116 0.07838625460863113 216.16 370.22 367.87 404.52 362.41 428.69 210.70 394.39
0116 0.06130683794617653 408.03 426.67 555.94 434.87 554.77 455.98 406.86 447.79
0107 0.5044742822647095 652.08 722.34 679.55 717.41 712.94 903.67 685.47 908.59
0107 0.16347424685955048 708.88 728.87 738.64 730.90 727.03 901.47 697.27 899.44
0107 0.06269168108701706 921.47 715.64 1074.82 850.72 1046.73 882.61 893.38 747.53
0107 0.059972528368234634 68.64 858.24 315.12 749.79 333.99 792.66 87.51 901.12
0107 0.05931440740823746 488.49 605.88 515.16 591.92 567.49 691.88 540.83 705.84
0166 0.054861608892679214 548.53 931.92 572.99 933.14 568.31 1027.36 543.85 1026.14
0176 0.050962965935468674 786.56 361.18 856.59 334.83 863.05 352.01 793.03 378.36
0105 0.12144413590431213 168.07 873.03 187.91 869.32 202.70 948.24 182.86 951.96
0014 0.0753740444779396 628.10 188.12 651.92 183.14 669.47 266.94 645.65 271.93
0108 0.08784440904855728 467.78 448.34 734.58 337.11 754.02 383.74 487.23 494.98
0029 0.2847121059894562 788.20 494.31 1013.67 415.34 1029.03 459.18 803.55 538.15
0029 0.1591438204050064 830.68 941.03 1051.29 880.90 1063.18 924.52 842.57 984.65
0016 0.1174473688006401 740.18 217.15 848.93 148.45 865.15 174.13 756.40 242.83
0112 0.05112212523818016 647.92 997.18 806.07 982.38 809.33 1017.21 651.18 1032.01
0030 0.24548889696598053 829.66 538.75 1057.90 478.84 1069.40 522.67 841.16 582.58
0030 0.22000335156917572 788.86 104.94 1000.15 18.30 1016.27 57.61 804.98 144.25
