0044 0.45887064933776855 909.27 578.02 931.97 567.39 987.65 686.30 964.95 696.93
0044 0.3566311001777649 781.45 86.15 803.84 71.56 882.99 193.03 860.60 207.62
0044 0.2507019639015198 13.93 294.86 38.84 281.25 87.62 370.49 62.71 384.11
0044 0.16299694776535034 769.99 96.61 797.58 86.24 845.94 215.04 818.35 225.40
0044 0.1259034276008606 946.55 563.46 969.56 558.03 998.06 678.80 975.05 684.24
0044 0.08526863902807236 975.12 553.76 999.40 549.42 1021.58 673.54 997.31 677.88
0018 0.1097915917634964 838.34 47.63 859.99 64.45 776.30 172.21 754.64 155.39
0097 0.5298596024513245 507.12 429.77 636.39 519.32 621.98 540.12 492.71 450.57
0097 0.3384375274181366 364.32 331.84 480.83 412.77 468.13 431.05 351.63 350.12
0097 0.23690293729305267 547.98 421.15 670.77 494.48 658.03 515.82 535.24 442.49
0097 0.21720130741596222 384.20 301.62 541.35 389.82 526.18 416.86 369.02 328.66
0097 0.1162731721997261 217.30 399.81 382.82 468.71 368.84 502.30 203.32 433.40
0097 0.07953883707523346 205.62 419.03 286.95 466.23 272.83 490.55 191.50 443.35
0097 0.058798205107450485 379.62 318.59 499.56 410.19 489.79 422.97 369.86 331.37
0045 0.5761758089065552 419.78 501.42 443.48 492.06 492.82 616.90 469.12 626.27
0045 0.3783836364746094 312.25 520.41 335.78 514.11 373.08 653.41 349.54 659.71
0045 0.29662370681762695 341.87 518.32 361.69 511.89 405.28 646.04 385.46 652.48
0045 0.28479132056236267 404.69 498.39 429.17 492.31 463.91 632.21 439.42 638.29
0045 0.2185739129781723 387.00 501.06 408.44 496.77 437.72 642.96 416.28 647.25
0045 0.07461376488208771 332.59 574.48 491.17 604.52 486.51 629.10 327.93 599.07
0006 0.1937778741121292 123.13 16.43 149.44 -1.81 236.06 123.09 209.75 141.34
0006 0.09266820549964905 90.05 48.58 112.10 32.35 203.44 156.39 181.39 172.62
0006 0.05172516033053398 438.28 828.55 580.57 899.23 565.77 929.02 423.48 858.34
0183 0.40951186418533325 39.80 575.68 153.34 688.48 136.25 705.69 22.71 592.89
0183 0.24920402467250824 18.50 622.70 113.52 706.95 96.44 726.21 1.42 641.96
0183 0.17608661949634552 153.82 711.70 251.88 768.09 241.08 786.86 143.03 730.46
0183 0.1657661646604538 154.19 741.69 240.70 809.71 229.60 823.83 143.09 755.81
0183 0.13102339208126068 31.78 886.07 122.19 955.43 105.74 976.88 15.33 907.52
0183 0.10342327505350113 313.03 773.93 446.12 893.61 423.82 918.40 290.73 798.73
0001 0.5576457977294922 659.38 795.20 774.07 877.06 761.73 894.35 647.05 812.49
0001 0.40892359614372253 671.22 778.56 789.48 865.69 775.71 884.39 657.45 797.25
0188 0.5306005477905273 736.88 1.85 862.13 91.20 843.22 117.72 717.96 28.36
0040 0.2660420536994934 784.64 478.17 809.19 465.76 871.47 588.96 846.92 601.37
0040 0.05345647782087326 17.14 696.06 43.99 683.08 87.31 772.67 60.45 785.65
0040 0.052029021084308624 774.07 500.06 806.14 491.42 840.31 618.21 808.24 626.85
0094 0.4034174382686615 783.32 463.49 807.19 477.56 739.99 591.53 716.11 577.45
0099 0.5097883343696594 106.28 30.68 242.91 116.70 229.03 138.75 92.40 52.73
0099 0.29342544078826904 123.79 27.05 272.66 91.33 262.22 115.51 113.35 51.23
0007 0.15028899908065796 -20.79 870.61 82.11 949.24 64.54 972.24 -38.36 893.60
0185 0.6276780366897583 434.67 171.92 547.33 280.48 531.27 297.14 418.61 188.58
0185 0.42270296812057495 332.28 811.82 353.62 791.43 455.12 897.66 433.78 918.05
0185 0.39613407850265503 373.08 198.83 391.44 182.56 515.37 322.42 497.01 338.69
0185 0.25023865699768066 311.03 582.87 414.77 669.11 396.64 690.93 292.89 604.69
0185 0.23941010236740112 379.63 182.75 402.58 160.41 541.54 303.18 518.59 325.51
0185 0.23227529227733612 554.51 333.94 649.11 415.77 632.99 434.40 538.40 352.57
0185 0.199981227517128 564.19 316.45 662.87 392.26 647.73 411.96 549.05 336.15
0185 0.06383511424064636 722.66 392.12 850.64 490.70 830.04 517.44 702.06 418.86
0041 0.07190314680337906 429.69 906.87 454.25 898.16 493.44 1008.57 468.87 1017.29
0191 0.06663843244314194 942.13 566.44 1056.80 667.29 1039.51 686.94 924.84 586.08
0037 0.14509260654449463 770.01 878.26 798.61 860.86 883.11 999.77 854.52 1017.16
0042 0.22216254472732544 452.09 762.39 578.59 788.64 574.14 810.07 447.64 783.82
0096 0.42650943994522095 111.94 828.12 241.49 914.81 227.25 936.09 97.70 849.41
0096 0.40652036666870117 150.49 821.25 272.61 882.77 260.44 906.92 138.32 845.40
0096 0.2840205430984497 -8.29 699.03 128.95 792.70 113.48 815.36 -23.76 721.69
0096 0.18837609887123108 -35.17 721.85 96.62 799.94 82.71 823.42 -49.08 745.33
0096 0.07545994222164154 300.83 878.38 432.10 969.11 414.23 994.98 282.96 904.24
0015 0.6917210817337036 764.97 342.62 782.13 327.24 889.78 447.29 872.62 462.68
0015 0.6676359176635742 597.18 440.37 615.63 423.52 721.84 539.72 703.40 556.58
0015 0.16558806598186493 558.61 464.90 576.94 448.07 655.83 533.99 637.51 550.81
0015 0.1329130381345749 37.59 817.77 135.53 885.32 118.82 909.54 20.89 841.99
0009 0.08390262722969055 29.16 491.92 89.29 545.28 70.99 565.90 10.86 512.53
0028 0.7319251894950867 532.47 507.78 678.55 530.38 675.55 549.78 529.47 527.17
0028 0.3458983898162842 377.32 464.47 521.70 515.57 513.93 537.54 369.55 486.45
0028 0.06659749150276184 569.64 467.75 702.76 533.36 692.88 553.40 559.77 487.79
0043 0.06368152052164078 791.59 284.63 818.38 264.35 891.30 360.69 864.51 380.97
0036 0.07685840129852295 484.03 130.34 602.01 37.96 621.79 63.22 503.81 155.60
0024 0.14749257266521454 701.80 517.53 785.57 597.29 769.83 613.83 686.06 534.06
0024 0.07948411256074905 781.46 639.88 794.01 628.16 863.82 702.92 851.28 714.64
0160 0.43659478425979614 861.57 919.76 979.78 1005.45 965.39 1025.30 847.18 939.61
0160 0.38704267144203186 883.20 896.92 1029.11 977.44 1016.28 1000.69 870.37 920.16
0160 0.05804549530148506 847.66 937.15 967.97 1026.29 953.59 1045.69 833.29 956.55
0089 0.6401554346084595 639.18 549.24 659.58 535.06 747.75 661.95 727.34 676.13
0089 0.4521963596343994 32.27 464.51 55.05 454.90 104.69 572.64 81.92 582.25
0089 0.3525017499923706 94.19 633.25 117.31 627.68 144.76 741.48 121.64 747.05
0089 0.17277319729328156 535.35 428.46 553.57 412.50 637.06 507.84 618.84 523.80
0089 0.07930590957403183 0.85 331.78 32.37 326.28 48.31 417.78 16.79 423.27
0151 0.06678413599729538 365.01 923.30 387.41 914.98 433.86 1039.96 411.45 1048.29
0151 0.05296819657087326 620.65 898.74 651.62 890.06 689.58 1025.57 658.62 1034.24
0057 0.5481671094894409 438.85 685.86 589.33 712.82 585.47 734.34 434.99 707.38
0057 0.19358877837657928 629.90 729.73 819.82 776.88 812.69 805.59 622.77 758.45
0032 0.5686039328575134 790.18 214.66 812.31 225.60 741.12 369.58 719.00 358.65
0032 0.22380614280700684 776.67 202.88 796.26 214.08 721.18 345.47 701.59 334.27
0032 0.11029859632253647 753.32 196.00 774.07 206.87 705.72 337.27 684.98 326.40
0052 0.39349165558815 814.22 509.93 842.49 499.11 892.19 628.95 863.92 639.77
0161 0.4102316200733185 77.31 921.04 187.82 1024.83 169.81 1044.00 59.30 940.21
0161 0.3121168911457062 108.06 906.36 225.19 990.43 209.36 1012.48 92.23 928.41
0161 0.05781521275639534 134.87 963.07 259.18 1033.01 245.81 1056.77 121.50 986.83
0090 0.5636237859725952 111.22 385.90 133.95 368.42 238.12 503.89 215.38 521.37
0090 0.558498203754425 135.44 13.50 150.31 2.30 233.08 112.20 218.21 123.40
0090 0.48361483216285706 245.95 155.20 264.69 141.39 348.94 255.74 330.20 269.55
0090 0.22903819382190704 160.63 370.34 183.16 358.51 248.93 483.77 226.40 495.60
0152 0.3612078130245209 431.84 525.27 456.29 515.11 505.12 632.65 480.67 642.81
0152 0.16780827939510345 613.28 504.22 639.72 493.85 693.67 631.40 667.24 641.77
0033 0.508037805557251 767.56 18.61 884.54 121.70 867.08 141.52 750.10 38.42
0033 0.1254347860813141 299.03 13.78 323.04 8.76 350.74 141.18 326.73 146.20
0053 0.610414445400238 235.79 721.53 262.85 716.37 291.04 864.15 263.98 869.31
0053 0.3521277904510498 910.50 863.61 934.44 854.21 987.76 990.04 963.82 999.44
0053 0.30179932713508606 25.32 513.30 54.49 506.90 82.60 635.06 53.43 641.46
0053 0.2300858050584793 935.85 812.19 962.91 798.34 1046.75 962.12 1019.69 975.97
0053 0.11867137253284454 927.98 851.25 955.27 840.50 1009.22 977.41 981.94 988.16
0053 0.07829106599092484 973.85 797.57 999.51 787.92 1050.27 922.98 1024.62 932.62
0053 0.06593961268663406 595.82 698.61 621.29 686.69 677.57 806.88 652.09 818.81
0053 0.05183538794517517 999.19 800.05 1057.97 848.91 1046.81 862.33 988.03 813.47
0058 0.21410724520683289 810.75 121.00 836.13 109.61 889.64 228.81 864.25 240.20
0026 0.7481768727302551 523.33 605.78 546.89 600.25 579.39 738.51 555.84 744.05
0026 0.6676644086837769 476.70 617.56 502.70 613.66 521.65 739.97 495.66 743.87
0026 0.3604196310043335 725.47 612.81 746.64 605.24 793.22 735.51 772.05 743.08
0026 0.28712084889411926 497.97 608.11 522.02 601.83 556.86 735.41 532.81 741.68
0026 0.17651309072971344 707.46 617.10 731.81 609.65 773.62 746.30 749.27 753.75
0026 0.10437951982021332 675.17 634.06 699.20 624.32 754.53 760.82 730.50 770.56
0026 0.07820822298526764 297.99 524.56 321.49 505.56 389.51 589.67 366.01 608.67
0162 0.5298451781272888 884.02 724.30 979.09 814.87 962.13 832.67 867.06 742.10
0162 0.4898833632469177 733.84 594.78 878.36 695.42 863.22 717.16 718.70 616.52
0162 0.374350905418396 858.71 516.00 1000.03 626.83 983.08 648.45 841.76 537.62
0162 0.3602478504180908 906.02 496.78 1025.76 598.40 1009.87 617.13 890.13 515.51
0162 0.3397919237613678 788.79 907.10 905.13 993.32 887.89 1016.58 771.55 930.37
0162 0.3226778507232666 696.33 627.82 848.12 738.13 834.27 757.20 682.47 646.89
0162 0.15972362458705902 699.29 615.24 874.17 713.48 861.17 736.62 686.30 638.37
0162 0.06493488699197769 781.12 926.17 893.98 1021.52 878.92 1039.35 766.06 943.99
0157 0.08502122014760971 717.28 737.11 754.71 734.91 760.73 837.35 723.30 839.55
0020 0.09886503219604492 243.60 498.72 273.20 517.65 164.10 688.26 134.49 669.33
0054 0.6951904296875 816.64 778.98 837.40 768.95 905.16 909.23 884.40 919.26
0054 0.6056989431381226 515.12 865.69 538.02 858.28 584.49 1001.91 561.59 1009.32
0054 0.4117923974990845 802.54 777.34 824.31 770.47 872.25 922.39 850.48 929.26
0054 0.3535093367099762 591.96 812.92 618.94 807.17 652.82 966.21 625.84 971.95
0054 0.3372173011302948 533.87 853.02 556.05 845.58 605.30 992.26 583.12 999.71
0054 0.30054229497909546 788.55 775.80 810.86 771.07 844.29 928.68 821.97 933.41
0054 0.27576062083244324 397.09 284.73 422.41 275.52 473.96 417.17 448.64 426.39
0054 0.26789790391921997 564.09 835.55 588.16 831.00 618.90 993.62 594.83 998.17
0054 0.21505028009414673 692.35 802.77 712.70 790.34 796.04 926.76 775.68 939.19
0054 0.1397828906774521 716.41 806.80 735.09 793.33 829.29 923.94 810.61 937.41
0054 0.07211292535066605 828.81 761.84 850.84 751.04 915.49 882.98 893.46 893.77
0054 0.0584569126367569 519.18 948.17 639.52 1036.78 624.82 1056.75 504.47 968.14
0059 0.6430432796478271 908.99 466.59 931.57 457.18 991.93 601.94 969.35 611.36
0059 0.570177435874939 241.02 320.34 268.50 317.47 284.77 473.47 257.29 476.34
0059 0.3027704954147339 22.28 105.85 50.32 98.70 84.59 233.18 56.55 240.32
0059 0.23716211318969727 945.38 449.89 968.97 442.39 1021.28 606.84 997.69 614.35
0059 0.10726790875196457 984.24 428.33 1010.03 426.69 1019.37 573.97 993.58 575.61
0059 0.05294027552008629 999.20 404.93 1016.82 398.44 1046.66 479.42 1029.03 485.91
0059 0.05056634917855263 -34.00 101.45 64.91 191.71 46.84 211.51 -52.08 121.26
0027 0.06357430666685104 927.89 145.80 955.48 134.48 996.87 235.36 969.29 246.68
0060 0.6026427149772644 422.68 377.60 450.20 367.51 503.49 512.85 475.97 522.94
0060 0.35359466075897217 113.58 463.11 135.94 455.34 183.56 592.48 161.21 600.24
0060 0.28831517696380615 159.22 402.59 186.71 400.11 203.15 582.48 175.66 584.96
0060 0.16012628376483917 198.32 413.00 226.99 411.41 235.07 557.73 206.41 559.32
0055 0.6625351905822754 427.14 778.11 450.19 771.65 491.28 918.28 468.23 924.74
0055 0.5208098888397217 193.26 804.66 217.41 799.78 250.05 961.30 225.90 966.18
0055 0.4923347234725952 113.51 865.19 135.82 857.75 180.79 992.56 158.48 1000.00
0055 0.3151412904262543 166.58 820.66 193.84 817.09 218.33 1004.16 191.08 1007.73
0055 0.3108588755130768 292.91 790.07 318.51 781.18 371.14 932.87 345.55 941.75
0055 0.29662853479385376 132.69 846.64 158.56 839.17 204.11 996.76 178.24 1004.23
0055 0.24405412375926971 391.57 788.64 413.13 778.98 478.45 924.85 456.89 934.50
0055 0.11143463104963303 370.85 784.66 394.18 775.93 452.37 931.34 429.04 940.07
0055 0.0990455225110054 318.99 789.48 340.80 782.17 389.66 927.88 367.84 935.19
0055 0.06438988447189331 423.96 769.50 445.69 754.12 526.24 867.87 504.52 883.25
0055 0.06044584885239601 352.14 803.26 375.84 794.83 425.15 933.48 401.44 941.91
0088 0.44107213616371155 935.42 826.11 953.24 810.92 1030.80 901.89 1012.98 917.08
0062 0.16116724908351898 232.43 329.14 418.49 367.39 411.27 402.49 225.22 364.24
0061 0.5150377750396729 848.51 274.39 985.67 325.91 977.78 346.91 840.62 295.40
0056 0.7437780499458313 24.79 376.33 48.94 367.75 102.55 518.49 78.41 527.08
0056 0.24136975407600403 7.30 392.44 35.46 384.72 74.60 527.54 46.44 535.26
0056 0.07709162682294846 -15.67 387.06 22.63 381.86 48.51 572.60 10.21 577.80
0154 0.48087364435195923 855.52 422.10 1002.18 462.45 997.17 480.69 850.51 440.34
0154 0.398222416639328 858.45 405.44 1015.02 437.27 1010.96 457.25 854.39 425.42
0154 0.1566462367773056 666.87 383.50 805.17 413.16 800.17 436.48 661.87 406.82
0154 0.06826876103878021 939.48 348.69 1050.87 451.91 1032.00 472.27 920.61 369.06
0154 0.05119692161679268 600.70 648.37 684.79 632.37 688.58 652.29 604.49 668.29
0067 0.40510764718055725 882.22 64.50 913.65 61.28 930.86 229.18 899.42 232.40
0067 0.05287409573793411 885.74 61.21 917.62 46.18 994.45 209.12 962.57 224.15
0049 0.16694822907447815 11.17 907.90 44.95 895.36 86.46 1007.22 52.67 1019.76
0049 0.14240242540836334 778.35 689.05 802.88 669.94 900.00 794.55 875.47 813.66
0093 0.13701795041561127 42.59 125.24 276.99 122.23 277.46 159.17 43.07 162.17
0077 0.11155429482460022 694.62 28.96 722.08 42.92 653.84 177.15 626.38 163.19
0063 0.30426642298698425 867.43 862.28 895.86 854.01 940.14 1006.42 911.71 1014.68
0082 0.661375880241394 248.25 178.99 270.77 169.21 328.59 302.34 306.08 312.12
0117 0.26675552129745483 608.70 -9.44 742.30 2.26 740.42 23.67 606.82 11.97
0117 0.15452177822589874 803.84 10.64 983.35 56.45 976.45 83.47 796.94 37.65
0117 0.07973620295524597 801.19 -0.16 988.72 10.96 987.15 37.53 799.62 26.41
0122 0.7074923515319824 331.77 599.79 352.81 591.88 407.03 736.09 385.99 744.00
0122 0.5962269902229309 101.41 602.79 126.32 592.45 190.33 746.61 165.42 756.96
0122 0.42592087388038635 319.14 595.29 339.83 590.60 376.59 752.95 355.90 757.63
0122 0.21808776259422302 298.71 599.09 319.11 593.89 360.23 755.34 339.82 760.53
0122 0.09349127113819122 263.25 609.60 286.54 599.96 357.40 771.18 334.10 780.82
0073 0.5237697958946228 35.95 177.45 151.14 272.24 137.55 288.76 22.36 193.97
0073 0.5150755047798157 16.21 219.23 116.75 311.05 99.07 330.41 -1.47 238.59
0073 0.343835711479187 19.40 474.75 122.21 555.79 104.95 577.69 2.14 496.65
0073 0.31340935826301575 26.40 190.46 139.00 286.92 124.05 304.38 11.44 207.92
0073 0.2830454409122467 163.98 304.34 250.87 387.49 231.72 407.50 144.83 324.35
0073 0.11507945507764816 145.60 330.66 253.59 409.19 238.96 429.31 130.97 350.78
0064 0.6980701088905334 513.31 56.56 538.91 48.70 586.88 205.04 561.28 212.90
0064 0.4472322463989258 806.44 -16.28 828.09 -28.76 906.25 106.88 884.60 119.36
0064 0.2991511821746826 601.33 15.26 631.22 14.96 633.09 197.50 603.19 197.81
0064 0.2731865644454956 545.50 36.33 569.16 32.56 595.36 197.07 571.71 200.83
0064 0.27198535203933716 63.25 864.92 93.90 853.87 152.51 1016.50 121.86 1027.55
0064 0.16562512516975403 792.21 -14.44 817.16 -25.11 881.03 124.21 856.08 134.88
0064 0.11191660910844803 560.64 13.95 587.44 9.35 619.23 194.61 592.42 199.21
0064 0.07290781289339066 778.95 5.38 801.43 -4.21 859.47 131.85 836.99 141.44
0064 0.06029076501727104 697.22 8.05 723.68 -5.41 802.04 148.68 775.58 162.14
0064 0.05074720084667206 760.69 -4.77 787.57 -9.30 814.88 152.52 788.00 157.06
0083 0.1298680603504181 515.97 84.45 640.28 117.97 634.13 140.78 509.82 107.25
0051 0.07899055629968643 622.27 -9.53 846.96 20.62 841.47 61.57 616.77 31.42
0123 0.11180737614631653 650.86 55.17 676.51 43.11 725.10 146.48 699.45 158.53
0123 0.09680389612913132 654.37 668.35 688.89 651.95 771.21 825.29 736.68 841.69
0065 0.2992132008075714 874.26 464.63 900.25 458.42 937.25 613.20 911.26 619.41
0124 0.45869457721710205 556.62 543.90 697.09 594.24 690.69 612.09 550.22 561.75
0124 0.343445748090744 348.45 510.60 513.95 545.25 508.88 569.48 343.38 534.83
0124 0.09052955359220505 577.57 537.39 686.53 566.51 681.10 586.84 572.14 557.72
0124 0.05199277400970459 545.71 568.28 686.99 599.70 682.84 618.36 541.56 586.93
0080 0.13483403623104095 689.03 524.20 859.82 457.73 872.64 490.67 701.85 557.14
0066 0.23729737102985382 486.39 461.70 524.58 460.93 528.54 656.77 490.36 657.54
0085 0.2791328728199005 43.32 676.21 76.52 676.10 77.06 842.80 43.86 842.91
0135 0.07220159471035004 684.19 5.89 808.33 84.52 784.86 121.57 660.73 42.94
0125 0.5741220712661743 551.62 150.00 700.48 186.53 696.22 203.90 547.36 167.37
0125 0.36733290553092957 361.17 110.93 508.28 152.27 502.31 173.50 355.21 132.16
0125 0.06234133243560791 570.72 141.35 680.99 163.95 677.42 181.39 567.15 158.78
0125 0.058890871703624725 361.95 96.31 521.61 124.70 517.19 149.56 357.53 121.18
0125 0.052985433489084244 545.34 170.62 683.38 194.52 679.84 214.97 541.80 191.07
0142 0.2043294608592987 341.34 663.53 372.41 658.77 391.72 784.96 360.66 789.71
0142 0.05911380797624588 469.96 880.72 663.42 783.52 680.69 817.89 487.23 915.10
0139 0.21602903306484222 465.43 206.81 486.57 221.27 422.99 314.20 401.86 299.74
0086 0.3212549388408661 439.24 264.51 473.40 263.69 477.50 435.10 443.34 435.92
0046 0.2856433689594269 622.09 401.68 789.40 425.28 785.34 454.05 618.03 430.45
0121 0.2929481863975525 161.91 437.19 310.27 473.77 304.33 497.86 155.97 461.29
0121 0.13169950246810913 -38.85 404.35 123.88 437.86 119.01 461.51 -43.72 428.01
0143 0.3455891013145447 118.65 326.30 143.12 320.95 170.61 446.72 146.15 452.07
0143 0.17569085955619812 931.50 605.59 1055.62 642.36 1050.43 659.88 926.31 623.11
0143 0.05428114905953407 945.37 530.52 1116.70 669.23 1088.31 704.30 916.97 565.59
0177 0.3372565507888794 571.49 681.26 596.95 669.55 660.05 806.76 634.60 818.47
0177 0.22941316664218903 613.05 660.53 635.18 647.31 702.80 760.55 680.67 773.76
0177 0.12870728969573975 596.93 674.35 622.45 663.56 676.30 791.00 650.78 801.79
0163 0.4262385070323944 247.20 621.52 353.54 708.55 338.96 726.37 232.62 639.34
0163 0.2608848214149475 216.55 625.80 368.36 741.83 351.85 763.44 200.03 647.41
0163 0.24763447046279907 80.48 523.81 202.02 626.31 180.90 651.36 59.36 548.86
0163 0.12620197236537933 479.46 620.81 609.09 714.18 589.80 740.96 460.18 647.59
0163 0.0865590050816536 82.41 730.00 175.04 796.56 154.76 824.77 62.14 758.21
0163 0.05881297215819359 115.50 514.71 232.37 591.74 215.40 617.49 98.52 540.47
0163 0.058165937662124634 222.29 663.38 320.59 730.38 311.31 744.00 213.01 677.00
0109 0.10294350981712341 152.54 567.91 304.14 605.91 297.15 633.79 145.55 595.79
0148 0.21844623982906342 947.14 625.30 976.10 616.00 1024.43 766.45 995.47 775.75
0148 0.05251096561551094 968.57 629.50 993.33 619.20 1047.06 748.45 1022.30 758.74
0114 0.24525322020053864 605.18 769.47 774.02 803.00 769.18 827.37 600.34 793.84
0114 0.14875105023384094 813.04 809.87 995.87 839.88 991.28 867.81 808.46 837.80
0144 0.06146648898720741 62.16 65.05 245.08 9.53 255.57 44.10 72.65 99.62
0168 0.07383815199136734 419.50 708.95 445.51 685.80 506.87 754.75 480.87 777.89
0164 0.3817864954471588 895.51 330.87 973.86 405.30 957.15 422.90 878.79 348.47
0164 0.28882500529289246 850.17 122.92 869.07 104.69 997.19 237.47 978.28 255.71
0164 0.28225603699684143 888.87 105.62 1038.42 179.75 1026.37 204.08 876.81 129.95
0164 0.08895465731620789 776.67 519.32 795.79 501.42 885.56 597.27 866.45 615.17
0106 0.052360065281391144 -42.21 105.37 84.40 187.90 67.59 213.70 -59.02 131.16
0165 0.28740736842155457 388.02 107.02 498.53 187.86 482.83 209.31 372.32 128.48
0165 0.15182168781757355 396.79 824.47 429.79 844.85 342.01 987.01 309.01 966.63
0017 0.5052626729011536 750.61 600.59 864.81 694.50 846.24 717.08 732.04 623.17
0017 0.38567256927490234 601.05 34.08 621.10 18.72 713.64 139.53 693.59 154.89
0017 0.371197372674942 40.64 425.73 145.79 485.05 131.66 510.09 26.52 450.76
0017 0.3110785484313965 574.92 68.75 590.53 56.76 651.84 136.52 636.24 148.51
0017 0.10955194383859634 581.43 42.84 602.72 29.33 676.12 144.99 654.83 158.50
0017 0.06808622181415558 801.09 -38.17 902.80 32.31 885.01 57.98 783.30 -12.50
0170 0.07348035275936127 30.07 280.95 107.87 352.20 86.02 376.06 8.22 304.81
0116 0.40031519532203674 401.87 411.35 552.28 450.63 546.98 470.91 396.57 431.63
0116 0.2733636796474457 216.16 370.22 367.87 404.52 362.41 428.69 210.70 394.39
0116 0.07142692804336548 413.90 400.93 539.63 430.09 535.85 446.38 410.12 417.21
0107 0.6560996770858765 851.98 730.95 871.15 721.59 934.73 851.69 915.56 861.06
0107 0.6047595739364624 920.02 709.51 941.52 701.69 991.94 840.45 970.43 848.26
0107 0.43914180994033813 703.45 722.76 724.56 716.03 767.90 852.01 746.78 858.74
0107 0.3836164176464081 652.45 726.24 677.70 720.16 721.43 901.84 696.17 907.92
0107 0.312785804271698 877.24 719.87 897.38 712.69 945.37 847.20 925.23 854.38
0107 0.2571020722389221 898.90 706.83 921.14 699.92 965.79 843.65 943.55 850.56
0107 0.17758677899837494 673.03 726.75 694.61 719.30 748.42 875.06 726.84 882.52
0107 0.05181368812918663 488.49 605.88 515.16 591.92 567.49 691.88 540.83 705.84
0022 0.08263204246759415 645.21 105.18 672.54 124.29 556.45 290.28 529.13 271.17
0108 0.07864020764827728 706.15 245.48 727.02 235.37 772.44 329.10 751.57 339.21
0108 0.06012468785047531 883.55 216.82 903.71 199.47 992.17 302.29 972.01 319.64
