0005 0.06347665935754776 77.24 357.35 259.60 518.73 218.87 564.75 36.51 403.37
0013 0.41767582297325134 191.32 663.24 395.09 855.83 347.70 905.97 143.93 713.39
0097 0.20417748391628265 897.17 206.04 1088.58 396.53 1037.10 448.26 845.69 257.77
0097 0.11681348085403442 759.18 -63.08 1053.52 65.87 1018.98 144.72 724.63 15.77
0097 0.0537477470934391 220.52 395.74 383.02 465.10 370.01 495.59 207.51 426.23
0006 0.14153353869915009 470.51 924.10 740.90 704.88 781.48 754.93 511.09 974.15
0183 0.5593782663345337 326.02 122.01 596.72 336.59 545.75 400.90 275.05 186.31
0183 0.23463504016399384 402.68 501.06 441.73 465.64 605.49 646.16 566.43 681.59
0183 0.056184034794569016 314.52 775.53 447.54 899.94 427.06 921.84 294.04 797.43
0001 0.20298521220684052 522.55 620.07 713.18 742.02 685.91 784.64 495.28 662.69
0040 0.05323013663291931 359.42 600.53 576.78 504.60 598.14 553.00 380.78 648.93
0179 0.09869755059480667 123.20 781.93 339.10 877.59 320.82 918.86 104.91 823.20
0194 0.05187948793172836 39.74 792.14 124.93 793.62 124.55 815.39 39.36 813.91
0189 0.21862098574638367 633.24 276.86 672.46 243.96 821.82 422.05 782.59 454.95
0002 0.07448694109916687 586.42 546.59 764.36 702.96 728.87 743.34 550.94 586.97
0002 0.05753554031252861 540.94 652.08 603.17 606.74 784.93 856.28 722.70 901.61
0180 0.1860159933567047 693.18 972.95 876.71 961.50 879.14 1000.35 695.60 1011.79
0190 0.12004884332418442 53.63 706.51 130.87 727.23 59.07 994.96 -18.17 974.24
0185 0.21049267053604126 841.49 74.84 1017.04 243.86 980.94 281.35 805.39 112.33
0095 0.35910093784332275 772.24 737.36 1032.90 868.39 998.31 937.20 737.65 806.17
0095 0.05361434817314148 656.55 797.00 721.79 734.23 1030.21 1054.75 964.97 1117.53
0008 0.09763602912425995 408.33 437.00 702.27 397.48 713.35 479.91 419.42 519.42
0181 0.45906391739845276 727.60 540.62 946.28 710.51 909.00 758.48 690.33 588.60
0181 0.08196921646595001 137.56 -53.79 333.12 85.59 301.04 130.59 105.48 -8.79
0181 0.06891953200101852 594.40 -21.82 813.93 15.35 803.18 78.80 583.65 41.63
0181 0.05246928706765175 724.26 472.24 1104.13 597.42 1075.21 685.17 695.34 559.99
0096 0.4139626920223236 488.15 620.76 720.00 807.42 674.69 863.71 442.84 677.05
0096 0.32034626603126526 364.29 372.28 635.93 439.85 616.11 519.51 344.48 451.93
0096 0.07115606963634491 300.83 878.38 432.10 969.11 414.23 994.98 282.96 904.24
0096 0.0610746368765831 604.22 551.83 838.69 678.72 806.42 738.34 571.96 611.46
0015 0.053629644215106964 24.94 792.41 146.95 908.76 117.49 939.66 -4.52 823.31
0010 0.3433571457862854 634.47 660.18 980.16 785.97 950.10 868.58 604.41 742.79
0010 0.05947800353169441 643.60 691.14 951.37 978.00 897.52 1035.77 589.75 748.92
0024 0.43332424759864807 114.29 -16.75 174.02 -73.08 401.84 168.50 342.11 224.82
0155 0.22840279340744019 66.96 624.99 400.04 612.58 402.50 678.67 69.42 691.08
0151 0.1619662195444107 -65.71 485.40 200.29 454.18 208.51 524.21 -57.49 555.43
0057 0.07137376815080643 415.22 165.79 458.03 160.11 480.18 327.19 437.37 332.86
0025 0.0566982626914978 29.35 763.73 255.57 811.18 244.27 865.04 18.05 817.58
0161 0.3649485409259796 403.97 414.76 686.25 541.18 652.74 615.99 370.46 489.57
0161 0.09630380570888519 462.73 859.40 840.29 960.89 815.84 1051.85 438.28 950.36
0161 0.07538510859012604 349.21 494.92 406.50 445.05 616.27 686.07 558.97 735.94
0161 0.0662977397441864 780.99 -77.64 1077.88 98.65 1028.97 181.03 732.07 4.74
0152 0.07329937815666199 587.00 500.89 634.32 490.20 677.56 681.52 630.25 692.22
0152 0.06098208576440811 -67.73 60.68 178.90 82.03 172.93 150.95 -73.70 129.60
0053 0.21721558272838593 342.13 403.23 594.44 336.16 607.32 384.60 355.01 451.67
0053 0.10568295419216156 376.22 940.26 627.15 878.83 638.28 924.31 387.35 985.74
0026 0.07401378452777863 301.13 187.82 334.40 171.86 414.19 338.16 380.91 354.12
0162 0.10658586025238037 28.43 911.78 246.23 1012.54 220.05 1069.13 2.25 968.37
0020 0.6458240747451782 148.22 789.83 212.19 742.63 381.62 972.26 317.66 1019.46
0020 0.09823871403932571 744.68 -57.39 964.57 72.49 935.13 122.33 715.25 -7.55
0054 0.053481388837099075 664.18 751.11 930.03 896.25 887.67 973.84 621.82 828.71
0059 0.13801200687885284 350.56 881.26 387.39 854.17 493.50 998.43 456.67 1025.52
0059 0.10142344236373901 379.15 546.73 626.07 473.08 639.83 519.22 392.91 592.87
0059 0.09237528592348099 331.27 8.96 529.25 -44.41 542.11 3.27 344.13 56.64
0048 0.2629157602787018 737.11 814.30 973.11 730.89 989.60 777.55 753.60 860.95
0158 0.05082995444536209 20.85 93.06 255.48 85.25 257.67 151.12 23.05 158.93
0027 0.21000243723392487 702.07 352.50 933.27 274.09 949.23 321.16 718.03 399.57
0055 0.0740598663687706 254.89 753.39 536.13 887.03 496.68 970.06 215.43 836.42
0159 0.3230530619621277 787.83 854.31 1068.19 921.00 1049.61 999.14 769.25 932.46
0159 0.09564300626516342 728.03 895.62 1022.81 992.71 1002.46 1054.49 707.69 957.39
0159 0.050149183720350266 844.23 752.66 1082.55 897.96 1054.94 943.24 816.62 797.95
0049 0.22401362657546997 341.94 798.11 585.66 741.44 596.91 789.81 353.18 846.48
0063 0.15703178942203522 740.20 454.26 801.35 428.77 905.27 678.08 844.12 703.57
0063 0.13070735335350037 774.07 143.68 1018.39 75.67 1030.87 120.50 786.55 188.51
0082 0.09776322543621063 854.81 815.70 926.86 780.55 1050.88 1034.71 978.83 1069.87
0117 0.09199933707714081 813.22 30.60 1006.61 -1.02 1013.17 39.06 819.77 70.68
0122 0.27601754665374756 264.62 303.59 324.63 292.27 372.61 546.60 312.59 557.92
0122 0.06830650568008423 255.71 602.55 303.04 592.38 349.41 808.04 302.07 818.22
0132 0.08538768440485 23.89 609.39 73.45 598.39 114.83 784.92 65.26 795.91
0132 0.05029641464352608 128.50 779.95 170.33 747.24 288.10 897.85 246.27 930.55
0078 0.06467286497354507 663.80 125.76 753.77 104.99 757.93 123.01 667.96 143.77
0073 0.22519513964653015 841.51 -47.73 1097.59 48.04 1069.39 123.44 813.31 27.66
0073 0.19061382114887238 438.05 76.09 606.96 234.56 569.83 274.14 400.92 115.67
0064 0.1953328549861908 16.98 154.36 218.73 61.69 238.93 105.67 37.19 198.34
0064 0.08302325755357742 658.10 -77.21 948.61 95.00 899.34 178.13 608.82 5.92
0064 0.06477142125368118 -8.67 549.03 31.17 529.63 102.81 676.82 62.97 696.21
0051 0.05402826890349388 631.67 5.20 853.13 -0.73 854.21 39.55 632.75 45.47
0118 0.16679148375988007 211.40 598.35 483.08 625.82 475.74 698.39 204.06 670.92
0069 0.3199721574783325 -26.54 624.01 42.98 566.43 224.59 785.68 155.07 843.27
0069 0.24640274047851562 29.49 878.59 230.05 1018.61 197.91 1064.65 -2.65 924.62
0069 0.07840517163276672 330.93 648.36 364.50 627.34 445.58 756.80 412.01 777.83
0123 0.31543847918510437 -49.15 -22.46 218.45 85.60 190.83 154.00 -76.77 45.94
0123 0.2722339928150177 654.90 343.22 888.13 261.05 907.72 316.67 674.50 398.84
0065 0.1363312155008316 741.78 55.02 805.75 30.21 905.52 287.51 841.55 312.31
0124 0.07610514760017395 -79.17 54.01 149.75 -33.51 171.66 23.81 -57.25 111.34
0080 0.2007371187210083 627.65 252.66 870.44 133.52 897.37 188.41 654.58 307.55
0080 0.11105974018573761 644.70 726.92 855.29 597.57 879.26 636.59 668.67 765.94
0119 0.08162450045347214 649.29 804.77 826.42 733.48 838.56 763.65 661.43 834.94
0066 0.3164762556552887 346.47 77.34 402.60 47.75 520.57 271.57 464.45 301.15
0125 0.27803632616996765 205.82 836.91 275.12 832.93 287.74 1052.74 218.44 1056.73
0071 0.3168581426143646 -17.63 234.50 50.68 180.43 230.59 407.72 162.28 461.79
0071 0.2767951786518097 41.13 475.38 215.20 649.38 177.68 686.91 3.61 512.91
0076 0.053150445222854614 272.43 526.66 374.93 503.06 378.82 519.94 276.32 543.55
0142 0.12856242060661316 447.71 410.81 650.03 337.89 665.07 379.60 462.75 452.52
0142 0.06308312714099884 461.85 864.58 654.18 790.09 669.07 828.53 476.73 903.01
0126 0.3238915205001831 600.27 0.73 678.14 -1.54 685.10 236.79 607.22 239.06
0147 0.11866889148950577 549.54 680.94 854.91 595.55 869.65 648.26 564.28 733.65
0167 0.21490852534770966 368.76 210.34 416.12 230.25 336.29 420.15 288.93 400.25
0163 0.37555310130119324 391.80 41.80 629.84 237.11 580.80 296.88 342.76 101.57
0163 0.17759786546230316 413.62 12.78 715.37 167.08 678.57 239.03 376.82 84.73
0163 0.11005338281393051 1.43 695.59 196.06 791.90 173.98 836.52 -20.65 740.21
0163 0.06825993210077286 51.21 523.60 109.87 466.86 346.28 711.26 287.63 768.00
0148 0.111944779753685 174.82 763.70 400.24 658.23 418.60 697.47 193.18 802.94
0148 0.08792460709810257 158.61 254.60 487.07 202.48 496.96 264.78 168.50 316.90
0114 0.07954686135053635 812.16 799.83 1053.61 823.96 1048.63 873.81 807.18 849.68
0144 0.14166507124900818 63.14 44.21 262.99 -16.01 277.02 30.54 77.16 90.76
0168 0.06734897941350937 -16.71 206.35 31.06 189.75 90.57 361.00 42.80 377.59
0164 0.09222731739282608 79.59 516.90 271.31 633.41 241.98 681.68 50.26 565.17
0164 0.08449039608240128 706.30 192.20 908.95 309.61 879.06 361.20 676.41 243.79
0115 0.05483189597725868 543.99 522.16 585.76 498.66 689.14 682.39 647.36 705.90
0165 0.06565691530704498 87.42 896.63 310.22 1000.27 279.58 1066.14 56.78 962.50
0170 0.09886785596609116 523.58 -66.19 718.54 68.08 680.49 123.33 485.53 -10.94
0107 0.10538698732852936 63.96 823.37 354.52 764.74 365.37 818.49 74.81 877.12
0022 0.5093240737915039 561.05 338.34 799.88 549.15 747.34 608.67 508.51 397.86
0108 0.11812220513820648 463.96 432.54 746.86 355.13 761.60 409.00 478.69 486.40
0029 0.12616781890392303 782.13 480.41 1041.27 434.51 1049.33 480.02 790.20 525.92
0030 0.12350517511367798 779.72 103.32 1003.20 23.99 1017.68 64.78 794.20 144.10
