0044 0.08502595126628876 786.20 73.89 813.22 64.23 867.89 217.14 840.88 226.80
0044 0.0660252645611763 914.24 579.25 931.10 571.33 986.68 689.69 969.81 697.61
0097 0.18517477810382843 220.52 395.74 383.02 465.10 370.01 495.59 207.51 426.23
0097 0.18380075693130493 395.94 284.08 542.79 404.67 522.36 429.55 375.51 308.96
0097 0.11617516726255417 492.55 439.67 665.02 489.14 657.56 515.16 485.09 465.69
0097 0.11459322273731232 359.62 340.33 516.40 393.66 507.99 418.39 351.21 365.05
0045 0.07212556898593903 310.26 532.05 326.24 523.52 392.92 648.45 376.94 656.98
0045 0.052564188838005066 418.03 504.29 441.38 495.00 490.80 619.17 467.44 628.47
0006 0.10154198110103607 118.15 18.53 151.72 -1.25 247.64 161.54 214.07 181.32
0006 0.07841463387012482 614.40 847.87 766.95 738.88 788.72 769.35 636.17 878.35
0183 0.23638074100017548 314.52 775.53 447.54 899.94 427.06 921.84 294.04 797.43
0183 0.11671443283557892 13.59 593.56 39.51 575.25 135.11 710.55 109.19 728.87
0183 0.08231029659509659 -15.16 602.50 130.80 720.60 108.86 747.71 -37.10 629.61
0001 0.08434094488620758 508.72 641.60 544.32 608.27 695.45 769.67 659.85 803.00
0001 0.0753772184252739 649.39 795.66 777.89 860.69 766.97 882.27 638.47 817.25
0188 0.08672145754098892 732.73 6.27 757.60 -14.79 859.63 105.70 834.76 126.76
0040 0.05440005660057068 792.32 476.93 817.66 468.28 861.16 595.66 835.81 604.32
0094 0.07825425267219543 783.32 463.49 807.19 477.56 739.99 591.53 716.11 577.45
0099 0.11089085042476654 106.28 30.68 242.91 116.70 229.03 138.75 92.40 52.73
0099 0.055342089384794235 150.24 15.03 268.41 89.83 255.11 110.84 136.94 36.04
0185 0.29119792580604553 383.74 188.78 520.10 307.86 501.83 328.79 365.46 209.71
0185 0.2015557736158371 721.98 387.38 854.99 500.73 834.69 524.54 701.69 411.20
0185 0.11544455587863922 434.67 171.92 547.33 280.48 531.27 297.14 418.61 188.58
0185 0.08394166827201843 332.28 811.82 353.62 791.43 455.12 897.66 433.78 918.05
0185 0.08287137001752853 295.27 586.67 311.27 572.56 404.82 678.66 388.82 692.76
0185 0.06281239539384842 403.20 199.29 422.91 181.32 528.38 296.96 508.67 314.94
0042 0.1577279269695282 451.24 766.39 575.77 782.29 573.05 803.61 448.52 787.71
0096 0.15982528030872345 300.83 878.38 432.10 969.11 414.23 994.98 282.96 904.24
0096 0.12233224511146545 -8.29 699.03 128.95 792.70 113.48 815.36 -23.76 721.69
0096 0.10602313280105591 115.88 822.71 269.85 886.21 259.08 912.33 105.10 848.83
0096 0.05841944366693497 113.85 839.96 238.43 911.33 225.26 934.32 100.67 862.95
0096 0.055220428854227066 -35.17 721.85 96.62 799.94 82.71 823.42 -49.08 745.33
0015 0.1567276567220688 773.75 328.71 893.43 439.74 876.83 457.63 757.16 346.60
0015 0.14405980706214905 609.28 425.52 727.09 533.34 709.63 552.42 591.82 444.60
0015 0.0841519832611084 31.57 818.60 139.09 878.29 121.87 909.31 14.35 849.63
0015 0.08074445277452469 570.67 440.00 722.43 545.69 702.91 573.71 551.16 468.02
0028 0.2573307454586029 529.34 502.44 677.54 534.57 673.36 553.88 525.16 521.75
0028 0.06657054275274277 377.32 464.47 521.70 515.57 513.93 537.54 369.55 486.45
0024 0.13917554914951324 811.87 611.63 940.33 732.31 914.63 759.67 786.17 638.99
0024 0.05061618983745575 701.80 517.53 785.57 597.29 769.83 613.83 686.06 534.06
0160 0.18198144435882568 883.37 891.65 1028.52 984.11 1014.49 1006.14 869.34 913.69
0160 0.10298885405063629 851.49 921.12 878.65 894.02 1025.37 1041.12 998.21 1068.21
0089 0.10493594408035278 639.18 549.24 659.58 535.06 747.75 661.95 727.34 676.13
0089 0.06390754133462906 30.77 467.29 53.25 456.18 108.71 568.39 86.23 579.50
0057 0.33383142948150635 437.36 685.56 579.61 715.37 575.65 734.28 433.39 704.47
0057 0.13577258586883545 629.90 729.73 819.82 776.88 812.69 805.59 622.77 758.45
0057 0.06878764927387238 415.22 165.79 458.03 160.11 480.18 327.19 437.37 332.86
0032 0.10350468009710312 790.18 214.66 812.31 225.60 741.12 369.58 719.00 358.65
0052 0.1393553912639618 814.22 509.93 842.49 499.11 892.19 628.95 863.92 639.77
0161 0.10988989472389221 59.93 934.47 85.52 911.85 211.67 1054.54 186.09 1077.16
0161 0.053032588213682175 115.61 908.38 215.67 995.96 199.95 1013.92 99.89 926.34
0090 0.1273655891418457 135.44 13.50 150.31 2.30 233.08 112.20 218.21 123.40
0090 0.12717901170253754 98.76 382.68 121.50 363.00 244.04 504.59 221.30 524.27
0090 0.05020390450954437 244.44 148.77 264.75 135.82 340.58 254.72 320.28 267.67
0152 0.07713441550731659 587.00 500.89 634.32 490.20 677.56 681.52 630.25 692.22
0033 0.10134724527597427 757.19 34.68 772.91 19.00 884.54 130.86 868.82 146.54
0053 0.12447365373373032 20.47 519.09 48.85 509.74 87.79 628.06 59.42 637.40
0053 0.11302687972784042 235.79 721.53 262.85 716.37 291.04 864.15 263.98 869.31
0053 0.09540363401174545 969.42 804.88 1003.94 812.70 968.06 971.23 933.53 963.41
0058 0.0671447291970253 819.68 113.35 845.47 104.92 885.97 228.82 860.18 237.25
0026 0.17697834968566895 296.53 194.28 326.85 176.70 421.74 340.37 391.42 357.95
0026 0.15309394896030426 523.33 605.78 546.89 600.25 579.39 738.51 555.84 744.05
0026 0.07706572115421295 495.60 611.69 519.43 612.39 515.58 743.70 491.74 743.00
0162 0.305467426776886 864.63 511.41 987.92 626.70 971.18 644.60 847.90 529.30
0162 0.2728694975376129 891.61 494.38 1027.99 595.20 1013.85 614.33 877.47 513.51
0162 0.26254960894584656 733.84 594.78 878.36 695.42 863.22 717.16 718.70 616.52
0162 0.22272932529449463 690.17 640.64 865.32 716.48 854.31 741.91 679.16 666.08
0162 0.09457118809223175 885.24 729.02 988.18 813.48 975.70 828.69 872.76 744.23
0162 0.09267967939376831 792.44 907.46 890.80 995.39 878.42 1009.24 780.06 921.31
0020 0.12488424777984619 233.05 505.14 259.72 520.22 163.90 689.68 137.23 674.60
0054 0.12607452273368835 816.64 778.98 837.40 768.95 905.16 909.23 884.40 919.26
0054 0.09852956235408783 597.18 810.05 629.41 813.05 612.86 990.54 580.63 987.54
0054 0.09752067178487778 574.57 807.42 605.46 812.96 574.61 984.81 543.73 979.26
0054 0.09164730459451675 395.24 291.01 419.48 280.58 476.53 413.15 452.29 423.58
0054 0.09116368740797043 805.69 783.17 831.56 776.24 878.17 950.37 852.30 957.29
0054 0.08149319887161255 773.38 772.27 798.15 765.84 843.22 939.39 818.45 945.82
0054 0.08093227446079254 749.16 784.85 774.90 781.33 798.05 950.53 772.31 954.05
0054 0.0574694462120533 526.02 829.66 557.83 828.15 567.25 1027.11 535.44 1028.62
0059 0.12853708863258362 915.81 469.28 932.93 461.95 991.67 599.30 974.56 606.62
0059 0.11620424687862396 235.50 324.22 264.75 318.19 295.43 467.20 266.18 473.22
0059 0.10418864339590073 11.10 109.03 38.02 98.14 88.36 222.57 61.44 233.46
0059 0.07143253833055496 362.28 854.77 401.58 839.54 477.23 1034.73 437.94 1049.96
0059 0.0588374063372612 942.02 420.26 978.24 410.23 1029.05 593.58 992.83 603.61
0060 0.17273998260498047 162.44 393.29 192.47 399.36 154.63 586.32 124.60 580.25
0060 0.14116990566253662 175.00 407.57 204.70 409.90 190.02 596.70 160.32 594.36
0060 0.10927741229534149 421.12 377.10 448.26 365.68 510.45 513.49 483.31 524.91
0060 0.06205243989825249 194.36 385.96 231.26 384.63 238.00 570.85 201.11 572.18
0055 0.12053850293159485 417.08 778.81 447.07 774.25 475.24 959.58 445.25 964.13
0055 0.1151181012392044 180.39 805.36 209.94 807.26 198.16 990.45 168.61 988.55
0055 0.10105396062135696 198.01 804.44 227.42 803.93 230.53 983.02 201.12 983.53
0055 0.08296719938516617 114.83 871.68 131.95 862.94 193.87 984.24 176.76 992.97
0055 0.06827549636363983 351.10 780.46 383.94 774.86 414.70 954.98 381.86 960.58
0055 0.06571591645479202 322.73 776.29 358.27 771.66 381.96 953.71 346.42 958.34
0055 0.054654888808727264 433.90 779.53 455.49 772.61 500.68 913.47 479.09 920.40
0088 0.11377681791782379 935.42 826.11 953.24 810.92 1030.80 901.89 1012.98 917.08
0062 0.12053120136260986 232.43 329.14 418.49 367.39 411.27 402.49 225.22 364.24
0061 0.3169881999492645 838.02 279.15 981.53 319.87 976.09 339.06 832.58 298.34
0056 0.13896669447422028 23.60 384.68 48.46 375.61 100.61 518.47 75.75 527.54
0056 0.1001552864909172 10.98 387.07 44.71 386.05 50.04 563.09 16.32 564.11
0154 0.11497281491756439 858.55 426.62 1004.57 459.82 1000.05 479.68 854.04 446.48
0154 0.058876823633909225 854.92 416.06 1008.51 427.50 1006.98 448.05 853.39 436.61
0067 0.20269635319709778 874.36 61.38 905.58 56.14 936.10 237.80 904.89 243.04
0067 0.06153356283903122 885.74 61.21 917.62 46.18 994.45 209.12 962.57 224.15
0049 0.09067940711975098 786.25 675.28 820.20 662.64 885.33 837.56 851.38 850.20
0093 0.13864687085151672 42.59 125.24 276.99 122.23 277.46 159.17 43.07 162.17
0063 0.09627044200897217 867.43 862.28 895.86 854.01 940.14 1006.42 911.71 1014.68
0082 0.12705785036087036 248.25 178.99 270.77 169.21 328.59 302.34 306.08 312.12
0117 0.16331879794597626 621.22 -14.86 747.75 15.59 743.41 33.63 616.88 3.18
0117 0.06716619431972504 803.47 16.44 994.91 36.63 991.34 70.51 799.90 50.32
0122 0.2540212869644165 111.47 598.21 135.80 591.65 178.83 751.13 154.50 757.69
0122 0.19294816255569458 333.69 592.99 356.47 589.11 384.65 754.70 361.87 758.57
0122 0.15110746026039124 311.31 595.18 331.40 591.52 362.38 761.33 342.28 764.99
0122 0.14301136136054993 268.68 614.34 290.27 604.93 364.79 775.79 343.20 785.21
0122 0.0716886892914772 205.21 578.40 251.11 557.76 364.63 810.18 318.73 830.82
0122 0.056833479553461075 106.18 585.78 137.87 564.67 252.93 737.43 221.24 758.54
0073 0.12271895259618759 -4.79 204.53 16.31 184.96 136.18 314.15 115.09 333.72
0073 0.0929800420999527 39.34 177.55 146.82 267.40 133.86 282.90 26.38 193.06
0073 0.06635371595621109 -24.81 205.38 139.07 326.55 117.71 355.44 -46.18 234.27
0064 0.14788343012332916 514.99 61.54 537.57 53.63 590.99 206.02 568.41 213.94
0064 0.12149843573570251 56.00 854.06 91.27 843.09 148.75 1027.88 113.48 1038.85
0064 0.09248318523168564 579.84 20.05 614.49 16.95 631.46 206.97 596.82 210.07
0064 0.07455187290906906 806.44 -16.28 828.09 -28.76 906.25 106.88 884.60 119.36
0051 0.060666706413030624 617.37 -10.80 840.22 14.82 835.78 53.43 612.93 27.81
0123 0.07869653403759003 649.06 666.09 683.03 647.00 784.56 827.76 750.58 846.85
0065 0.1312815397977829 870.52 463.45 901.13 456.23 940.17 621.79 909.55 629.01
0124 0.17356976866722107 524.28 547.13 711.69 578.18 706.80 607.70 519.39 576.65
0124 0.11336330324411392 325.00 493.43 515.14 530.53 508.66 563.74 318.52 526.64
0080 0.11758942902088165 665.11 535.47 848.53 447.91 865.96 484.42 682.54 571.98
0066 0.17370590567588806 486.39 461.70 524.58 460.93 528.54 656.77 490.36 657.54
0085 0.0948624238371849 37.20 684.88 72.41 682.86 81.57 842.91 46.36 844.93
0135 0.05038437992334366 660.98 7.49 691.01 -20.85 803.16 98.01 773.13 126.34
0125 0.13143830001354218 529.68 148.64 708.32 187.10 702.28 215.14 523.65 176.68
0125 0.10612338781356812 361.25 114.48 513.83 146.25 509.04 169.27 356.45 137.51
0125 0.07002077251672745 570.91 141.77 689.48 163.11 685.79 183.65 567.21 162.31
0142 0.07520395517349243 469.96 880.72 663.42 783.52 680.69 817.89 487.23 915.10
0142 0.06132553517818451 704.16 344.57 881.91 260.19 896.01 289.90 718.26 374.28
0086 0.0922679603099823 430.28 275.71 464.20 273.10 476.53 433.34 442.61 435.95
0046 0.1314627081155777 616.85 400.49 791.54 426.09 787.13 456.19 612.44 430.59
0121 0.07825098186731339 161.59 438.08 309.21 475.57 303.81 496.81 156.20 459.33
0143 0.053657591342926025 932.07 615.91 1045.35 629.40 1043.55 644.46 930.27 630.97
0177 0.08930996805429459 601.90 651.58 633.76 644.00 672.63 807.36 640.76 814.95
0163 0.16017372906208038 479.46 620.81 609.09 714.18 589.80 740.96 460.18 647.59
0163 0.13830767571926117 212.63 643.62 236.84 621.28 365.77 760.99 341.57 783.34
0163 0.10981180518865585 63.65 539.64 84.91 519.56 197.57 638.88 176.31 658.96
0163 0.050693660974502563 247.20 621.52 353.54 708.55 338.96 726.37 232.62 639.34
0148 0.08818516880273819 948.89 629.48 977.79 619.31 1031.13 770.91 1002.24 781.08
0148 0.08508636057376862 174.82 763.70 400.24 658.23 418.60 697.47 193.18 802.94
0114 0.09355128556489944 816.18 810.75 1039.64 838.86 1035.00 875.77 811.54 847.65
0114 0.06163666397333145 605.18 769.47 774.02 803.00 769.18 827.37 600.34 793.84
0144 0.0817345529794693 56.94 64.46 251.80 3.27 263.59 40.82 68.73 102.01
0164 0.338253915309906 850.17 122.92 869.07 104.69 997.19 237.47 978.28 255.71
0164 0.1601325273513794 887.46 94.43 1020.11 214.56 1001.21 235.42 868.57 115.29
0164 0.06691598147153854 888.54 340.28 906.55 328.02 965.02 413.89 947.01 426.16
0164 0.05634032189846039 915.19 108.38 934.55 93.00 1037.97 223.14 1018.61 238.52
0165 0.11876405030488968 396.79 824.47 429.79 844.85 342.01 987.01 309.01 966.63
0165 0.09023179858922958 398.47 108.38 494.78 189.70 480.39 206.74 384.08 125.42
0017 0.12744492292404175 27.31 406.26 148.77 493.18 129.67 519.87 8.21 432.95
0017 0.12473229318857193 719.53 606.66 744.07 582.12 864.48 702.54 839.94 727.08
0017 0.08178914338350296 574.92 68.75 590.53 56.76 651.84 136.52 636.24 148.51
0017 0.06762517988681793 593.52 39.04 612.52 20.64 722.58 134.27 703.59 152.67
0116 0.06878719478845596 412.95 422.75 540.54 456.45 535.75 474.58 408.16 440.88
0116 0.06401761621236801 216.16 370.22 367.87 404.52 362.41 428.69 210.70 394.39
0107 0.11887341737747192 920.02 709.51 941.52 701.69 991.94 840.45 970.43 848.26
0107 0.11262774467468262 861.91 723.84 884.13 716.88 925.30 848.32 903.08 855.29
0107 0.09884387999773026 674.26 712.03 703.39 710.21 715.24 899.20 686.11 901.03
0107 0.08596836030483246 887.95 705.39 913.83 694.49 977.72 846.06 951.85 856.97
0107 0.07593557238578796 727.16 718.18 751.07 719.18 743.85 890.83 719.94 889.83
0022 0.09971796721220016 645.21 105.18 672.54 124.29 556.45 290.28 529.13 271.17
0029 0.051544755697250366 788.20 494.31 1013.67 415.34 1029.03 459.18 803.55 538.15
0112 0.05689454823732376 785.56 512.70 989.32 455.26 998.29 487.10 794.53 544.54
0030 0.07080189138650894 788.86 104.94 1000.15 18.30 1016.27 57.61 804.98 144.25
