0192 0.7556964159011841 555.77 834.70 661.24 748.85 683.21 775.84 577.74 861.70
0182 0.8737080097198486 692.18 872.13 749.82 849.65 756.00 865.50 698.36 887.98
0182 0.6716601848602295 969.64 58.12 1048.10 120.78 1031.48 141.59 953.02 78.93
0005 0.06504786759614944 77.24 357.35 259.60 518.73 218.87 564.75 36.51 403.37
0044 0.09696491807699203 369.84 206.35 578.28 96.05 602.18 141.20 393.74 251.51
0013 0.23053301870822906 158.12 696.28 211.20 654.64 379.25 868.86 326.17 910.50
0018 0.28315210342407227 617.78 693.69 674.98 734.05 664.10 749.48 606.90 709.12
0187 0.8413299918174744 691.99 73.10 751.53 49.50 757.64 64.91 698.09 88.51
0197 0.8526008725166321 762.65 247.28 785.12 240.87 806.31 315.26 783.84 321.66
0197 0.3864797055721283 330.53 570.90 359.97 562.95 385.01 655.72 355.57 663.67
0097 0.1886598914861679 797.88 -2.31 970.46 124.30 946.58 156.86 773.99 30.25
0097 0.11137072741985321 792.23 -30.99 1037.73 48.49 1021.60 98.31 776.10 18.83
0097 0.10205894708633423 883.49 215.08 1076.58 382.34 1035.10 430.21 842.01 262.96
0097 0.05990319699048996 217.30 399.81 382.82 468.71 368.84 502.30 203.32 433.40
0097 0.05969741940498352 557.43 87.57 588.04 75.69 617.21 150.86 586.60 162.74
0019 0.553583562374115 1002.71 767.35 1025.53 780.49 966.86 882.42 944.04 869.29
0006 0.08194322884082794 120.12 17.70 146.12 -2.50 243.16 122.43 217.15 142.63
0006 0.07730977982282639 470.51 924.10 740.90 704.88 781.48 754.93 511.09 974.15
0183 0.8697940707206726 827.98 -4.90 878.80 39.63 863.43 57.17 812.61 12.64
0183 0.3101601302623749 402.48 510.37 439.37 474.74 611.23 652.71 574.35 688.33
0183 0.29576969146728516 326.02 122.01 596.72 336.59 545.75 400.90 275.05 186.31
0183 0.09253382682800293 163.85 740.65 234.36 808.67 220.85 822.67 150.34 754.66
0001 0.0852939635515213 938.82 131.72 984.46 109.42 1067.88 280.11 1022.24 302.42
0001 0.052766118198633194 127.97 15.61 149.76 18.46 141.31 83.10 119.51 80.25
0188 0.07317178696393967 732.73 6.27 757.60 -14.79 859.63 105.70 834.76 126.76
0098 0.8603380918502808 696.30 901.08 723.16 899.37 728.98 990.76 702.12 992.47
0098 0.07066076248884201 662.72 954.93 681.21 941.08 752.81 1036.65 734.33 1050.50
0040 0.09468310326337814 359.42 600.53 576.78 504.60 598.14 553.00 380.78 648.93
0094 0.36459487676620483 261.93 897.74 285.30 890.05 314.05 977.35 290.68 985.04
0194 0.9381765723228455 47.24 791.57 126.99 795.17 126.07 815.54 46.32 811.95
0189 0.42144036293029785 633.24 276.86 672.46 243.96 821.82 422.05 782.59 454.95
0184 0.9557799100875854 656.13 581.50 681.54 588.93 654.88 680.17 629.47 672.75
0002 0.21060894429683685 571.17 568.70 610.15 539.98 740.40 716.78 701.42 745.50
0002 0.11262930184602737 417.44 780.13 443.13 760.97 496.71 832.83 471.02 851.99
0199 0.5268756747245789 794.29 757.79 854.84 733.06 862.30 751.32 801.75 776.05
0195 0.8748849034309387 822.19 499.39 848.05 491.73 869.26 563.38 843.41 571.04
0180 0.3611329197883606 693.18 972.95 876.71 961.50 879.14 1000.35 695.60 1011.79
0185 0.5299437046051025 459.99 510.28 517.36 555.33 505.43 570.52 448.06 525.46
0185 0.4075983762741089 833.33 83.04 1021.36 232.17 990.84 270.65 802.81 121.52
0185 0.09730251133441925 311.03 582.87 414.77 669.11 396.64 690.93 292.89 604.69
0185 0.05669296160340309 330.90 809.68 354.26 788.41 459.98 904.51 436.62 925.78
0095 0.546532392501831 841.58 744.84 1035.90 867.02 1010.88 906.82 816.56 784.64
0095 0.1869862973690033 781.12 775.85 995.72 915.74 966.28 960.91 751.67 821.03
0095 0.05537364259362221 847.37 707.49 1094.03 815.96 1073.60 862.41 826.94 753.94
0181 0.3302970230579376 699.43 572.78 742.83 531.88 934.09 734.83 890.69 775.73
0200 0.653596818447113 556.04 609.15 582.39 620.36 539.87 720.31 513.53 709.10
0196 0.20186950266361237 777.71 232.57 874.97 286.10 859.52 314.18 762.26 260.64
0003 0.05510162562131882 57.99 816.46 98.03 776.73 249.48 929.31 209.44 969.05
0037 0.1279454380273819 331.93 1000.36 584.47 928.12 599.81 981.74 347.27 1053.99
0186 0.452099472284317 1033.95 631.71 1064.59 661.95 929.22 799.11 898.58 768.87
0042 0.2760014832019806 611.21 321.30 660.84 368.12 645.25 384.65 595.62 337.83
0096 0.1089300736784935 479.41 626.43 736.73 803.69 696.14 862.62 438.82 685.35
0096 0.09563679993152618 391.97 355.62 574.74 525.63 531.69 571.91 348.93 401.90
0096 0.08029106259346008 423.76 361.79 465.10 327.38 616.63 509.44 575.30 543.84
0096 0.05900808423757553 300.83 878.38 432.10 969.11 414.23 994.98 282.96 904.24
0015 0.07773347944021225 578.76 455.41 656.20 530.77 642.66 544.69 565.21 469.33
0015 0.0525113046169281 687.86 726.34 756.21 774.41 736.96 801.79 668.61 753.72
0010 0.3113352656364441 730.97 617.14 971.88 788.32 937.05 837.34 696.14 666.16
0010 0.137222558259964 661.31 658.63 920.00 894.68 864.92 955.04 606.23 719.00
0023 0.07859393209218979 983.87 -7.04 1006.85 0.21 976.74 95.57 953.76 88.31
0004 0.7156137824058533 979.12 537.29 1008.13 548.07 971.77 645.99 942.75 635.22
0024 0.22693365812301636 693.68 520.37 711.71 508.06 775.71 601.81 757.68 614.12
0024 0.20840245485305786 123.60 -11.48 183.81 -60.15 395.97 202.37 335.76 251.03
0155 0.9698482155799866 62.93 621.59 394.61 620.87 394.76 688.28 63.08 689.01
0151 0.05050177872180939 -81.24 453.73 211.80 481.02 205.04 553.64 -88.00 526.35
0057 0.33049440383911133 598.57 179.14 616.78 163.68 666.01 221.63 647.80 237.10
0057 0.10937361419200897 415.22 165.79 458.03 160.11 480.18 327.19 437.37 332.86
0057 0.09081636369228363 633.95 718.50 783.05 775.15 772.11 803.93 623.02 747.29
0025 0.30984383821487427 670.60 716.92 900.61 611.55 921.36 656.85 691.36 762.22
0161 0.24572718143463135 401.29 434.85 626.50 654.25 574.28 707.86 349.07 488.46
0161 0.18363264203071594 429.79 411.66 469.48 375.96 666.69 595.20 627.01 630.90
0161 0.06311414390802383 462.73 859.40 840.29 960.89 815.84 1051.85 438.28 950.36
0161 0.052898406982421875 66.91 917.29 235.88 1041.32 214.43 1070.56 45.45 946.52
0012 0.1907975673675537 747.19 995.60 848.22 962.60 857.47 990.91 756.44 1023.92
0053 0.876259446144104 336.89 413.41 587.29 322.59 604.75 370.73 354.35 461.55
0053 0.8657261729240417 377.98 952.72 618.64 869.99 633.69 913.78 393.03 996.51
0053 0.061748676002025604 315.30 952.13 572.09 980.42 566.99 1026.76 310.19 998.47
0026 0.11727150529623032 121.25 546.58 144.83 531.80 202.13 623.21 178.55 637.99
0026 0.054456986486911774 329.58 197.56 365.91 189.98 397.75 342.64 361.42 350.22
0162 0.0808802917599678 28.43 911.78 246.23 1012.54 220.05 1069.13 2.25 968.37
0157 0.5922322273254395 677.63 666.62 740.70 703.82 731.05 720.18 667.98 682.97
0091 0.7009090185165405 366.74 517.02 415.33 502.62 475.21 704.69 426.62 719.09
0020 0.16678109765052795 148.22 789.83 212.19 742.63 381.62 972.26 317.66 1019.46
0059 0.930213212966919 379.15 546.73 626.07 473.08 639.83 519.22 392.91 592.87
0059 0.2776654064655304 331.27 8.96 529.25 -44.41 542.11 3.27 344.13 56.64
0059 0.23258402943611145 346.37 863.07 387.99 837.70 502.05 1024.81 460.43 1050.18
0048 0.8391504883766174 737.09 810.71 974.97 734.10 990.51 782.36 752.63 858.97
0027 0.7195853590965271 702.07 352.50 933.27 274.09 949.23 321.16 718.03 399.57
0027 0.073441281914711 927.89 145.80 955.48 134.48 996.87 235.36 969.29 246.68
0021 0.5438610315322876 566.66 864.88 617.19 849.78 622.39 867.18 571.86 882.28
0021 0.21457414329051971 105.58 244.12 135.27 249.44 116.30 355.28 86.61 349.96
0021 0.07108999788761139 989.54 901.13 1049.44 918.10 1045.07 933.54 985.17 916.56
0159 0.3499037027359009 847.86 797.81 1052.35 933.86 1025.61 974.04 821.13 837.99
0159 0.1885388344526291 754.26 839.08 1074.11 968.19 1043.30 1044.51 723.45 915.40
0062 0.06754275411367416 232.43 329.14 418.49 367.39 411.27 402.49 225.22 364.24
0154 0.08594360947608948 468.93 682.95 558.59 657.84 564.77 679.90 475.11 705.01
0154 0.06839895248413086 598.22 652.85 676.23 623.39 684.87 646.26 606.86 675.73
0049 0.8991652727127075 341.94 798.11 585.66 741.44 596.91 789.81 353.18 846.48
0093 0.06466630846261978 28.04 144.79 278.27 113.08 282.69 148.00 32.46 179.71
0072 0.7380603551864624 258.98 590.55 282.22 598.41 255.64 677.09 232.40 669.24
0077 0.43952512741088867 360.46 394.64 382.95 407.08 344.06 477.36 321.57 464.91
0063 0.8414803147315979 779.22 164.36 1002.49 57.58 1022.96 100.37 799.69 207.16
0063 0.7787352204322815 734.27 474.53 787.60 442.02 920.84 660.60 867.51 693.11
0082 0.2641249895095825 870.34 796.49 939.24 776.45 1010.29 1020.75 941.38 1040.78
0117 0.08660516142845154 995.61 996.43 1055.14 1015.28 1050.20 1030.87 990.68 1012.02
0117 0.0740005150437355 132.41 916.29 195.01 866.19 216.28 892.77 153.67 942.86
0117 0.05604984238743782 803.81 27.71 1001.87 35.04 1000.52 71.34 802.47 64.01
0122 0.1397458016872406 264.23 591.64 316.28 583.03 354.38 813.51 302.32 822.12
0122 0.09580861032009125 268.85 295.06 335.04 285.66 373.36 555.30 307.17 564.71
0068 0.44447121024131775 564.56 456.93 653.97 521.46 639.35 541.71 549.94 477.18
0132 0.51007479429245 376.30 234.93 443.81 240.46 442.25 259.49 374.74 253.96
0078 0.964548647403717 660.88 121.44 760.36 106.68 763.30 126.49 663.82 141.24
0073 0.557035505771637 427.38 80.32 609.90 225.57 577.77 265.96 395.24 120.70
0073 0.1005769670009613 841.51 -47.73 1097.59 48.04 1069.39 123.44 813.31 27.66
0064 0.7179142236709595 16.98 154.36 218.73 61.69 238.93 105.67 37.19 198.34
0064 0.29178643226623535 2.50 555.70 33.04 538.46 103.34 662.95 72.80 680.20
0064 0.057813141494989395 -57.34 534.04 121.53 677.28 87.94 719.23 -90.93 575.99
0064 0.05312315747141838 812.28 -52.51 845.18 -63.27 905.22 120.25 872.31 131.02
0051 0.46241793036460876 240.62 646.26 281.23 638.57 311.30 797.27 270.69 804.96
0051 0.07864047586917877 622.27 -9.53 846.96 20.62 841.47 61.57 616.77 31.42
0069 0.8968737125396729 425.76 394.43 477.23 433.46 464.00 450.91 412.53 411.87
0069 0.37757787108421326 315.73 658.67 352.37 629.08 452.81 753.46 416.17 783.05
0069 0.16842325031757355 15.31 883.35 246.80 1017.85 217.45 1068.36 -14.04 933.87
0123 0.23443537950515747 647.03 668.45 690.48 644.70 800.41 845.81 756.96 869.56
0123 0.08395633101463318 654.75 371.62 884.87 243.58 910.80 290.17 680.68 418.22
0123 0.06847736239433289 -67.77 -0.27 220.83 52.75 207.50 125.32 -81.10 72.31
0133 0.8134893178939819 640.06 215.11 723.40 291.83 703.60 313.33 620.27 236.61
0079 0.9186477661132812 538.61 62.60 598.65 97.79 587.22 117.28 527.19 82.09
0065 0.7767609357833862 736.12 58.10 794.30 30.15 912.78 276.76 854.60 304.71
0137 0.9297077655792236 563.95 548.94 588.40 548.15 590.94 626.44 566.49 627.23
0137 0.8034683465957642 182.19 954.87 211.25 944.57 239.51 1024.30 210.44 1034.60
0137 0.7674086689949036 309.22 602.94 337.07 593.69 364.59 676.57 336.74 685.82
0070 0.8424140214920044 293.32 873.19 352.49 848.46 358.76 863.46 299.59 888.20
0070 0.6041108965873718 566.88 56.58 649.05 122.03 632.66 142.60 550.49 77.15
0134 0.528218150138855 511.63 657.07 596.83 735.40 578.57 755.26 493.37 676.94
0124 0.12115181982517242 166.15 884.02 265.72 835.49 278.01 860.70 178.44 909.23
0080 0.25272002816200256 644.70 726.92 855.29 597.57 879.26 636.59 668.67 765.94
0080 0.12199220806360245 627.65 252.66 870.44 133.52 897.37 188.41 654.58 307.55
0080 0.11616119742393494 676.72 533.37 848.97 449.67 864.67 481.97 692.42 565.68
0119 0.4406863749027252 650.70 800.58 822.93 734.85 834.59 765.39 662.36 831.12
0075 0.0769735723733902 363.54 798.95 381.85 810.55 341.10 874.80 322.80 863.19
0066 0.6802412271499634 346.47 77.34 402.60 47.75 520.57 271.57 464.45 301.15
0085 0.07400042563676834 37.20 684.88 72.41 682.86 81.57 842.91 46.36 844.93
0135 0.7611088752746582 100.64 279.91 123.83 259.89 185.66 331.49 162.47 351.52
0135 0.4244760572910309 8.17 675.76 38.36 663.02 83.33 769.50 53.14 782.24
0135 0.3520808517932892 660.98 7.49 691.01 -20.85 803.16 98.01 773.13 126.34
0125 0.11873775720596313 210.00 839.31 276.78 837.92 281.39 1060.29 214.60 1061.68
0125 0.10656677186489105 172.79 483.52 259.70 439.22 271.19 461.76 184.28 506.07
0071 0.8523138165473938 425.33 -5.18 480.82 35.79 466.56 55.11 411.07 14.13
0071 0.34657880663871765 16.10 508.05 46.95 479.37 212.32 657.19 181.48 685.87
0076 0.2157132625579834 268.56 529.35 376.65 500.55 381.23 517.72 273.14 546.52
0120 0.8242229223251343 339.10 363.86 468.55 314.94 478.34 340.85 348.89 389.77
0130 0.8765666484832764 796.60 269.61 842.33 251.07 916.32 433.57 870.59 452.11
0142 0.656211256980896 447.71 410.81 650.03 337.89 665.07 379.60 462.75 452.52
0142 0.25509437918663025 456.91 867.63 653.93 797.79 666.57 833.46 469.55 903.30
0142 0.0593588650226593 672.63 347.21 872.33 249.19 893.46 292.23 693.76 390.25
0139 0.21896463632583618 474.22 207.00 491.68 222.57 414.48 309.12 397.03 293.55
0136 0.8770477175712585 818.27 282.30 844.40 271.55 889.00 379.97 862.87 390.72
0126 0.46233755350112915 703.41 580.30 761.95 538.12 774.18 555.08 715.64 597.27
0126 0.12190843373537064 604.10 -3.88 685.25 -3.64 684.52 243.12 603.37 242.88
0086 0.06151890754699707 450.68 273.19 484.76 276.19 470.53 437.51 436.45 434.50
0131 0.8098074197769165 777.41 633.88 841.98 644.98 839.27 660.74 774.70 649.64
0131 0.08063006401062012 993.56 939.44 1047.03 981.47 1036.83 994.45 983.36 952.42
0101 0.8533899188041687 298.73 514.62 324.06 513.47 327.26 584.14 301.93 585.29
0101 0.05190429836511612 996.99 407.86 1013.87 394.24 1049.01 437.80 1032.13 451.42
0147 0.3376586437225342 557.57 692.33 834.63 597.30 851.78 647.29 574.71 742.32
0140 0.32843688130378723 843.54 820.32 1033.08 746.39 1046.25 780.16 856.71 854.09
0172 0.745032012462616 175.91 790.71 192.89 798.31 161.94 867.50 144.96 859.90
0167 0.3585541546344757 368.76 210.34 416.12 230.25 336.29 420.15 288.93 400.25
0163 0.26622429490089417 9.95 934.46 35.46 915.94 99.05 1003.53 73.53 1022.05
0163 0.22006937861442566 393.91 43.78 619.35 245.09 570.08 300.26 344.64 98.96
0163 0.12230388075113297 459.21 -31.21 647.23 156.73 612.00 191.96 423.99 4.02
0109 0.309798926115036 56.77 859.68 147.06 838.14 151.57 857.05 61.29 878.59
0148 0.6580435037612915 157.99 291.63 437.24 193.89 453.32 239.81 174.06 337.55
0148 0.27779534459114075 174.82 763.70 400.24 658.23 418.60 697.47 193.18 802.94
0114 0.1294449269771576 963.06 1004.62 1016.93 1004.94 1016.84 1021.21 962.97 1020.90
0114 0.1279458850622177 818.42 799.51 1038.54 843.56 1030.90 881.75 810.78 837.70
0173 0.16683441400527954 441.51 759.17 480.44 773.03 419.43 944.38 380.50 930.52
0144 0.22091025114059448 57.56 75.84 263.48 -2.90 275.45 28.39 69.52 107.14
0168 0.08109390735626221 -18.12 201.62 31.08 183.27 95.32 355.49 46.12 373.84
0178 0.17196571826934814 701.02 743.56 723.08 760.92 674.24 822.96 652.18 805.59
0164 0.3621049225330353 795.46 511.81 893.76 588.48 875.38 612.05 777.07 535.39
0164 0.0584331639111042 946.87 819.41 1014.95 866.19 997.68 891.32 929.60 844.54
0103 0.7520774006843567 797.95 107.55 827.95 110.16 818.74 215.80 788.74 213.18
0149 0.3794843554496765 53.94 548.00 122.23 576.06 112.80 599.02 44.51 570.96
0174 0.8891870975494385 682.90 391.48 704.89 389.72 711.22 468.87 689.23 470.63
0174 0.8868076801300049 147.53 539.02 169.19 541.52 158.90 630.66 137.24 628.16
0169 0.9247803092002869 948.28 135.69 972.53 135.79 972.15 229.77 947.90 229.67
0115 0.7145856618881226 543.99 522.16 585.76 498.66 689.14 682.39 647.36 705.90
0115 0.07602160423994064 956.90 21.64 976.48 3.98 1038.96 73.24 1019.38 90.91
0106 0.7039680480957031 572.23 75.66 596.72 76.02 595.67 148.13 571.18 147.77
0165 0.13933609426021576 542.70 416.93 608.25 473.61 589.36 495.45 523.81 438.78
0165 0.06680670380592346 392.00 116.87 502.24 184.09 488.58 206.50 378.34 139.28
0175 0.43531057238578796 934.19 140.67 959.31 134.77 978.63 217.03 953.52 222.93
0110 0.48334988951683044 63.70 455.71 140.89 437.23 145.67 457.22 68.48 475.70
0116 0.051188062876462936 103.22 -105.85 285.87 64.70 247.44 105.85 64.79 -64.70
0107 0.675672709941864 63.87 839.87 341.97 754.77 356.06 800.80 77.96 885.90
0166 0.928486704826355 547.86 934.51 572.19 935.06 570.15 1025.23 545.82 1024.68
0166 0.05480103939771652 501.48 942.01 522.17 932.85 572.90 1047.36 552.21 1056.52
0022 0.6235520243644714 550.03 390.21 601.17 351.74 770.58 576.95 719.44 615.42
0176 0.37497594952583313 787.13 360.01 854.08 332.32 861.67 350.68 794.72 378.37
0105 0.8120253682136536 170.11 876.20 193.54 873.87 201.45 953.54 178.02 955.87
0014 0.8963891863822937 631.41 184.97 655.44 182.66 663.38 265.32 639.35 267.63
0171 0.1309150606393814 529.02 166.95 544.76 160.12 569.32 216.68 553.58 223.51
0108 0.43293243646621704 467.78 448.34 734.58 337.11 754.02 383.74 487.23 494.98
0029 0.6500197649002075 830.68 941.03 1051.29 880.90 1063.18 924.52 842.57 984.65
0029 0.2906053960323334 782.13 480.41 1041.27 434.51 1049.33 480.02 790.20 525.92
0029 0.08072172105312347 799.22 937.69 1034.98 991.39 1025.31 1033.86 789.55 980.17
0016 0.34161874651908875 740.18 217.15 848.93 148.45 865.15 174.13 756.40 242.83
0030 0.5423898100852966 829.66 538.75 1057.90 478.84 1069.40 522.67 841.16 582.58
0030 0.31362444162368774 788.47 95.25 1014.70 18.29 1029.65 62.25 803.43 139.22
